S2C17,32.84950348,-83.74113514,s,6/27/2018,2,Wednesday,12:07:58,incident_stopped,2018-06-27_12-07-58_incident_stopped_zone_nb-shoulder.jpg,nb,727.9666667,-43.18705025,nb,shoulder,-1
N1C33,32.92077604,-83.79943309,n,6/27/2018,2,Wednesday,12:13:20,incident_congestion,2018-06-27_12-13-20_incident_congestion_zone_nb-lanes.jpg,nb,733.3333333,-13.74452878,nb,lanes,-1
S1C21,32.86987654,-83.75830175,s,6/27/2018,2,Wednesday,12:13:46,incident_stopped,2018-06-27_12-13-46_incident_stopped_zone_nb-shoulder.jpg,nb,733.7666667,-34.62822647,nb,shoulder,-1
N2C01,32.76613511,-83.71030216,n,6/27/2018,2,Wednesday,12:55:09,incident_stopped,2018-06-27_12-55-09_incident_stopped_zone_nb-shoulder.jpg,nb,775.15,-72.97440738,nb,shoulder,-1
N1C09,32.81772219,-83.72879532,n,6/27/2018,2,Wednesday,13:10:23,incident_stopped,2018-06-27_13-10-23_incident_stopped_zone_nb-shoulder.jpg,nb,790.3833333,-54.56967025,nb,shoulder,-1
N1C21,32.86981764,-83.75767111,n,6/27/2018,2,Wednesday,14:08:20,incident_stopped,2018-06-27_14-08-20_incident_stopped_zone_nb-shoulder.jpg,nb,848.3333333,-34.7310666,nb,shoulder,-1
N2C03,32.78071485,-83.71530658,n,6/27/2018,2,Wednesday,15:39:31,incident_stopped,2018-06-27_15-39-31_incident_stopped_zone_nb-shoulder.jpg,nb,939.5166667,-67.78810628,nb,shoulder,-1
N1C01,32.76613511,-83.71030216,n,6/27/2018,2,Wednesday,16:26:18,incident_stopped,2018-06-27_16-26-18_incident_stopped_zone_nb-shoulder.jpg,nb,986.3,-72.97440738,nb,shoulder,-1
N1C41,32.7558,-83.709193,n,6/27/2018,2,Wednesday,17:15:15,incident_stopped,2018-06-27_17-15-15_incident_stopped_zone_nb-shoulder.jpg,nb,1035.25,-76.37247586,nb,shoulder,-1
S1C32,32.92026721,-83.79963273,s,6/27/2018,2,Wednesday,17:30:29,incident_stopped,2018-06-27_17-30-29_incident_stopped_zone_nb-lanes.jpg,nb,1050.483333,-13.89579256,nb,lanes,-1
N2C03,32.78071485,-83.71530658,n,6/27/2018,2,Wednesday,17:43:16,incident_stopped,2018-06-27_17-43-16_incident_stopped_zone_nb-shoulder.jpg,nb,1063.266667,-67.78810628,nb,shoulder,-1
S2C23,32.8774369,-83.7665846,s,6/27/2018,2,Wednesday,18:03:27,incident_stopped,2018-06-27_18-03-27_incident_stopped_zone_far-shoulder.jpg,nb,1083.45,-31.21570867,far,shoulder,-1
N1C03,32.78071485,-83.71530658,n,6/27/2018,2,Wednesday,18:10:05,incident_stopped,2018-06-27_18-10-05_incident_stopped_zone_nb-shoulder.jpg,nb,1090.083333,-67.78810628,nb,shoulder,-1
N2C08,32.81331958,-83.72706597,n,6/27/2018,2,Wednesday,18:52:51,incident_stopped,2018-06-27_18-52-51_incident_stopped_zone_nb-shoulder.jpg,nb,1132.85,-56.15448649,nb,shoulder,-1
S1C26,32.88776313,-83.77647583,s,6/27/2018,2,Wednesday,18:55:16,incident_stopped,2018-06-27_18-55-16_incident_stopped_zone_nb-shoulder.jpg,nb,1135.266667,-26.77497584,nb,shoulder,-1
N2C01,32.76613511,-83.71030216,n,6/27/2018,2,Wednesday,19:08:13,incident_stopped,2018-06-27_19-08-13_incident_stopped_zone_nb-shoulder.jpg,nb,1148.216667,-72.97440738,nb,shoulder,-1
BIBB-CAM-023,32.82699902,-83.73109564,n,6/27/2018,2,Wednesday,19:56:52,incident_stopped,2018-06-27_19-56-52_incident_stopped_zone_nb-shoulder.jpg,nb,1196.866667,-51.41367576,nb,shoulder,-1
N1C36,32.93748827,-83.80825819,n,6/27/2018,2,Wednesday,19:59:21,incident_stopped,2018-06-27_19-59-21_incident_stopped_zone_nb-lanes.jpg,nb,1199.35,-7.509238214,nb,lanes,-1
N2C32,32.91549987,-83.79665373,n,6/27/2018,2,Wednesday,20:11:04,incident_congestion,2018-06-27_20-11-04_incident_congestion_zone_nb-lanes.jpg,nb,1211.066667,-15.72572861,nb,lanes,-1
N2C40,32.751099,-83.713281,n,6/27/2018,2,Wednesday,20:19:32,incident_stopped,2018-06-27_20-19-32_incident_stopped_zone_near-shoulder.jpg,nb,1219.533333,-77.41345723,near,shoulder,-1
N2C22,32.87317142,-83.76128066,n,6/27/2018,2,Wednesday,20:26:57,incident_stopped,2018-06-27_20-26-57_incident_stopped_zone_nb-shoulder.jpg,nb,1226.95,-33.22037987,nb,shoulder,-1
S1C14,32.83620205,-83.73500536,s,6/27/2018,2,Wednesday,21:29:52,incident_stopped,2018-06-27_21-29-52_incident_stopped_zone_nb-shoulder.jpg,nb,1289.866667,-48.07309629,nb,shoulder,-1
N1C21,32.86981764,-83.75767111,n,6/27/2018,2,Wednesday,21:31:58,incident_stopped,2018-06-27_21-31-58_incident_stopped_zone_nb-shoulder.jpg,nb,1291.966667,-34.7310666,nb,shoulder,-1
S1C21,32.86987654,-83.75830175,s,6/27/2018,2,Wednesday,21:32:15,incident_stopped,2018-06-27_21-32-15_incident_stopped_zone_nb-shoulder.jpg,nb,1292.25,-34.62822647,nb,shoulder,-1
N1C39,32.95177015,-83.81217745,n,6/27/2018,2,Wednesday,22:22:38,incident_stopped,2018-06-27_22-22-38_incident_stopped_zone_ramp-shoulder.jpg,nb,1342.633333,-2.4510298,ramp,shoulder,-1
S2C09,32.81017134,-83.72613824,s,6/27/2018,2,Wednesday,23:10:03,incident_stopped,2018-06-27_23-10-03_incident_stopped_zone_nb-shoulder.jpg,nb,1390.05,-57.24864799,nb,shoulder,-1
S2C11,32.82254015,-83.73046915,s,6/28/2018,3,Thursday,7:14:40,incident_stopped,2018-06-28_07-14-40_incident_stopped_zone_nb-shoulder.jpg,nb,1874.666667,-52.86537408,nb,shoulder,-1
N2C03,32.78071485,-83.71530658,n,6/28/2018,3,Thursday,7:26:18,incident_stopped,2018-06-28_07-26-18_incident_stopped_zone_nb-shoulder.jpg,nb,1886.3,-67.78810628,nb,shoulder,-1
N1C03,32.78071485,-83.71530658,n,6/28/2018,3,Thursday,7:49:04,incident_stopped,2018-06-28_07-49-04_incident_stopped_zone_nb-shoulder.jpg,nb,1909.066667,-67.78810628,nb,shoulder,-1
N1C07,32.80647151,-83.72379194,n,6/28/2018,3,Thursday,8:41:13,incident_stopped,2018-06-28_08-41-13_incident_stopped_zone_ramp-shoulder.jpg,nb,1961.216667,-58.69634095,ramp,shoulder,-1
N1C25,32.88361771,-83.77234944,n,6/28/2018,3,Thursday,8:42:36,incident_stopped,2018-06-28_08-42-36_incident_stopped_zone_ramp-shoulder.jpg,nb,1962.6,-28.57124979,ramp,shoulder,-1
N1C21,32.86981764,-83.75767111,n,6/28/2018,3,Thursday,9:29:25,incident_stopped,2018-06-28_09-29-25_incident_stopped_zone_nb-shoulder.jpg,nb,2009.416667,-34.7310666,nb,shoulder,-1
S1C21,32.86987654,-83.75830175,s,6/28/2018,3,Thursday,9:29:26,incident_stopped,2018-06-28_09-29-26_incident_stopped_zone_nb-shoulder.jpg,nb,2009.433333,-34.62822647,nb,shoulder,-1
N1C03,32.78071485,-83.71530658,n,6/28/2018,3,Thursday,10:04:37,incident_stopped,2018-06-28_10-04-37_incident_stopped_zone_nb-shoulder.jpg,nb,2044.616667,-67.78810628,nb,shoulder,-1
N2C26,32.88798194,-83.77607704,n,6/28/2018,3,Thursday,10:10:25,incident_stopped,2018-06-28_10-10-25_incident_stopped_zone_nb-shoulder.jpg,nb,2050.416667,-26.75233619,nb,shoulder,-1
N2C03,32.78071485,-83.71530658,n,6/28/2018,3,Thursday,10:18:18,incident_stopped,2018-06-28_10-18-18_incident_stopped_zone_nb-shoulder.jpg,nb,2058.3,-67.78810628,nb,shoulder,-1
N1C12,32.83181185,-83.73251121,n,6/28/2018,3,Thursday,10:19:08,incident_stopped,2018-06-28_10-19-08_incident_stopped_zone_ramp-lanes.jpg,nb,2059.133333,-49.75191444,ramp,lanes,-1
BIBB-CAM-030,32.86987654,-83.75830175,s,6/28/2018,3,Thursday,10:50:16,incident_stopped,2018-06-28_10-50-16_incident_stopped_zone_far-shoulder.jpg,nb,2090.266667,-34.62822647,far,shoulder,-1
N1C01,32.76613511,-83.71030216,n,6/28/2018,3,Thursday,11:07:39,incident_stopped,2018-06-28_11-07-39_incident_stopped_zone_nb-shoulder.jpg,nb,2107.65,-72.97440738,nb,shoulder,-1
N1C14,32.83648848,-83.73452853,n,6/28/2018,3,Thursday,12:18:41,incident_stopped,2018-06-28_12-18-41_incident_stopped_zone_ramp-shoulder.jpg,nb,2178.683333,-48.05166032,ramp,shoulder,-1
N2C03,32.78071485,-83.71530658,n,6/28/2018,3,Thursday,12:25:59,incident_stopped,2018-06-28_12-25-59_incident_stopped_zone_nb-shoulder.jpg,nb,2185.983333,-67.78810628,nb,shoulder,-1
S1C21,32.86987654,-83.75830175,s,6/28/2018,3,Thursday,12:30:52,incident_stopped,2018-06-28_12-30-52_incident_stopped_zone_nb-shoulder.jpg,nb,2190.866667,-34.62822647,nb,shoulder,-1
N2C01,32.76613511,-83.71030216,n,6/28/2018,3,Thursday,12:51:38,incident_stopped,2018-06-28_12-51-38_incident_stopped_zone_nb-shoulder.jpg,nb,2211.633333,-72.97440738,nb,shoulder,-1
N1C01,32.76613511,-83.71030216,n,6/28/2018,3,Thursday,12:55:22,incident_stopped,2018-06-28_12-55-22_incident_stopped_zone_nb-shoulder.jpg,nb,2215.366667,-72.97440738,nb,shoulder,-1
N2C11,32.82699902,-83.73109564,n,6/28/2018,3,Thursday,13:02:50,incident_stopped,2018-06-28_13-02-50_incident_stopped_zone_near-shoulder.jpg,nb,2222.833333,-51.41367576,near,shoulder,-1
N2C32,32.91549987,-83.79665373,n,6/28/2018,3,Thursday,13:33:29,incident_congestion,2018-06-28_13-33-29_incident_congestion_zone_nb-lanes.jpg,nb,2253.483333,-15.72572861,nb,lanes,-1
N2C03,32.78071485,-83.71530658,n,6/28/2018,3,Thursday,14:04:44,incident_congestion,2018-06-28_14-04-44_incident_congestion_zone_nb-lanes.jpg,nb,2284.733333,-67.78810628,nb,lanes,-1
N1C04,32.7850913,-83.71806273,n,6/28/2018,3,Thursday,14:05:08,incident_congestion,2018-06-28_14-05-08_incident_congestion_zone_nb-lanes.jpg,nb,2285.133333,-66.07987571,nb,lanes,-1
N1C11,32.82699902,-83.73109564,n,6/28/2018,3,Thursday,14:07:57,incident_stopped,2018-06-28_14-07-57_incident_stopped_zone_nb-shoulder.jpg,nb,2287.95,-51.41367576,nb,shoulder,-1
N2C42,32.759892,-83.709757,n,6/28/2018,3,Thursday,14:16:23,incident_stopped,2018-06-28_14-16-23_incident_stopped_zone_nb-shoulder.jpg,nb,2296.383333,-75.01044884,nb,shoulder,-1
BIBB-CAM-013,32.77567367,-83.7128245,s,6/28/2018,3,Thursday,14:19:28,incident_stopped,2018-06-28_14-19-28_incident_stopped_zone_nb-shoulder.jpg,nb,2299.466667,-69.6715058,nb,shoulder,-1
N1C21,32.86981764,-83.75767111,n,6/28/2018,3,Thursday,14:33:38,incident_stopped,2018-06-28_14-33-38_incident_stopped_zone_nb-shoulder.jpg,nb,2313.633333,-34.7310666,nb,shoulder,-1
N2C40,32.751099,-83.713281,n,6/28/2018,3,Thursday,14:49:23,incident_stopped,2018-06-28_14-49-23_incident_stopped_zone_near-lanes.jpg,nb,2329.383333,-77.41345723,near,lanes,-1
N1C40,32.751099,-83.713281,n,6/28/2018,3,Thursday,14:49:24,incident_stopped,2018-06-28_14-49-24_incident_stopped_zone_nb-shoulder.jpg,nb,2329.4,-77.41345723,nb,shoulder,-1
N2C03,32.78071485,-83.71530658,n,6/28/2018,3,Thursday,15:04:50,incident_stopped,2018-06-28_15-04-50_incident_stopped_zone_nb-shoulder.jpg,nb,2344.833333,-67.78810628,nb,shoulder,-1
BIBB-CAM-027,32.85953942,-83.7465392,n,6/28/2018,3,Thursday,16:05:20,incident_stopped,2018-06-28_16-05-20_incident_stopped_zone_nb-shoulder.jpg,nb,2405.333333,-39.39570165,nb,shoulder,-1
S2C12,32.82694969,-83.73158785,s,6/28/2018,3,Thursday,17:03:50,incident_stopped,2018-06-28_17-03-50_incident_stopped_zone_nb-shoulder.jpg,nb,2463.833333,-51.36261191,nb,shoulder,-1
N2C03,32.78071485,-83.71530658,n,6/28/2018,3,Thursday,17:15:43,incident_stopped,2018-06-28_17-15-43_incident_stopped_zone_nb-shoulder.jpg,nb,2475.716667,-67.78810628,nb,shoulder,-1
N1C11,32.82699902,-83.73109564,n,6/28/2018,3,Thursday,17:24:08,incident_stopped,2018-06-28_17-24-08_incident_stopped_zone_nb-shoulder.jpg,nb,2484.133333,-51.41367576,nb,shoulder,-1
N1C21,32.86981764,-83.75767111,n,6/28/2018,3,Thursday,17:26:46,incident_stopped,2018-06-28_17-26-46_incident_stopped_zone_nb-shoulder.jpg,nb,2486.766667,-34.7310666,nb,shoulder,-1
N2C33,32.92077604,-83.79943309,n,6/28/2018,3,Thursday,18:03:27,incident_stopped,2018-06-28_18-03-27_incident_stopped_zone_nb-shoulder.jpg,nb,2523.45,-13.74452878,nb,shoulder,-1
BIBB-CAM-014,32.7850913,-83.71806273,n,6/28/2018,3,Thursday,19:15:39,incident_stopped,2018-06-28_19-15-39_incident_stopped_zone_nb-shoulder.jpg,nb,2595.65,-66.07987571,nb,shoulder,-1
BIBB-CAM-031,32.87958032,-83.76886573,s,6/28/2018,3,Thursday,19:25:28,incident_stopped,2018-06-28_19-25-28_incident_stopped_zone_nb-lanes.jpg,nb,2605.466667,-30.26227087,nb,lanes,-1
N2C01,32.76613511,-83.71030216,n,6/28/2018,3,Thursday,19:39:34,incident_stopped,2018-06-28_19-39-34_incident_stopped_zone_nb-shoulder.jpg,nb,2619.566667,-72.97440738,nb,shoulder,-1
N2C33,32.92077604,-83.79943309,n,6/28/2018,3,Thursday,19:48:03,incident_stopped,2018-06-28_19-48-03_incident_stopped_zone_nb-shoulder.jpg,nb,2628.05,-13.74452878,nb,shoulder,-1
N1C13,32.8332442,-83.73284142,n,6/28/2018,3,Thursday,22:48:22,incident_stopped,2018-06-28_22-48-22_incident_stopped_zone_nb-shoulder.jpg,nb,2808.366667,-49.27056404,nb,shoulder,-1
S2C13,32.831725,-83.73297366,s,6/28/2018,3,Thursday,22:48:24,incident_stopped,2018-06-28_22-48-24_incident_stopped_zone_nb-shoulder.jpg,nb,2808.4,-49.71525632,nb,shoulder,-1
S2C17,32.84950348,-83.74113514,s,6/29/2018,4,Friday,0:24:55,incident_stopped,2018-06-29_00-24-55_incident_stopped_zone_nb-shoulder.jpg,nb,2904.916667,-43.18705025,nb,shoulder,-1
BIBB-CAM-033,32.89075559,-83.77887713,s,6/29/2018,4,Friday,3:44:53,incident_stopped,2018-06-29_03-44-53_incident_stopped_zone_nb-shoulder.jpg,nb,3104.883333,-25.54978527,nb,shoulder,-1
S1C09,32.81017134,-83.72613824,s,6/29/2018,4,Friday,4:11:49,incident_stopped,2018-06-29_04-11-49_incident_stopped_zone_nb-shoulder.jpg,nb,3131.816667,-57.24864799,nb,shoulder,-1
BIBB-CAM-030,32.86987654,-83.75830175,s,6/29/2018,4,Friday,5:45:42,incident_stopped,2018-06-29_05-45-42_incident_stopped_zone_far-shoulder.jpg,nb,3225.7,-34.62822647,far,shoulder,-1
S1C21,32.86987654,-83.75830175,s,6/29/2018,4,Friday,6:02:11,incident_stopped,2018-06-29_06-02-11_incident_stopped_zone_nb-shoulder.jpg,nb,3242.183333,-34.62822647,nb,shoulder,-1
N1C14,32.83648848,-83.73452853,n,6/29/2018,4,Friday,7:11:12,incident_stopped,2018-06-29_07-11-12_incident_stopped_zone_ramp-shoulder.jpg,nb,3311.2,-48.05166032,ramp,shoulder,-1
N2C01,32.76613511,-83.71030216,n,6/29/2018,4,Friday,7:25:16,incident_stopped,2018-06-29_07-25-16_incident_stopped_zone_nb-shoulder.jpg,nb,3325.266667,-72.97440738,nb,shoulder,-1
S1C28,32.90013203,-83.7863588,s,6/29/2018,4,Friday,8:34:52,incident_stopped,2018-06-29_08-34-52_incident_stopped_zone_nb-shoulder.jpg,nb,3394.866667,-21.73107036,nb,shoulder,-1
S1C27,32.89654773,-83.78351592,s,6/29/2018,4,Friday,8:34:56,incident_stopped,2018-06-29_08-34-56_incident_stopped_zone_nb-shoulder.jpg,nb,3394.933333,-23.1858178,nb,shoulder,-1
N1C29,32.89985331,-83.78559794,n,6/29/2018,4,Friday,8:34:57,incident_stopped,2018-06-29_08-34-57_incident_stopped_zone_nb-shoulder.jpg,nb,3394.95,-21.901237,nb,shoulder,-1
N1C23,32.87756847,-83.76599732,n,6/29/2018,4,Friday,9:03:02,incident_stopped,2018-06-29_09-03-02_incident_stopped_zone_nb-shoulder.jpg,nb,3423.033333,-31.24939169,nb,shoulder,-1
N2C01,32.76613511,-83.71030216,n,6/29/2018,4,Friday,9:06:09,incident_stopped,2018-06-29_09-06-09_incident_stopped_zone_nb-shoulder.jpg,nb,3426.15,-72.97440738,nb,shoulder,-1
N1C01,32.76613511,-83.71030216,n,6/29/2018,4,Friday,9:06:22,incident_stopped,2018-06-29_09-06-22_incident_stopped_zone_nb-shoulder.jpg,nb,3426.366667,-72.97440738,nb,shoulder,-1
N2C40,32.751099,-83.713281,n,6/29/2018,4,Friday,9:11:22,incident_stopped,2018-06-29_09-11-22_incident_stopped_zone_near-shoulder.jpg,nb,3431.366667,-77.41345723,near,shoulder,-1
S1C21,32.86987654,-83.75830175,s,6/29/2018,4,Friday,9:24:13,incident_stopped,2018-06-29_09-24-13_incident_stopped_zone_nb-shoulder.jpg,nb,3444.216667,-34.62822647,nb,shoulder,-1
N2C03,32.78071485,-83.71530658,n,6/29/2018,4,Friday,9:27:35,incident_stopped,2018-06-29_09-27-35_incident_stopped_zone_nb-shoulder.jpg,nb,3447.583333,-67.78810628,nb,shoulder,-1
N1C21,32.86981764,-83.75767111,n,6/29/2018,4,Friday,9:28:23,incident_stopped,2018-06-29_09-28-23_incident_stopped_zone_nb-shoulder.jpg,nb,3448.383333,-34.7310666,nb,shoulder,-1
S1C30,32.91200591,-83.79524157,s,6/29/2018,4,Friday,9:29:58,incident_stopped,2018-06-29_09-29-58_incident_stopped_zone_nb-shoulder.jpg,nb,3449.966667,-17.00028257,nb,shoulder,-1
S2C14,32.83620205,-83.73500536,s,6/29/2018,4,Friday,9:34:59,incident_stopped,2018-06-29_09-34-59_incident_stopped_zone_far-shoulder.jpg,nb,3454.983333,-48.07309629,far,shoulder,-1
N2C14,32.83648848,-83.73452853,n,6/29/2018,4,Friday,9:34:59,incident_stopped,2018-06-29_09-34-59_incident_stopped_zone_nb-shoulder.jpg,nb,3454.983333,-48.05166032,nb,shoulder,-1
N1C14,32.83648848,-83.73452853,n,6/29/2018,4,Friday,9:34:59,incident_stopped,2018-06-29_09-34-59_incident_stopped_zone_ramp-shoulder.jpg,nb,3454.983333,-48.05166032,ramp,shoulder,-1
BIBB-CAM-030,32.86987654,-83.75830175,s,6/29/2018,4,Friday,9:42:47,incident_stopped,2018-06-29_09-42-47_incident_stopped_zone_far-shoulder.jpg,nb,3462.783333,-34.62822647,far,shoulder,-1
BIBB-CAM-009,32.76613511,-83.71030216,n,6/29/2018,4,Friday,10:14:41,incident_stopped,2018-06-29_10-14-41_incident_stopped.jpg,nb,3494.683333,-72.97440738,,,-1
N2C01,32.76613511,-83.71030216,n,6/29/2018,4,Friday,10:51:35,incident_stopped,2018-06-29_10-51-35_incident_stopped_zone_nb-shoulder.jpg,nb,3531.583333,-72.97440738,nb,shoulder,-1
N1C21,32.86981764,-83.75767111,n,6/29/2018,4,Friday,11:17:34,incident_stopped,2018-06-29_11-17-34_incident_stopped_zone_nb-shoulder.jpg,nb,3557.566667,-34.7310666,nb,shoulder,-1
N1C16,32.84577945,-83.73888874,n,6/29/2018,4,Friday,11:18:49,incident_stopped,2018-06-29_11-18-49_incident_stopped_zone_near-shoulder.jpg,nb,3558.816667,-44.6283787,near,shoulder,-1
S1C16,32.84561646,-83.73933607,s,6/29/2018,4,Friday,11:18:52,incident_stopped,2018-06-29_11-18-52_incident_stopped_zone_nb-shoulder.jpg,nb,3558.866667,-44.61500342,nb,shoulder,-1
N2C03,32.78071485,-83.71530658,n,6/29/2018,4,Friday,11:25:50,incident_stopped,2018-06-29_11-25-50_incident_stopped_zone_nb-shoulder.jpg,nb,3565.833333,-67.78810628,nb,shoulder,-1
N2C33,32.92077604,-83.79943309,n,6/29/2018,4,Friday,11:38:37,incident_stopped,2018-06-29_11-38-37_incident_stopped_zone_nb-shoulder.jpg,nb,3578.616667,-13.74452878,nb,shoulder,-1
S1C21,32.86987654,-83.75830175,s,6/29/2018,4,Friday,12:18:39,incident_stopped,2018-06-29_12-18-39_incident_stopped_zone_nb-shoulder.jpg,nb,3618.65,-34.62822647,nb,shoulder,-1
BIBB-CAM-030,32.86987654,-83.75830175,s,6/29/2018,4,Friday,12:37:39,incident_stopped,2018-06-29_12-37-39_incident_stopped_zone_far-shoulder.jpg,nb,3637.65,-34.62822647,far,shoulder,-1
S1C16,32.84561646,-83.73933607,s,6/29/2018,4,Friday,12:49:02,incident_stopped,2018-06-29_12-49-02_incident_stopped_zone_nb-shoulder.jpg,nb,3649.033333,-44.61500342,nb,shoulder,-1
S2C17,32.84950348,-83.74113514,s,6/29/2018,4,Friday,13:01:07,incident_stopped,2018-06-29_13-01-07_incident_stopped_zone_nb-shoulder.jpg,nb,3661.116667,-43.18705025,nb,shoulder,-1
BIBB-CAM-032,32.88240434,-83.7719413,s,6/29/2018,4,Friday,13:34:25,incident_stopped,2018-06-29_13-34-25_incident_stopped_zone_nb-shoulder.jpg,nb,3694.416667,-29.00171497,nb,shoulder,-1
S1C21,32.86987654,-83.75830175,s,6/29/2018,4,Friday,13:40:21,incident_stopped,2018-06-29_13-40-21_incident_stopped_zone_nb-shoulder.jpg,nb,3700.35,-34.62822647,nb,shoulder,-1
N1C17,32.84958885,-83.74065988,n,6/29/2018,4,Friday,14:05:54,incident_stopped,2018-06-29_14-05-54_incident_stopped_zone_nb-shoulder.jpg,nb,3725.9,-43.22840936,nb,shoulder,-1
N1C26,32.88798194,-83.77607704,n,6/29/2018,4,Friday,14:46:11,incident_stopped,2018-06-29_14-46-11_incident_stopped_zone_nb-shoulder.jpg,nb,3766.183333,-26.75233619,nb,shoulder,-1
N1C33,32.92077604,-83.79943309,n,6/29/2018,4,Friday,15:04:53,incident_congestion,2018-06-29_15-04-53_incident_congestion_zone_nb-lanes.jpg,nb,3784.883333,-13.74452878,nb,lanes,-1
N1C39,32.95177015,-83.81217745,n,6/29/2018,4,Friday,15:24:28,incident_stopped,2018-06-29_15-24-28_incident_stopped_zone_ramp-shoulder.jpg,nb,3804.466667,-2.4510298,ramp,shoulder,-1
BIBB-CAM-022,32.82254015,-83.73046915,s,6/29/2018,4,Friday,15:27:01,incident_stopped,2018-06-29_15-27-01_incident_stopped_zone_nb-shoulder.jpg,nb,3807.016667,-52.86537408,nb,shoulder,-1
N1C03,32.78071485,-83.71530658,n,6/29/2018,4,Friday,15:30:21,incident_stopped,2018-06-29_15-30-21_incident_stopped_zone_nb-shoulder.jpg,nb,3810.35,-67.78810628,nb,shoulder,-1
N1C21,32.86981764,-83.75767111,n,6/29/2018,4,Friday,15:34:30,incident_stopped,2018-06-29_15-34-30_incident_stopped_zone_nb-shoulder.jpg,nb,3814.5,-34.7310666,nb,shoulder,-1
N2C03,32.78071485,-83.71530658,n,6/29/2018,4,Friday,15:47:09,incident_stopped,2018-06-29_15-47-09_incident_stopped_zone_nb-shoulder.jpg,nb,3827.15,-67.78810628,nb,shoulder,-1
N2C03,32.78071485,-83.71530658,n,6/29/2018,4,Friday,15:50:32,incident_congestion,2018-06-29_15-50-32_incident_congestion_zone_nb-lanes.jpg,nb,3830.533333,-67.78810628,nb,lanes,-1
N2C01,32.76613511,-83.71030216,n,6/29/2018,4,Friday,15:52:52,incident_stopped,2018-06-29_15-52-52_incident_stopped_zone_nb-shoulder.jpg,nb,3832.866667,-72.97440738,nb,shoulder,-1
S1C15,32.84057153,-83.73697533,s,6/29/2018,4,Friday,16:50:23,incident_stopped,2018-06-29_16-50-23_incident_stopped_zone_nb-shoulder.jpg,nb,3890.383333,-46.47309774,nb,shoulder,-1
S2C11,32.82254015,-83.73046915,s,6/29/2018,4,Friday,17:19:56,incident_congestion,2018-06-29_17-19-56_incident_congestion_zone_nb-lanes.jpg,nb,3919.933333,-52.86537408,nb,lanes,-1
N1C03,32.78071485,-83.71530658,n,6/29/2018,4,Friday,17:20:15,incident_stopped,2018-06-29_17-20-15_incident_stopped_zone_nb-shoulder.jpg,nb,3920.25,-67.78810628,nb,shoulder,-1
S1C04,32.78488999,-83.71869237,s,6/29/2018,4,Friday,17:33:54,incident_stopped,2018-06-29_17-33-54_incident_stopped_zone_nb-shoulder.jpg,nb,3933.9,-66.06682308,nb,shoulder,-1
N2C02,32.76990531,-83.71029631,n,6/29/2018,4,Friday,17:38:31,incident_stopped,2018-06-29_17-38-31_incident_stopped_zone_nb-shoulder.jpg,nb,3938.516667,-71.78891913,nb,shoulder,-1
N2C40,32.751099,-83.713281,n,6/29/2018,4,Friday,17:49:50,incident_stopped,2018-06-29_17-49-50_incident_stopped_zone_near-shoulder.jpg,nb,3949.833333,-77.41345723,near,shoulder,-1
N1C19,32.85953942,-83.7465392,n,6/29/2018,4,Friday,17:54:00,incident_stopped,2018-06-29_17-54-00_incident_stopped_zone_nb-shoulder.jpg,nb,3954,-39.39570165,nb,shoulder,-1
N1C07,32.80647151,-83.72379194,n,6/29/2018,4,Friday,18:07:53,incident_stopped,2018-06-29_18-07-53_incident_stopped_zone_ramp-shoulder.jpg,nb,3967.883333,-58.69634095,ramp,shoulder,-1
N2C01,32.76613511,-83.71030216,n,6/29/2018,4,Friday,18:29:13,incident_stopped,2018-06-29_18-29-13_incident_stopped_zone_nb-shoulder.jpg,nb,3989.216667,-72.97440738,nb,shoulder,-1
N1C01,32.76613511,-83.71030216,n,6/29/2018,4,Friday,18:29:16,incident_stopped,2018-06-29_18-29-16_incident_stopped_zone_nb-shoulder.jpg,nb,3989.266667,-72.97440738,nb,shoulder,-1
S1C15,32.84057153,-83.73697533,s,6/29/2018,4,Friday,18:29:58,incident_stopped,2018-06-29_18-29-58_incident_stopped_zone_nb-shoulder.jpg,nb,3989.966667,-46.47309774,nb,shoulder,-1
S1C31,32.91536047,-83.79703412,s,6/29/2018,4,Friday,19:21:58,incident_stopped,2018-06-29_19-21-58_incident_stopped_zone_nb-shoulder.jpg,nb,4041.966667,-15.73785658,nb,shoulder,-1
N2C33,32.92077604,-83.79943309,n,6/29/2018,4,Friday,19:35:00,incident_stopped,2018-06-29_19-35-00_incident_stopped_zone_nb-shoulder.jpg,nb,4055,-13.74452878,nb,shoulder,-1
BIBB-CAM-031,32.87958032,-83.76886573,s,6/29/2018,4,Friday,23:53:58,incident_stopped,2018-06-29_23-53-58_incident_stopped_zone_nb-shoulder.jpg,nb,4313.966667,-30.26227087,nb,shoulder,-1
N1C08,32.81331958,-83.72706597,n,6/30/2018,5,Saturday,0:40:40,incident_stopped,2018-06-30_00-40-40_incident_stopped_zone_ramp-shoulder.jpg,nb,4360.666667,-56.15448649,ramp,shoulder,-1
N1C23,32.87756847,-83.76599732,n,6/30/2018,5,Saturday,1:37:41,incident_stopped,2018-06-30_01-37-41_incident_stopped_zone_nb-shoulder.jpg,nb,4417.683333,-31.24939169,nb,shoulder,-1
N1C03,32.78071485,-83.71530658,n,6/30/2018,5,Saturday,3:03:29,incident_stopped,2018-06-30_03-03-29_incident_stopped_zone_nb-shoulder.jpg,nb,4503.483333,-67.78810628,nb,shoulder,-1
N1C07,32.80647151,-83.72379194,n,6/30/2018,5,Saturday,4:49:51,incident_stopped,2018-06-30_04-49-51_incident_stopped_zone_ramp-shoulder.jpg,nb,4609.85,-58.69634095,ramp,shoulder,-1
N2C01,32.76613511,-83.71030216,n,6/30/2018,5,Saturday,6:29:14,incident_stopped,2018-06-30_06-29-14_incident_stopped_zone_nb-shoulder.jpg,nb,4709.233333,-72.97440738,nb,shoulder,-1
N1C01,32.76613511,-83.71030216,n,6/30/2018,5,Saturday,7:54:23,incident_stopped,2018-06-30_07-54-23_incident_stopped_zone_nb-shoulder.jpg,nb,4794.383333,-72.97440738,nb,shoulder,-1
S2C11,32.82254015,-83.73046915,s,6/30/2018,5,Saturday,8:13:47,incident_stopped,2018-06-30_08-13-47_incident_stopped_zone_nb-shoulder.jpg,nb,4813.783333,-52.86537408,nb,shoulder,-1
N2C39,32.95177015,-83.81217745,n,6/30/2018,5,Saturday,8:59:10,incident_stopped,2018-06-30_08-59-10_incident_stopped_zone_near-shoulder.jpg,nb,4859.166667,-2.4510298,near,shoulder,-1
N2C33,32.92077604,-83.79943309,n,6/30/2018,5,Saturday,9:13:00,incident_stopped,2018-06-30_09-13-00_incident_stopped_zone_nb-shoulder.jpg,nb,4873,-13.74452878,nb,shoulder,-1
S1C30,32.91200591,-83.79524157,s,6/30/2018,5,Saturday,9:30:56,incident_stopped,2018-06-30_09-30-56_incident_stopped_zone_nb-lanes.jpg,nb,4890.933333,-17.00028257,nb,lanes,-1
N2C01,32.76613511,-83.71030216,n,6/30/2018,5,Saturday,9:38:43,incident_stopped,2018-06-30_09-38-43_incident_stopped_zone_nb-shoulder.jpg,nb,4898.716667,-72.97440738,nb,shoulder,-1
N1C16,32.84577945,-83.73888874,n,6/30/2018,5,Saturday,9:59:21,incident_stopped,2018-06-30_09-59-21_incident_stopped_zone_near-shoulder.jpg,nb,4919.35,-44.6283787,near,shoulder,-1
N2C03,32.78071485,-83.71530658,n,6/30/2018,5,Saturday,10:43:38,incident_stopped,2018-06-30_10-43-38_incident_stopped_zone_nb-shoulder.jpg,nb,4963.633333,-67.78810628,nb,shoulder,-1
BIBB-CAM-026,32.84958885,-83.74065988,n,6/30/2018,5,Saturday,11:21:31,incident_congestion,2018-06-30_11-21-31_incident_congestion_zone_nb-lanes.jpg,nb,5001.516667,-43.22840936,nb,lanes,-1
S1C09,32.81017134,-83.72613824,s,6/30/2018,5,Saturday,11:59:46,incident_stopped,2018-06-30_11-59-46_incident_stopped_zone_nb-shoulder.jpg,nb,5039.766667,-57.24864799,nb,shoulder,-1
N2C01,32.76613511,-83.71030216,n,6/30/2018,5,Saturday,12:35:00,incident_stopped,2018-06-30_12-35-00_incident_stopped_zone_nb-shoulder.jpg,nb,5075,-72.97440738,nb,shoulder,-1
N1C01,32.76613511,-83.71030216,n,6/30/2018,5,Saturday,12:35:07,incident_stopped,2018-06-30_12-35-07_incident_stopped_zone_nb-shoulder.jpg,nb,5075.116667,-72.97440738,nb,shoulder,-1
BIBB-CAM-014,32.7850913,-83.71806273,n,6/30/2018,5,Saturday,13:02:12,incident_stopped,2018-06-30_13-02-12_incident_stopped_zone_nb-shoulder.jpg,nb,5102.2,-66.07987571,nb,shoulder,-1
N1C33,32.92077604,-83.79943309,n,6/30/2018,5,Saturday,13:50:21,incident_congestion,2018-06-30_13-50-21_incident_congestion_zone_nb-lanes.jpg,nb,5150.35,-13.74452878,nb,lanes,-1
S1C27,32.89654773,-83.78351592,s,6/30/2018,5,Saturday,14:16:21,incident_stopped,2018-06-30_14-16-21_incident_stopped_zone_nb-shoulder.jpg,nb,5176.35,-23.1858178,nb,shoulder,-1
BIBB-CAM-036,32.91536047,-83.79703412,s,6/30/2018,5,Saturday,14:16:52,incident_stopped,2018-06-30_14-16-52_incident_stopped_zone_far-shoulder.jpg,nb,5176.866667,-15.73785658,far,shoulder,-1
N1C36,32.93748827,-83.80825819,n,6/30/2018,5,Saturday,14:29:35,incident_congestion,2018-06-30_14-29-35_incident_congestion_zone_nb-lanes.jpg,nb,5189.583333,-7.509238214,nb,lanes,-1
BIBB-CAM-039,32.94243524,-83.81127376,s,6/30/2018,5,Saturday,14:33:39,incident_congestion,2018-06-30_14-33-39_incident_congestion_zone_nb-lanes.jpg,nb,5193.65,-5.683345579,nb,lanes,-1
S2C38,32.95157525,-83.81265346,s,6/30/2018,5,Saturday,14:41:33,incident_slow,2018-06-30_14-41-33_incident_slow_zone_north-lanes.jpg,nb,5201.55,-2.501382112,north,lanes,-1
N3C39,32.95177015,-83.81217745,n,6/30/2018,5,Saturday,14:41:34,incident_slow,2018-06-30_14-41-34_incident_slow_zone_nb-lanes.jpg,nb,5201.566667,-2.4510298,nb,lanes,-1
N1C35,32.9352368,-83.80703912,n,6/30/2018,5,Saturday,14:41:38,incident_congestion,2018-06-30_14-41-38_incident_congestion_zone_nb-lanes.jpg,nb,5201.633333,-8.344182952,nb,lanes,-1
N1C35,32.9352368,-83.80703912,n,6/30/2018,5,Saturday,14:43:36,incident_slow,2018-06-30_14-43-36_incident_slow_zone_nb-lanes.jpg,nb,5203.6,-8.344182952,nb,lanes,-1
S1C34,32.93499248,-83.80738753,s,6/30/2018,5,Saturday,14:43:37,incident_slow,2018-06-30_14-43-37_incident_slow_zone_far-lanes.jpg,nb,5203.616667,-8.404850441,far,lanes,-1
BIBB-CAM-038,32.93499248,-83.80738753,s,6/30/2018,5,Saturday,14:43:39,incident_slow,2018-06-30_14-43-39_incident_slow_zone_far-lanes.jpg,nb,5203.65,-8.404850441,far,lanes,-1
BIBB-CAM-040,32.9482814,-83.81282733,s,6/30/2018,5,Saturday,14:48:04,incident_congestion,2018-06-30_14-48-04_incident_congestion_zone_far-lanes.jpg,nb,5208.066667,-3.633302007,far,lanes,-1
N3C38,32.94876151,-83.81228301,n,6/30/2018,5,Saturday,14:49:35,incident_slow,2018-06-30_14-49-35_incident_slow_zone_nb-lanes.jpg,nb,5209.583333,-3.479229064,nb,lanes,-1
BIBB-CAM-038,32.93499248,-83.80738753,s,6/30/2018,5,Saturday,14:51:47,incident_congestion,2018-06-30_14-51-47_incident_congestion_zone_far-lanes.jpg,nb,5211.783333,-8.404850441,far,lanes,-1
N1C06,32.79465366,-83.72010538,n,6/30/2018,5,Saturday,14:54:37,incident_stopped,2018-06-30_14-54-37_incident_stopped_zone_nb-shoulder.jpg,nb,5214.616667,-62.83684554,nb,shoulder,-1
N2C33,32.92077604,-83.79943309,n,6/30/2018,5,Saturday,14:56:37,incident_congestion,2018-06-30_14-56-37_incident_congestion_zone_nb-lanes.jpg,nb,5216.616667,-13.74452878,nb,lanes,-1
S2C33,32.92513731,-83.80220611,s,6/30/2018,5,Saturday,15:00:38,incident_slow,2018-06-30_15-00-38_incident_slow_zone_nb-lanes.jpg,nb,5220.633333,-12.07189332,nb,lanes,1
S2C33,32.92513731,-83.80220611,s,6/30/2018,5,Saturday,15:01:06,incident_congestion,2018-06-30_15-01-06_incident_congestion_zone_nb-lanes.jpg,nb,5221.1,-12.07189332,nb,lanes,1
S1C33,32.92513731,-83.80220611,s,6/30/2018,5,Saturday,15:01:36,incident_slow,2018-06-30_15-01-36_incident_slow_zone_nb-lanes.jpg,nb,5221.6,-12.07189332,nb,lanes,1
S1C32,32.92026721,-83.79963273,s,6/30/2018,5,Saturday,15:01:38,incident_slow,2018-06-30_15-01-38_incident_slow_zone_nb-lanes.jpg,nb,5221.633333,-13.89579256,nb,lanes,1
BIBB-CAM-037,32.92513731,-83.80220611,s,6/30/2018,5,Saturday,15:02:39,incident_slow,2018-06-30_15-02-39_incident_slow_zone_nb-lanes.jpg,nb,5222.65,-12.07189332,nb,lanes,1
N1C34,32.92528961,-83.80175935,n,6/30/2018,5,Saturday,15:02:54,incident_congestion,2018-06-30_15-02-54_incident_congestion_zone_nb-lanes.jpg,nb,5222.9,-12.05695807,nb,lanes,1
S1C31,32.91536047,-83.79703412,s,6/30/2018,5,Saturday,15:03:17,incident_congestion,2018-06-30_15-03-17_incident_congestion_zone_nb-lanes.jpg,nb,5223.283333,-15.73785658,nb,lanes,1
S1C32,32.92026721,-83.79963273,s,6/30/2018,5,Saturday,15:03:23,incident_congestion,2018-06-30_15-03-23_incident_congestion_zone_nb-lanes.jpg,nb,5223.383333,-13.89579256,nb,lanes,1
S1C30,32.91200591,-83.79524157,s,6/30/2018,5,Saturday,15:04:17,incident_congestion,2018-06-30_15-04-17_incident_congestion_zone_nb-lanes.jpg,nb,5224.283333,-17.00028257,nb,lanes,1
N2C32,32.91549987,-83.79665373,n,6/30/2018,5,Saturday,15:07:21,incident_congestion,2018-06-30_15-07-21_incident_congestion_zone_nb-lanes.jpg,nb,5227.35,-15.72572861,nb,lanes,1
N2C33,32.92077604,-83.79943309,n,6/30/2018,5,Saturday,15:07:35,incident_slow,2018-06-30_15-07-35_incident_slow_zone_nb-lanes.jpg,nb,5227.583333,-13.74452878,nb,lanes,1
N1C33,32.92077604,-83.79943309,n,6/30/2018,5,Saturday,15:08:35,incident_slow,2018-06-30_15-08-35_incident_slow_zone_nb-lanes.jpg,nb,5228.583333,-13.74452878,nb,lanes,1
S1C31,32.91536047,-83.79703412,s,6/30/2018,5,Saturday,15:09:37,incident_slow,2018-06-30_15-09-37_incident_slow_zone_nb-lanes.jpg,nb,5229.616667,-15.73785658,nb,lanes,1
S1C30,32.91200591,-83.79524157,s,6/30/2018,5,Saturday,15:10:38,incident_slow,2018-06-30_15-10-38_incident_slow_zone_nb-lanes.jpg,nb,5230.633333,-17.00028257,nb,lanes,1
S1C30,32.91200591,-83.79524157,s,6/30/2018,5,Saturday,15:11:11,incident_stopped,2018-06-30_15-11-11_incident_stopped_zone_nb-shoulder.jpg,nb,5231.183333,-17.00028257,nb,shoulder,1
N1C14,32.83648848,-83.73452853,n,6/30/2018,5,Saturday,15:12:11,incident_stopped,2018-06-30_15-12-11_incident_stopped_zone_ramp-shoulder.jpg,nb,5232.183333,-48.05166032,ramp,shoulder,-1
BIBB-CAM-036,32.91536047,-83.79703412,s,6/30/2018,5,Saturday,15:14:00,incident_congestion,2018-06-30_15-14-00_incident_congestion_zone_far-lanes.jpg,nb,5234,-15.73785658,far,lanes,-1
BIBB-CAM-036,32.91536047,-83.79703412,s,6/30/2018,5,Saturday,15:16:39,incident_slow,2018-06-30_15-16-39_incident_slow_zone_far-lanes.jpg,nb,5236.65,-15.73785658,far,lanes,-1
N1C30,32.90369996,-83.788703,n,6/30/2018,5,Saturday,15:18:22,incident_congestion,2018-06-30_15-18-22_incident_congestion_zone_nb-lanes.jpg,nb,5238.366667,-20.33695357,nb,lanes,-1
S1C34,32.93499248,-83.80738753,s,6/30/2018,5,Saturday,15:23:27,incident_congestion,2018-06-30_15-23-27_incident_congestion_zone_far-lanes.jpg,nb,5243.45,-8.404850441,far,lanes,-1
BIBB-CAM-037,32.92513731,-83.80220611,s,6/30/2018,5,Saturday,15:25:17,incident_congestion,2018-06-30_15-25-17_incident_congestion_zone_nb-lanes.jpg,nb,5245.283333,-12.07189332,nb,lanes,-1
N3C02,32.76990531,-83.71029631,n,6/30/2018,5,Saturday,15:30:18,incident_stopped,2018-06-30_15-30-18_incident_stopped_zone_nb-shoulder.jpg,nb,5250.3,-71.78891913,nb,shoulder,-1
BIBB-CAM-035,32.90737428,-83.79168212,s,6/30/2018,5,Saturday,15:34:39,incident_slow,2018-06-30_15-34-39_incident_slow_zone_nb-lanes.jpg,nb,5254.65,-18.84792303,nb,lanes,-1
N2C01,32.76613511,-83.71030216,n,6/30/2018,5,Saturday,15:42:26,incident_stopped,2018-06-30_15-42-26_incident_stopped_zone_nb-shoulder.jpg,nb,5262.433333,-72.97440738,nb,shoulder,-1
N1C01,32.76613511,-83.71030216,n,6/30/2018,5,Saturday,15:42:29,incident_stopped,2018-06-30_15-42-29_incident_stopped_zone_nb-shoulder.jpg,nb,5262.483333,-72.97440738,nb,shoulder,-1
N2C03,32.78071485,-83.71530658,n,6/30/2018,5,Saturday,15:56:03,incident_stopped,2018-06-30_15-56-03_incident_stopped_zone_nb-shoulder.jpg,nb,5276.05,-67.78810628,nb,shoulder,-1
S1C21,32.86987654,-83.75830175,s,6/30/2018,5,Saturday,16:06:19,incident_stopped,2018-06-30_16-06-19_incident_stopped_zone_nb-shoulder.jpg,nb,5286.316667,-34.62822647,nb,shoulder,-1
BIBB-CAM-037,32.92513731,-83.80220611,s,6/30/2018,5,Saturday,16:07:45,incident_stopped,2018-06-30_16-07-45_incident_stopped_zone_nb-shoulder.jpg,nb,5287.75,-12.07189332,nb,shoulder,-1
N1C33,32.92077604,-83.79943309,n,6/30/2018,5,Saturday,16:07:48,incident_stopped,2018-06-30_16-07-48_incident_stopped_zone_nb-shoulder.jpg,nb,5287.8,-13.74452878,nb,shoulder,-1
S1C33,32.92513731,-83.80220611,s,6/30/2018,5,Saturday,16:16:36,incident_slow,2018-06-30_16-16-36_incident_slow_zone_nb-lanes.jpg,nb,5296.6,-12.07189332,nb,lanes,-1
BIBB-CAM-037,32.92513731,-83.80220611,s,6/30/2018,5,Saturday,16:17:38,incident_slow,2018-06-30_16-17-38_incident_slow_zone_nb-lanes.jpg,nb,5297.633333,-12.07189332,nb,lanes,-1
S2C11,32.82254015,-83.73046915,s,6/30/2018,5,Saturday,16:22:25,incident_congestion,2018-06-30_16-22-25_incident_congestion_zone_nb-lanes.jpg,nb,5302.416667,-52.86537408,nb,lanes,-1
S2C09,32.81017134,-83.72613824,s,6/30/2018,5,Saturday,16:25:54,incident_stopped,2018-06-30_16-25-54_incident_stopped_zone_nb-shoulder.jpg,nb,5305.9,-57.24864799,nb,shoulder,-1
BIBB-CAM-040,32.9482814,-83.81282733,s,6/30/2018,5,Saturday,16:30:22,incident_congestion,2018-06-30_16-30-22_incident_congestion_zone_far-lanes.jpg,nb,5310.366667,-3.633302007,far,lanes,-1
BIBB-CAM-038,32.93499248,-83.80738753,s,6/30/2018,5,Saturday,16:34:12,incident_congestion,2018-06-30_16-34-12_incident_congestion_zone_far-lanes.jpg,nb,5314.2,-8.404850441,far,lanes,-1
S1C34,32.93499248,-83.80738753,s,6/30/2018,5,Saturday,16:34:32,incident_congestion,2018-06-30_16-34-32_incident_congestion_zone_far-lanes.jpg,nb,5314.533333,-8.404850441,far,lanes,-1
N1C35,32.9352368,-83.80703912,n,6/30/2018,5,Saturday,16:35:36,incident_slow,2018-06-30_16-35-36_incident_slow_zone_nb-lanes.jpg,nb,5315.6,-8.344182952,nb,lanes,-1
S1C34,32.93499248,-83.80738753,s,6/30/2018,5,Saturday,16:35:37,incident_slow,2018-06-30_16-35-37_incident_slow_zone_far-lanes.jpg,nb,5315.616667,-8.404850441,far,lanes,-1
BIBB-CAM-038,32.93499248,-83.80738753,s,6/30/2018,5,Saturday,16:35:40,incident_slow,2018-06-30_16-35-40_incident_slow_zone_far-lanes.jpg,nb,5315.666667,-8.404850441,far,lanes,-1
N1C17,32.84958885,-83.74065988,n,6/30/2018,5,Saturday,17:40:04,incident_stopped,2018-06-30_17-40-04_incident_stopped_zone_nb-shoulder.jpg,nb,5380.066667,-43.22840936,nb,shoulder,-1
N1C33,32.92077604,-83.79943309,n,6/30/2018,5,Saturday,17:51:28,incident_stopped,2018-06-30_17-51-28_incident_stopped_zone_nb-shoulder.jpg,nb,5391.466667,-13.74452878,nb,shoulder,-1
N2C01,32.76613511,-83.71030216,n,6/30/2018,5,Saturday,17:53:25,incident_stopped,2018-06-30_17-53-25_incident_stopped_zone_nb-shoulder.jpg,nb,5393.416667,-72.97440738,nb,shoulder,-1
S1C09,32.81017134,-83.72613824,s,6/30/2018,5,Saturday,18:01:07,incident_stopped,2018-06-30_18-01-07_incident_stopped_zone_nb-shoulder.jpg,nb,5401.116667,-57.24864799,nb,shoulder,-1
N2C08,32.81331958,-83.72706597,n,6/30/2018,5,Saturday,18:02:26,incident_stopped,2018-06-30_18-02-26_incident_stopped_zone_nb-shoulder.jpg,nb,5402.433333,-56.15448649,nb,shoulder,-1
N2C03,32.78071485,-83.71530658,n,6/30/2018,5,Saturday,18:07:44,incident_stopped,2018-06-30_18-07-44_incident_stopped_zone_nb-shoulder.jpg,nb,5407.733333,-67.78810628,nb,shoulder,-1
N2C33,32.92077604,-83.79943309,n,6/30/2018,5,Saturday,18:29:07,incident_stopped,2018-06-30_18-29-07_incident_stopped_zone_nb-shoulder.jpg,nb,5429.116667,-13.74452878,nb,shoulder,-1
N3C38,32.94876151,-83.81228301,n,6/30/2018,5,Saturday,18:39:59,incident_stopped,2018-06-30_18-39-59_incident_stopped_zone_nb-shoulder.jpg,nb,5439.983333,-3.479229064,nb,shoulder,-1
N1C06,32.79465366,-83.72010538,n,6/30/2018,5,Saturday,19:13:51,incident_stopped,2018-06-30_19-13-51_incident_stopped_zone_nb-shoulder.jpg,nb,5473.85,-62.83684554,nb,shoulder,-1
S1C16,32.84561646,-83.73933607,s,6/30/2018,5,Saturday,20:15:15,incident_stopped,2018-06-30_20-15-15_incident_stopped_zone_nb-shoulder.jpg,nb,5535.25,-44.61500342,nb,shoulder,-1
N2C17,32.84958885,-83.74065988,n,7/1/2018,6,Sunday,3:37:45,incident_stopped,2018-07-01_03-37-45_incident_stopped_zone_nb-shoulder.jpg,nb,5977.75,-43.22840936,nb,shoulder,-1
S2C17,32.84950348,-83.74113514,s,7/1/2018,6,Sunday,3:37:54,incident_stopped,2018-07-01_03-37-54_incident_stopped_zone_nb-lanes.jpg,nb,5977.9,-43.18705025,nb,lanes,-1
N1C14,32.83648848,-83.73452853,n,7/1/2018,6,Sunday,3:53:07,incident_stopped,2018-07-01_03-53-07_incident_stopped_zone_ramp-shoulder.jpg,nb,5993.116667,-48.05166032,ramp,shoulder,-1
N1C03,32.78071485,-83.71530658,n,7/1/2018,6,Sunday,4:06:22,incident_stopped,2018-07-01_04-06-22_incident_stopped_zone_nb-shoulder.jpg,nb,6006.366667,-67.78810628,nb,shoulder,-1
S2C09,32.81017134,-83.72613824,s,7/1/2018,6,Sunday,4:06:26,incident_stopped,2018-07-01_04-06-26_incident_stopped_zone_nb-shoulder.jpg,nb,6006.433333,-57.24864799,nb,shoulder,-1
N2C26,32.88798194,-83.77607704,n,7/1/2018,6,Sunday,6:17:15,incident_stopped,2018-07-01_06-17-15_incident_stopped_zone_nb-shoulder.jpg,nb,6137.25,-26.75233619,nb,shoulder,-1
N1C03,32.78071485,-83.71530658,n,7/1/2018,6,Sunday,6:54:48,incident_stopped,2018-07-01_06-54-48_incident_stopped_zone_nb-shoulder.jpg,nb,6174.8,-67.78810628,nb,shoulder,-1
N1C01,32.76613511,-83.71030216,n,7/1/2018,6,Sunday,7:09:47,incident_stopped,2018-07-01_07-09-47_incident_stopped_zone_nb-shoulder.jpg,nb,6189.783333,-72.97440738,nb,shoulder,-1
S1C15,32.84057153,-83.73697533,s,7/1/2018,6,Sunday,7:18:21,incident_stopped,2018-07-01_07-18-21_incident_stopped_zone_nb-shoulder.jpg,nb,6198.35,-46.47309774,nb,shoulder,-1
BIBB-CAM-027,32.85953942,-83.7465392,n,7/1/2018,6,Sunday,7:39:28,incident_stopped,2018-07-01_07-39-28_incident_stopped_zone_nb-shoulder.jpg,nb,6219.466667,-39.39570165,nb,shoulder,-1
N2C03,32.78071485,-83.71530658,n,7/1/2018,6,Sunday,8:24:55,incident_stopped,2018-07-01_08-24-55_incident_stopped_zone_nb-shoulder.jpg,nb,6264.916667,-67.78810628,nb,shoulder,-1
S2C24,32.87958032,-83.76886573,s,7/1/2018,6,Sunday,9:15:41,incident_stopped,2018-07-01_09-15-41_incident_stopped_zone_nb-shoulder.jpg,nb,6315.683333,-30.26227087,nb,shoulder,-1
S1C09,32.81017134,-83.72613824,s,7/1/2018,6,Sunday,9:37:34,incident_stopped,2018-07-01_09-37-34_incident_stopped_zone_nb-shoulder.jpg,nb,6337.566667,-57.24864799,nb,shoulder,-1
N2C01,32.76613511,-83.71030216,n,7/1/2018,6,Sunday,10:00:56,incident_stopped,2018-07-01_10-00-56_incident_stopped_zone_nb-shoulder.jpg,nb,6360.933333,-72.97440738,nb,shoulder,-1
BIBB-CAM-020,32.81017134,-83.72613824,s,7/1/2018,6,Sunday,10:28:54,incident_stopped,2018-07-01_10-28-54_incident_stopped_zone_far-shoulder.jpg,nb,6388.9,-57.24864799,far,shoulder,-1
N1C03,32.78071485,-83.71530658,n,7/1/2018,6,Sunday,10:50:40,incident_stopped,2018-07-01_10-50-40_incident_stopped_zone_nb-shoulder.jpg,nb,6410.666667,-67.78810628,nb,shoulder,-1
N1C21,32.86981764,-83.75767111,n,7/1/2018,6,Sunday,10:51:28,incident_stopped,2018-07-01_10-51-28_incident_stopped_zone_nb-shoulder.jpg,nb,6411.466667,-34.7310666,nb,shoulder,-1
S3C03,32.78046082,-83.71590778,s,7/1/2018,6,Sunday,11:35:48,incident_stopped,2018-07-01_11-35-48_incident_stopped_zone_nb-shoulder.jpg,nb,6455.8,-67.79477411,nb,shoulder,-1
N2C03,32.78071485,-83.71530658,n,7/1/2018,6,Sunday,11:35:53,incident_stopped,2018-07-01_11-35-53_incident_stopped_zone_nb-shoulder.jpg,nb,6455.883333,-67.78810628,nb,shoulder,-1
N1C01,32.76613511,-83.71030216,n,7/1/2018,6,Sunday,11:46:38,incident_stopped,2018-07-01_11-46-38_incident_stopped_zone_nb-shoulder.jpg,nb,6466.633333,-72.97440738,nb,shoulder,-1
N2C03,32.78071485,-83.71530658,n,7/1/2018,6,Sunday,13:39:14,incident_stopped,2018-07-01_13-39-14_incident_stopped_zone_nb-shoulder.jpg,nb,6579.233333,-67.78810628,nb,shoulder,-1
N1C11,32.82699902,-83.73109564,n,7/1/2018,6,Sunday,14:17:05,incident_stopped,2018-07-01_14-17-05_incident_stopped_zone_nb-shoulder.jpg,nb,6617.083333,-51.41367576,nb,shoulder,-1
N2C11,32.82699902,-83.73109564,n,7/1/2018,6,Sunday,14:17:06,incident_stopped,2018-07-01_14-17-06_incident_stopped_zone_near-shoulder.jpg,nb,6617.1,-51.41367576,near,shoulder,-1
N1C14,32.83648848,-83.73452853,n,7/1/2018,6,Sunday,14:25:16,incident_stopped,2018-07-01_14-25-16_incident_stopped_zone_ramp-shoulder.jpg,nb,6625.266667,-48.05166032,ramp,shoulder,-1
S1C21,32.86987654,-83.75830175,s,7/1/2018,6,Sunday,15:01:36,incident_stopped,2018-07-01_15-01-36_incident_stopped_zone_nb-shoulder.jpg,nb,6661.6,-34.62822647,nb,shoulder,-1
N2C01,32.76613511,-83.71030216,n,7/1/2018,6,Sunday,15:05:23,incident_stopped,2018-07-01_15-05-23_incident_stopped_zone_nb-shoulder.jpg,nb,6665.383333,-72.97440738,nb,shoulder,-1
N1C33,32.92077604,-83.79943309,n,7/1/2018,6,Sunday,15:08:12,incident_congestion,2018-07-01_15-08-12_incident_congestion_zone_nb-lanes.jpg,nb,6668.2,-13.74452878,nb,lanes,-1
S2C25,32.88240434,-83.7719413,s,7/1/2018,6,Sunday,15:16:29,incident_congestion,2018-07-01_15-16-29_incident_congestion_zone_nb-lanes.jpg,nb,6676.483333,-29.00171497,nb,lanes,-1
S2C25,32.88240434,-83.7719413,s,7/1/2018,6,Sunday,15:17:25,incident_stopped,2018-07-01_15-17-25_incident_stopped_zone_nb-shoulder.jpg,nb,6677.416667,-29.00171497,nb,shoulder,-1
N1C29,32.89985331,-83.78559794,n,7/1/2018,6,Sunday,15:30:36,incident_stopped,2018-07-01_15-30-36_incident_stopped_zone_nb-shoulder.jpg,nb,6690.6,-21.901237,nb,shoulder,-1
S1C33,32.92513731,-83.80220611,s,7/1/2018,6,Sunday,15:34:09,incident_stopped,2018-07-01_15-34-09_incident_stopped_zone_nb-shoulder.jpg,nb,6694.15,-12.07189332,nb,shoulder,-1
N1C28,32.89668342,-83.78307091,n,7/1/2018,6,Sunday,16:00:45,incident_stopped,2018-07-01_16-00-45_incident_stopped_zone_nb-shoulder.jpg,nb,6720.75,-23.1910345,nb,shoulder,-1
N1C33,32.92077604,-83.79943309,n,7/1/2018,6,Sunday,16:19:57,incident_congestion,2018-07-01_16-19-57_incident_congestion_zone_nb-lanes.jpg,nb,6739.95,-13.74452878,nb,lanes,-1
N2C14,32.83648848,-83.73452853,n,7/1/2018,6,Sunday,16:27:00,incident_stopped,2018-07-01_16-27-00_incident_stopped_zone_nb-shoulder.jpg,nb,6747,-48.05166032,nb,shoulder,-1
N1C14,32.83648848,-83.73452853,n,7/1/2018,6,Sunday,16:27:00,incident_stopped,2018-07-01_16-27-00_incident_stopped_zone_ramp-shoulder.jpg,nb,6747,-48.05166032,ramp,shoulder,-1
S2C14,32.83620205,-83.73500536,s,7/1/2018,6,Sunday,16:27:01,incident_stopped,2018-07-01_16-27-01_incident_stopped_zone_far-shoulder.jpg,nb,6747.016667,-48.07309629,far,shoulder,-1
S1C14,32.83620205,-83.73500536,s,7/1/2018,6,Sunday,16:27:03,incident_stopped,2018-07-01_16-27-03_incident_stopped_zone_nb-shoulder.jpg,nb,6747.05,-48.07309629,nb,shoulder,-1
S1C16,32.84561646,-83.73933607,s,7/1/2018,6,Sunday,16:46:32,incident_stopped,2018-07-01_16-46-32_incident_stopped_zone_nb-shoulder.jpg,nb,6766.533333,-44.61500342,nb,shoulder,-1
N1C03,32.78071485,-83.71530658,n,7/1/2018,6,Sunday,17:43:29,incident_stopped,2018-07-01_17-43-29_incident_stopped_zone_nb-shoulder.jpg,nb,6823.483333,-67.78810628,nb,shoulder,-1
BIBB-CAM-009,32.76613511,-83.71030216,n,7/1/2018,6,Sunday,17:49:25,incident_stopped,2018-07-01_17-49-25_incident_stopped.jpg,nb,6829.416667,-72.97440738,,,-1
N1C11,32.82699902,-83.73109564,n,7/1/2018,6,Sunday,17:50:18,incident_stopped,2018-07-01_17-50-18_incident_stopped_zone_nb-shoulder.jpg,nb,6830.3,-51.41367576,nb,shoulder,-1
S2C11,32.82254015,-83.73046915,s,7/1/2018,6,Sunday,17:50:19,incident_stopped,2018-07-01_17-50-19_incident_stopped_zone_nb-shoulder.jpg,nb,6830.316667,-52.86537408,nb,shoulder,-1
N2C11,32.82699902,-83.73109564,n,7/1/2018,6,Sunday,17:50:19,incident_stopped,2018-07-01_17-50-19_incident_stopped_zone_near-shoulder.jpg,nb,6830.316667,-51.41367576,near,shoulder,-1
N3C02,32.76990531,-83.71029631,n,7/1/2018,6,Sunday,18:03:31,incident_stopped,2018-07-01_18-03-31_incident_stopped_zone_nb-shoulder.jpg,nb,6843.516667,-71.78891913,nb,shoulder,-1
N1C21,32.86981764,-83.75767111,n,7/1/2018,6,Sunday,18:07:31,incident_stopped,2018-07-01_18-07-31_incident_stopped_zone_nb-shoulder.jpg,nb,6847.516667,-34.7310666,nb,shoulder,-1
S2C17,32.84950348,-83.74113514,s,7/1/2018,6,Sunday,18:40:45,incident_stopped,2018-07-01_18-40-45_incident_stopped_zone_nb-shoulder.jpg,nb,6880.75,-43.18705025,nb,shoulder,-1
N2C17,32.84958885,-83.74065988,n,7/1/2018,6,Sunday,19:51:08,incident_stopped,2018-07-01_19-51-08_incident_stopped_zone_nb-shoulder.jpg,nb,6951.133333,-43.22840936,nb,shoulder,-1
N1C03,32.78071485,-83.71530658,n,7/1/2018,6,Sunday,23:31:30,incident_stopped,2018-07-01_23-31-30_incident_stopped_zone_nb-shoulder.jpg,nb,7171.5,-67.78810628,nb,shoulder,-1
N1C21,32.86981764,-83.75767111,n,7/2/2018,0,Monday,4:27:21,incident_stopped,2018-07-02_04-27-21_incident_stopped_zone_nb-shoulder.jpg,nb,7467.35,-34.7310666,nb,shoulder,-1
S1C21,32.86987654,-83.75830175,s,7/2/2018,0,Monday,4:27:24,incident_stopped,2018-07-02_04-27-24_incident_stopped_zone_nb-shoulder.jpg,nb,7467.4,-34.62822647,nb,shoulder,-1
S1C09,32.81017134,-83.72613824,s,7/2/2018,0,Monday,6:37:27,incident_stopped,2018-07-02_06-37-27_incident_stopped_zone_nb-shoulder.jpg,nb,7597.45,-57.24864799,nb,shoulder,-1
S2C09,32.81017134,-83.72613824,s,7/2/2018,0,Monday,6:40:04,incident_stopped,2018-07-02_06-40-04_incident_stopped_zone_nb-shoulder.jpg,nb,7600.066667,-57.24864799,nb,shoulder,-1
N1C03,32.78071485,-83.71530658,n,7/2/2018,0,Monday,6:55:29,incident_stopped,2018-07-02_06-55-29_incident_stopped_zone_nb-shoulder.jpg,nb,7615.483333,-67.78810628,nb,shoulder,-1
BIBB-CAM-038,32.93499248,-83.80738753,s,7/2/2018,0,Monday,7:00:20,incident_stopped,2018-07-02_07-00-20_incident_stopped_zone_far-shoulder.jpg,nb,7620.333333,-8.404850441,far,shoulder,-1
S2C38,32.95157525,-83.81265346,s,7/2/2018,0,Monday,8:30:12,incident_stopped,2018-07-02_08-30-12_incident_stopped_zone_north-shoulder.jpg,nb,7710.2,-2.501382112,north,shoulder,-1
N2C33,32.92077604,-83.79943309,n,7/2/2018,0,Monday,8:51:27,incident_stopped,2018-07-02_08-51-27_incident_stopped_zone_nb-shoulder.jpg,nb,7731.45,-13.74452878,nb,shoulder,-1
BIBB-CAM-025,32.84057153,-83.73697533,s,7/2/2018,0,Monday,8:52:47,incident_stopped,2018-07-02_08-52-47_incident_stopped_zone_nb-shoulder.jpg,nb,7732.783333,-46.47309774,nb,shoulder,-1
S1C21,32.86987654,-83.75830175,s,7/2/2018,0,Monday,9:01:46,incident_stopped,2018-07-02_09-01-46_incident_stopped_zone_nb-shoulder.jpg,nb,7741.766667,-34.62822647,nb,shoulder,-1
N1C21,32.86981764,-83.75767111,n,7/2/2018,0,Monday,9:01:47,incident_stopped,2018-07-02_09-01-47_incident_stopped_zone_nb-shoulder.jpg,nb,7741.783333,-34.7310666,nb,shoulder,-1
N1C14,32.83648848,-83.73452853,n,7/2/2018,0,Monday,9:26:56,incident_stopped,2018-07-02_09-26-56_incident_stopped_zone_ramp-shoulder.jpg,nb,7766.933333,-48.05166032,ramp,shoulder,-1
N2C18,32.85482929,-83.74306675,n,7/2/2018,0,Monday,9:36:02,incident_stopped,2018-07-02_09-36-02_incident_stopped_zone_nb-shoulder.jpg,nb,7776.033333,-41.30822943,nb,shoulder,-1
BIBB-CAM-037,32.92513731,-83.80220611,s,7/2/2018,0,Monday,10:51:48,incident_stopped,2018-07-02_10-51-48_incident_stopped_zone_nb-shoulder.jpg,nb,7851.8,-12.07189332,nb,shoulder,-1
N1C09,32.81772219,-83.72879532,n,7/2/2018,0,Monday,11:29:32,incident_stopped,2018-07-02_11-29-32_incident_stopped_zone_nb-shoulder.jpg,nb,7889.533333,-54.56967025,nb,shoulder,-1
N2C39,32.95177015,-83.81217745,n,7/2/2018,0,Monday,11:36:31,incident_stopped,2018-07-02_11-36-31_incident_stopped_zone_near-shoulder.jpg,nb,7896.516667,-2.4510298,near,shoulder,-1
N3C02,32.76990531,-83.71029631,n,7/2/2018,0,Monday,11:44:19,incident_stopped,2018-07-02_11-44-19_incident_stopped_zone_nb-lanes.jpg,nb,7904.316667,-71.78891913,nb,lanes,-1
S2C08,32.80622138,-83.72432815,s,7/2/2018,0,Monday,12:52:06,incident_stopped,2018-07-02_12-52-06_incident_stopped_zone_nb-shoulder.jpg,nb,7972.1,-58.705165,nb,shoulder,-1
S2C38,32.95157525,-83.81265346,s,7/2/2018,0,Monday,14:13:09,incident_stopped,2018-07-02_14-13-09_incident_stopped_zone_north-shoulder.jpg,nb,8053.15,-2.501382112,north,shoulder,-1
N1C11,32.82699902,-83.73109564,n,7/2/2018,0,Monday,14:28:37,incident_stopped,2018-07-02_14-28-37_incident_stopped_zone_nb-shoulder.jpg,nb,8068.616667,-51.41367576,nb,shoulder,-1
N1C19,32.85953942,-83.7465392,n,7/2/2018,0,Monday,15:07:18,incident_stopped,2018-07-02_15-07-18_incident_stopped_zone_nb-shoulder.jpg,nb,8107.3,-39.39570165,nb,shoulder,-1
N2C03,32.78071485,-83.71530658,n,7/2/2018,0,Monday,15:11:42,incident_stopped,2018-07-02_15-11-42_incident_stopped_zone_nb-shoulder.jpg,nb,8111.7,-67.78810628,nb,shoulder,-1
BIBB-CAM-024,32.8332442,-83.73284142,n,7/2/2018,0,Monday,15:20:37,incident_stopped,2018-07-02_15-20-37_incident_stopped.jpg,nb,8120.616667,-49.27056404,,,-1
N2C40,32.751099,-83.713281,n,7/2/2018,0,Monday,15:35:11,incident_stopped,2018-07-02_15-35-11_incident_stopped_zone_near-shoulder.jpg,nb,8135.183333,-77.41345723,near,shoulder,-1
S2C11,32.82254015,-83.73046915,s,7/2/2018,0,Monday,16:05:56,incident_stopped,2018-07-02_16-05-56_incident_stopped_zone_nb-shoulder.jpg,nb,8165.933333,-52.86537408,nb,shoulder,-1
N1C14,32.83648848,-83.73452853,n,7/2/2018,0,Monday,16:38:14,incident_stopped,2018-07-02_16-38-14_incident_stopped_zone_ramp-shoulder.jpg,nb,8198.233333,-48.05166032,ramp,shoulder,-1
N2C11,32.82699902,-83.73109564,n,7/2/2018,0,Monday,16:56:21,incident_stopped,2018-07-02_16-56-21_incident_stopped_zone_near-shoulder.jpg,nb,8216.35,-51.41367576,near,shoulder,-1
N2C26,32.88798194,-83.77607704,n,7/2/2018,0,Monday,17:04:11,incident_stopped,2018-07-02_17-04-11_incident_stopped_zone_nb-shoulder.jpg,nb,8224.183333,-26.75233619,nb,shoulder,-1
N2C39,32.95177015,-83.81217745,n,7/2/2018,0,Monday,17:23:35,incident_stopped,2018-07-02_17-23-35_incident_stopped_zone_near-shoulder.jpg,nb,8243.583333,-2.4510298,near,shoulder,-1
S2C13,32.831725,-83.73297366,s,7/2/2018,0,Monday,17:35:29,incident_stopped,2018-07-02_17-35-29_incident_stopped_zone_nb-shoulder.jpg,nb,8255.483333,-49.71525632,nb,shoulder,-1
N1C17,32.84958885,-83.74065988,n,7/2/2018,0,Monday,18:20:01,incident_stopped,2018-07-02_18-20-01_incident_stopped_zone_nb-shoulder.jpg,nb,8300.016667,-43.22840936,nb,shoulder,-1
N3C02,32.76990531,-83.71029631,n,7/2/2018,0,Monday,19:00:28,incident_stopped,2018-07-02_19-00-28_incident_stopped_zone_nb-shoulder.jpg,nb,8340.466667,-71.78891913,nb,shoulder,-1
BIBB-CAM-019,32.80622138,-83.72432815,s,7/2/2018,0,Monday,19:00:34,incident_stopped,2018-07-02_19-00-34_incident_stopped_zone_far-shoulder.jpg,nb,8340.566667,-58.705165,far,shoulder,-1
N1C39,32.95177015,-83.81217745,n,7/2/2018,0,Monday,19:01:21,incident_stopped,2018-07-02_19-01-21_incident_stopped_zone_ramp-shoulder.jpg,nb,8341.35,-2.4510298,ramp,shoulder,-1
N1C21,32.86981764,-83.75767111,n,7/2/2018,0,Monday,19:28:47,incident_stopped,2018-07-02_19-28-47_incident_stopped_zone_nb-shoulder.jpg,nb,8368.783333,-34.7310666,nb,shoulder,-1
N1C40,32.751099,-83.713281,n,7/2/2018,0,Monday,19:33:18,incident_stopped,2018-07-02_19-33-18_incident_stopped_zone_nb-shoulder.jpg,nb,8373.3,-77.41345723,nb,shoulder,-1
N1C06,32.79465366,-83.72010538,n,7/2/2018,0,Monday,20:28:40,incident_stopped,2018-07-02_20-28-40_incident_stopped_zone_nb-shoulder.jpg,nb,8428.666667,-62.83684554,nb,shoulder,-1
N2C33,32.92077604,-83.79943309,n,7/2/2018,0,Monday,20:30:49,incident_stopped,2018-07-02_20-30-49_incident_stopped_zone_nb-shoulder.jpg,nb,8430.816667,-13.74452878,nb,shoulder,-1
N2C01,32.76613511,-83.71030216,n,7/2/2018,0,Monday,21:53:08,incident_stopped,2018-07-02_21-53-08_incident_stopped_zone_nb-shoulder.jpg,nb,8513.133333,-72.97440738,nb,shoulder,-1
S1C21,32.86987654,-83.75830175,s,7/2/2018,0,Monday,22:05:23,incident_stopped,2018-07-02_22-05-23_incident_stopped_zone_nb-shoulder.jpg,nb,8525.383333,-34.62822647,nb,shoulder,-1
N2C33,32.92077604,-83.79943309,n,7/2/2018,0,Monday,22:40:42,incident_stopped,2018-07-02_22-40-42_incident_stopped_zone_nb-shoulder.jpg,nb,8560.7,-13.74452878,nb,shoulder,-1
N1C21,32.86981764,-83.75767111,n,7/3/2018,1,Tuesday,0:10:41,incident_stopped,2018-07-03_00-10-41_incident_stopped_zone_nb-shoulder.jpg,nb,8650.683333,-34.7310666,nb,shoulder,-1
S1C21,32.86987654,-83.75830175,s,7/3/2018,1,Tuesday,0:10:51,incident_stopped,2018-07-03_00-10-51_incident_stopped_zone_nb-shoulder.jpg,nb,8650.85,-34.62822647,nb,shoulder,-1
N2C38,32.94876151,-83.81228301,n,7/3/2018,1,Tuesday,4:21:40,incident_stopped,2018-07-03_04-21-40_incident_stopped_zone_nb-shoulder.jpg,nb,8901.666667,-3.479229064,nb,shoulder,-1
BIBB-CAM-014,32.7850913,-83.71806273,n,7/3/2018,1,Tuesday,6:46:10,incident_stopped,2018-07-03_06-46-10_incident_stopped_zone_nb-shoulder.jpg,nb,9046.166667,-66.07987571,nb,shoulder,-1
N1C11,32.82699902,-83.73109564,n,7/3/2018,1,Tuesday,6:47:00,incident_stopped,2018-07-03_06-47-00_incident_stopped_zone_nb-shoulder.jpg,nb,9047,-51.41367576,nb,shoulder,-1
S2C11,32.82254015,-83.73046915,s,7/3/2018,1,Tuesday,6:47:04,incident_stopped,2018-07-03_06-47-04_incident_stopped_zone_nb-shoulder.jpg,nb,9047.066667,-52.86537408,nb,shoulder,-1
N2C11,32.82699902,-83.73109564,n,7/3/2018,1,Tuesday,6:47:06,incident_stopped,2018-07-03_06-47-06_incident_stopped_zone_near-shoulder.jpg,nb,9047.1,-51.41367576,near,shoulder,-1
N2C01,32.76613511,-83.71030216,n,7/3/2018,1,Tuesday,7:50:29,incident_stopped,2018-07-03_07-50-29_incident_stopped_zone_nb-shoulder.jpg,nb,9110.483333,-72.97440738,nb,shoulder,-1
N2C03,32.78071485,-83.71530658,n,7/3/2018,1,Tuesday,8:34:16,incident_stopped,2018-07-03_08-34-16_incident_stopped_zone_nb-shoulder.jpg,nb,9154.266667,-67.78810628,nb,shoulder,-1
N2C17,32.84958885,-83.74065988,n,7/3/2018,1,Tuesday,8:39:14,incident_stopped,2018-07-03_08-39-14_incident_stopped_zone_nb-shoulder.jpg,nb,9159.233333,-43.22840936,nb,shoulder,-1
N1C21,32.86981764,-83.75767111,n,7/3/2018,1,Tuesday,8:56:17,incident_stopped,2018-07-03_08-56-17_incident_stopped_zone_nb-shoulder.jpg,nb,9176.283333,-34.7310666,nb,shoulder,-1
S1C21,32.86987654,-83.75830175,s,7/3/2018,1,Tuesday,8:56:17,incident_stopped,2018-07-03_08-56-17_incident_stopped_zone_nb-shoulder.jpg,nb,9176.283333,-34.62822647,nb,shoulder,-1
S2C23,32.8774369,-83.7665846,s,7/3/2018,1,Tuesday,9:49:43,incident_stopped,2018-07-03_09-49-43_incident_stopped_zone_far-shoulder.jpg,nb,9229.716667,-31.21570867,far,shoulder,-1
N2C02,32.76990531,-83.71029631,n,7/3/2018,1,Tuesday,9:58:54,incident_stopped,2018-07-03_09-58-54_incident_stopped_zone_nb-lanes.jpg,nb,9238.9,-71.78891913,nb,lanes,-1
N2C39,32.95177015,-83.81217745,n,7/3/2018,1,Tuesday,10:59:28,incident_stopped,2018-07-03_10-59-28_incident_stopped_zone_near-shoulder.jpg,nb,9299.466667,-2.4510298,near,shoulder,-1
S1C21,32.86987654,-83.75830175,s,7/3/2018,1,Tuesday,11:06:45,incident_stopped,2018-07-03_11-06-45_incident_stopped_zone_nb-shoulder.jpg,nb,9306.75,-34.62822647,nb,shoulder,-1
N2C01,32.76613511,-83.71030216,n,7/3/2018,1,Tuesday,12:11:10,incident_stopped,2018-07-03_12-11-10_incident_stopped_zone_nb-shoulder.jpg,nb,9371.166667,-72.97440738,nb,shoulder,-1
N2C17,32.84958885,-83.74065988,n,7/3/2018,1,Tuesday,12:18:28,incident_stopped,2018-07-03_12-18-28_incident_stopped_zone_nb-shoulder.jpg,nb,9378.466667,-43.22840936,nb,shoulder,-1
S2C17,32.84950348,-83.74113514,s,7/3/2018,1,Tuesday,12:18:29,incident_stopped,2018-07-03_12-18-29_incident_stopped_zone_nb-shoulder.jpg,nb,9378.483333,-43.18705025,nb,shoulder,-1
N2C33,32.92077604,-83.79943309,n,7/3/2018,1,Tuesday,12:22:22,incident_stopped,2018-07-03_12-22-22_incident_stopped_zone_nb-shoulder.jpg,nb,9382.366667,-13.74452878,nb,shoulder,-1
N1C03,32.78071485,-83.71530658,n,7/3/2018,1,Tuesday,12:36:20,incident_stopped,2018-07-03_12-36-20_incident_stopped_zone_nb-shoulder.jpg,nb,9396.333333,-67.78810628,nb,shoulder,-1
N1C21,32.86981764,-83.75767111,n,7/3/2018,1,Tuesday,12:47:07,incident_stopped,2018-07-03_12-47-07_incident_stopped_zone_nb-shoulder.jpg,nb,9407.116667,-34.7310666,nb,shoulder,-1
N2C42,32.759892,-83.709757,n,7/3/2018,1,Tuesday,13:20:30,incident_stopped,2018-07-03_13-20-30_incident_stopped_zone_nb-shoulder.jpg,nb,9440.5,-75.01044884,nb,shoulder,-1
S1C16,32.84561646,-83.73933607,s,7/3/2018,1,Tuesday,13:53:32,incident_stopped,2018-07-03_13-53-32_incident_stopped_zone_nb-shoulder.jpg,nb,9473.533333,-44.61500342,nb,shoulder,-1
N2C01,32.76613511,-83.71030216,n,7/3/2018,1,Tuesday,14:04:09,incident_stopped,2018-07-03_14-04-09_incident_stopped_zone_nb-shoulder.jpg,nb,9484.15,-72.97440738,nb,shoulder,-1
N1C25,32.88361771,-83.77234944,n,7/3/2018,1,Tuesday,14:09:42,incident_stopped,2018-07-03_14-09-42_incident_stopped_zone_ramp-shoulder.jpg,nb,9489.7,-28.57124979,ramp,shoulder,-1
S1C28,32.90013203,-83.7863588,s,7/3/2018,1,Tuesday,14:31:26,incident_stopped,2018-07-03_14-31-26_incident_stopped_zone_nb-shoulder.jpg,nb,9511.433333,-21.73107036,nb,shoulder,-1
N1C06,32.79465366,-83.72010538,n,7/3/2018,1,Tuesday,14:32:39,incident_stopped,2018-07-03_14-32-39_incident_stopped_zone_nb-shoulder.jpg,nb,9512.65,-62.83684554,nb,shoulder,-1
N1C01,32.76613511,-83.71030216,n,7/3/2018,1,Tuesday,14:55:14,incident_stopped,2018-07-03_14-55-14_incident_stopped_zone_nb-shoulder.jpg,nb,9535.233333,-72.97440738,nb,shoulder,-1
N2C03,32.78071485,-83.71530658,n,7/3/2018,1,Tuesday,15:30:02,incident_stopped,2018-07-03_15-30-02_incident_stopped_zone_nb-shoulder.jpg,nb,9570.033333,-67.78810628,nb,shoulder,-1
N2C25,32.88361771,-83.77234944,n,7/3/2018,1,Tuesday,17:34:56,incident_stopped,2018-07-03_17-34-56_incident_stopped_zone_nb-shoulder.jpg,nb,9694.933333,-28.57124979,nb,shoulder,-1
N1C01,32.76613511,-83.71030216,n,7/3/2018,1,Tuesday,18:25:35,incident_stopped,2018-07-03_18-25-35_incident_stopped_zone_nb-shoulder.jpg,nb,9745.583333,-72.97440738,nb,shoulder,-1
BIBB-CAM-009,32.76613511,-83.71030216,n,7/3/2018,1,Tuesday,18:28:43,incident_stopped,2018-07-03_18-28-43_incident_stopped.jpg,nb,9748.716667,-72.97440738,,,-1
N1C41,32.7558,-83.709193,n,7/3/2018,1,Tuesday,18:53:31,incident_stopped,2018-07-03_18-53-31_incident_stopped_zone_nb-shoulder.jpg,nb,9773.516667,-76.37247586,nb,shoulder,-1
S2C33,32.92513731,-83.80220611,s,7/3/2018,1,Tuesday,19:04:32,incident_stopped,2018-07-03_19-04-32_incident_stopped_zone_nb-shoulder.jpg,nb,9784.533333,-12.07189332,nb,shoulder,-1
N2C39,32.95177015,-83.81217745,n,7/3/2018,1,Tuesday,19:47:47,incident_stopped,2018-07-03_19-47-47_incident_stopped_zone_near-shoulder.jpg,nb,9827.783333,-2.4510298,near,shoulder,-1
N2C01,32.76613511,-83.71030216,n,7/3/2018,1,Tuesday,19:52:00,incident_stopped,2018-07-03_19-52-00_incident_stopped_zone_nb-shoulder.jpg,nb,9832,-72.97440738,nb,shoulder,-1
N3C01,32.76613511,-83.71030216,n,7/3/2018,1,Tuesday,20:52:36,incident_stopped,2018-07-03_20-52-36_incident_stopped_zone_nb-shoulder.jpg,nb,9892.6,-72.97440738,nb,shoulder,-1
S1C09,32.81017134,-83.72613824,s,7/3/2018,1,Tuesday,22:33:25,incident_stopped,2018-07-03_22-33-25_incident_stopped_zone_nb-shoulder.jpg,nb,9993.416667,-57.24864799,nb,shoulder,-1
N1C16,32.84577945,-83.73888874,n,7/3/2018,1,Tuesday,23:31:29,incident_stopped,2018-07-03_23-31-29_incident_stopped_zone_near-shoulder.jpg,nb,10051.48333,-44.6283787,near,shoulder,-1
N1C21,32.86981764,-83.75767111,n,7/4/2018,2,Wednesday,0:03:49,incident_stopped,2018-07-04_00-03-49_incident_stopped_zone_nb-shoulder.jpg,nb,10083.81667,-34.7310666,nb,shoulder,-1
S1C21,32.86987654,-83.75830175,s,7/4/2018,2,Wednesday,0:03:52,incident_stopped,2018-07-04_00-03-52_incident_stopped_zone_nb-shoulder.jpg,nb,10083.86667,-34.62822647,nb,shoulder,-1
N2C33,32.92077604,-83.79943309,n,7/4/2018,2,Wednesday,3:21:15,incident_stopped,2018-07-04_03-21-15_incident_stopped_zone_nb-shoulder.jpg,nb,10281.25,-13.74452878,nb,shoulder,-1
N1C21,32.86981764,-83.75767111,n,7/4/2018,2,Wednesday,4:06:59,incident_stopped,2018-07-04_04-06-59_incident_stopped_zone_nb-shoulder.jpg,nb,10326.98333,-34.7310666,nb,shoulder,-1
S1C21,32.86987654,-83.75830175,s,7/4/2018,2,Wednesday,4:07:04,incident_stopped,2018-07-04_04-07-04_incident_stopped_zone_nb-shoulder.jpg,nb,10327.06667,-34.62822647,nb,shoulder,-1
N1C21,32.86981764,-83.75767111,n,7/4/2018,2,Wednesday,6:32:54,incident_stopped,2018-07-04_06-32-54_incident_stopped_zone_nb-shoulder.jpg,nb,10472.9,-34.7310666,nb,shoulder,-1
S1C21,32.86987654,-83.75830175,s,7/4/2018,2,Wednesday,6:38:55,incident_stopped,2018-07-04_06-38-55_incident_stopped_zone_nb-shoulder.jpg,nb,10478.91667,-34.62822647,nb,shoulder,-1
N1C03,32.78071485,-83.71530658,n,7/4/2018,2,Wednesday,6:47:23,incident_stopped,2018-07-04_06-47-23_incident_stopped_zone_nb-shoulder.jpg,nb,10487.38333,-67.78810628,nb,shoulder,-1
N3C02,32.76990531,-83.71029631,n,7/4/2018,2,Wednesday,6:52:46,incident_stopped,2018-07-04_06-52-46_incident_stopped_zone_nb-shoulder.jpg,nb,10492.76667,-71.78891913,nb,shoulder,-1
BIBB-CAM-026,32.84958885,-83.74065988,n,7/4/2018,2,Wednesday,7:42:42,incident_stopped,2018-07-04_07-42-42_incident_stopped_zone_nb-shoulder.jpg,nb,10542.7,-43.22840936,nb,shoulder,-1
BIBB-CAM-009,32.76613511,-83.71030216,n,7/4/2018,2,Wednesday,7:45:25,incident_stopped,2018-07-04_07-45-25_incident_stopped.jpg,nb,10545.41667,-72.97440738,,,-1
N2C40,32.751099,-83.713281,n,7/4/2018,2,Wednesday,7:56:51,incident_stopped,2018-07-04_07-56-51_incident_stopped_zone_near-shoulder.jpg,nb,10556.85,-77.41345723,near,shoulder,-1
N1C42,32.759892,-83.709757,n,7/4/2018,2,Wednesday,8:43:10,incident_stopped,2018-07-04_08-43-10_incident_stopped_zone_nb-shoulder.jpg,nb,10603.16667,-75.01044884,nb,shoulder,-1
N3C38,32.94876151,-83.81228301,n,7/4/2018,2,Wednesday,9:28:36,incident_stopped,2018-07-04_09-28-36_incident_stopped_zone_nb-shoulder.jpg,nb,10648.6,-3.479229064,nb,shoulder,-1
N2C03,32.78071485,-83.71530658,n,7/4/2018,2,Wednesday,9:38:00,incident_stopped,2018-07-04_09-38-00_incident_stopped_zone_nb-shoulder.jpg,nb,10658,-67.78810628,nb,shoulder,-1
N1C14,32.83648848,-83.73452853,n,7/4/2018,2,Wednesday,9:40:53,incident_stopped,2018-07-04_09-40-53_incident_stopped_zone_ramp-shoulder.jpg,nb,10660.88333,-48.05166032,ramp,shoulder,-1
N2C01,32.76613511,-83.71030216,n,7/4/2018,2,Wednesday,9:42:45,incident_stopped,2018-07-04_09-42-45_incident_stopped_zone_nb-shoulder.jpg,nb,10662.75,-72.97440738,nb,shoulder,-1
BIBB-CAM-014,32.7850913,-83.71806273,n,7/4/2018,2,Wednesday,9:46:09,incident_stopped,2018-07-04_09-46-09_incident_stopped_zone_nb-shoulder.jpg,nb,10666.15,-66.07987571,nb,shoulder,-1
N1C21,32.86981764,-83.75767111,n,7/4/2018,2,Wednesday,9:49:19,incident_stopped,2018-07-04_09-49-19_incident_stopped_zone_nb-shoulder.jpg,nb,10669.31667,-34.7310666,nb,shoulder,-1
N2C11,32.82699902,-83.73109564,n,7/4/2018,2,Wednesday,10:08:44,incident_stopped,2018-07-04_10-08-44_incident_stopped_zone_near-shoulder.jpg,nb,10688.73333,-51.41367576,near,shoulder,-1
S2C11,32.82254015,-83.73046915,s,7/4/2018,2,Wednesday,10:08:46,incident_stopped,2018-07-04_10-08-46_incident_stopped_zone_nb-shoulder.jpg,nb,10688.76667,-52.86537408,nb,shoulder,-1
N1C26,32.88798194,-83.77607704,n,7/4/2018,2,Wednesday,11:02:17,incident_stopped,2018-07-04_11-02-17_incident_stopped_zone_nb-shoulder.jpg,nb,10742.28333,-26.75233619,nb,shoulder,-1
S2C09,32.81017134,-83.72613824,s,7/4/2018,2,Wednesday,11:34:00,incident_stopped,2018-07-04_11-34-00_incident_stopped_zone_nb-lanes.jpg,nb,10774,-57.24864799,nb,lanes,-1
N1C16,32.84577945,-83.73888874,n,7/4/2018,2,Wednesday,11:52:14,incident_stopped,2018-07-04_11-52-14_incident_stopped_zone_near-shoulder.jpg,nb,10792.23333,-44.6283787,near,shoulder,-1
S1C21,32.86987654,-83.75830175,s,7/4/2018,2,Wednesday,12:07:56,incident_stopped,2018-07-04_12-07-56_incident_stopped_zone_nb-shoulder.jpg,nb,10807.93333,-34.62822647,nb,shoulder,-1
N1C41,32.7558,-83.709193,n,7/4/2018,2,Wednesday,12:56:45,incident_stopped,2018-07-04_12-56-45_incident_stopped_zone_nb-shoulder.jpg,nb,10856.75,-76.37247586,nb,shoulder,-1
BIBB-CAM-033,32.89075559,-83.77887713,s,7/4/2018,2,Wednesday,13:20:39,incident_stopped,2018-07-04_13-20-39_incident_stopped_zone_nb-shoulder.jpg,nb,10880.65,-25.54978527,nb,shoulder,-1
N1C03,32.78071485,-83.71530658,n,7/4/2018,2,Wednesday,13:49:19,incident_stopped,2018-07-04_13-49-19_incident_stopped_zone_nb-shoulder.jpg,nb,10909.31667,-67.78810628,nb,shoulder,-1
N1C17,32.84958885,-83.74065988,n,7/4/2018,2,Wednesday,14:19:13,incident_stopped,2018-07-04_14-19-13_incident_stopped_zone_nb-shoulder.jpg,nb,10939.21667,-43.22840936,nb,shoulder,-1
S1C21,32.86987654,-83.75830175,s,7/4/2018,2,Wednesday,14:23:24,incident_stopped,2018-07-04_14-23-24_incident_stopped_zone_nb-shoulder.jpg,nb,10943.4,-34.62822647,nb,shoulder,-1
N1C10,32.82260317,-83.73001566,n,7/4/2018,2,Wednesday,14:23:27,incident_stopped,2018-07-04_14-23-27_incident_stopped_zone_nb-shoulder.jpg,nb,10943.45,-52.90603101,nb,shoulder,-1
S2C12,32.82694969,-83.73158785,s,7/4/2018,2,Wednesday,14:23:28,incident_stopped,2018-07-04_14-23-28_incident_stopped_zone_nb-shoulder.jpg,nb,10943.46667,-51.36261191,nb,shoulder,-1
N2C11,32.82699902,-83.73109564,n,7/4/2018,2,Wednesday,14:23:28,incident_stopped,2018-07-04_14-23-28_incident_stopped_zone_near-shoulder.jpg,nb,10943.46667,-51.41367576,near,shoulder,-1
N1C40,32.751099,-83.713281,n,7/4/2018,2,Wednesday,14:29:44,incident_stopped,2018-07-04_14-29-44_incident_stopped_zone_nb-shoulder.jpg,nb,10949.73333,-77.41345723,nb,shoulder,-1
N2C40,32.751099,-83.713281,n,7/4/2018,2,Wednesday,14:29:44,incident_stopped,2018-07-04_14-29-44_incident_stopped_zone_near-shoulder.jpg,nb,10949.73333,-77.41345723,near,shoulder,-1
BIBB-CAM-037,32.92513731,-83.80220611,s,7/4/2018,2,Wednesday,15:32:09,incident_stopped,2018-07-04_15-32-09_incident_stopped_zone_nb-shoulder.jpg,nb,11012.15,-12.07189332,nb,shoulder,-1
N2C01,32.76613511,-83.71030216,n,7/4/2018,2,Wednesday,15:38:46,incident_stopped,2018-07-04_15-38-46_incident_stopped_zone_nb-shoulder.jpg,nb,11018.76667,-72.97440738,nb,shoulder,-1
S1C21,32.86987654,-83.75830175,s,7/4/2018,2,Wednesday,16:11:01,incident_stopped,2018-07-04_16-11-01_incident_stopped_zone_nb-shoulder.jpg,nb,11051.01667,-34.62822647,nb,shoulder,-1
N1C21,32.86981764,-83.75767111,n,7/4/2018,2,Wednesday,16:49:50,incident_stopped,2018-07-04_16-49-50_incident_stopped_zone_nb-shoulder.jpg,nb,11089.83333,-34.7310666,nb,shoulder,-1
N1C29,32.89985331,-83.78559794,n,7/4/2018,2,Wednesday,17:25:32,incident_stopped,2018-07-04_17-25-32_incident_stopped_zone_nb-shoulder.jpg,nb,11125.53333,-21.901237,nb,shoulder,-1
S1C29,32.90345657,-83.78903309,s,7/4/2018,2,Wednesday,17:44:06,incident_congestion,2018-07-04_17-44-06_incident_congestion_zone_nb-lanes.jpg,nb,11144.1,-20.3822375,nb,lanes,-1
S2C08,32.80622138,-83.72432815,s,7/4/2018,2,Wednesday,17:48:18,incident_stopped,2018-07-04_17-48-18_incident_stopped_zone_nb-shoulder.jpg,nb,11148.3,-58.705165,nb,shoulder,-1
N1C17,32.84958885,-83.74065988,n,7/4/2018,2,Wednesday,18:03:27,incident_stopped,2018-07-04_18-03-27_incident_stopped_zone_nb-shoulder.jpg,nb,11163.45,-43.22840936,nb,shoulder,-1
N2C14,32.83648848,-83.73452853,n,7/4/2018,2,Wednesday,18:15:43,incident_stopped,2018-07-04_18-15-43_incident_stopped_zone_nb-shoulder.jpg,nb,11175.71667,-48.05166032,nb,shoulder,-1
N2C17,32.84958885,-83.74065988,n,7/4/2018,2,Wednesday,18:56:16,incident_stopped,2018-07-04_18-56-16_incident_stopped_zone_nb-shoulder.jpg,nb,11216.26667,-43.22840936,nb,shoulder,-1
S2C24,32.87958032,-83.76886573,s,7/4/2018,2,Wednesday,19:50:10,incident_stopped,2018-07-04_19-50-10_incident_stopped_zone_nb-shoulder.jpg,nb,11270.16667,-30.26227087,nb,shoulder,-1
N1C33,32.92077604,-83.79943309,n,7/4/2018,2,Wednesday,20:01:36,incident_stopped,2018-07-04_20-01-36_incident_stopped_zone_nb-shoulder.jpg,nb,11281.6,-13.74452878,nb,shoulder,-1
S2C33,32.92513731,-83.80220611,s,7/4/2018,2,Wednesday,20:01:41,incident_stopped,2018-07-04_20-01-41_incident_stopped_zone_nb-shoulder.jpg,nb,11281.68333,-12.07189332,nb,shoulder,-1
S1C33,32.92513731,-83.80220611,s,7/4/2018,2,Wednesday,20:01:41,incident_stopped,2018-07-04_20-01-41_incident_stopped_zone_nb-shoulder.jpg,nb,11281.68333,-12.07189332,nb,shoulder,-1
S2C04,32.78488999,-83.71869237,s,7/4/2018,2,Wednesday,20:09:53,incident_stopped,2018-07-04_20-09-53_incident_stopped_zone_nb-shoulder.jpg,nb,11289.88333,-66.06682308,nb,shoulder,-1
N1C39,32.95177015,-83.81217745,n,7/4/2018,2,Wednesday,20:20:24,incident_stopped,2018-07-04_20-20-24_incident_stopped_zone_ramp-shoulder.jpg,nb,11300.4,-2.4510298,ramp,shoulder,-1
N2C33,32.92077604,-83.79943309,n,7/4/2018,2,Wednesday,20:27:04,incident_stopped,2018-07-04_20-27-04_incident_stopped_zone_nb-shoulder.jpg,nb,11307.06667,-13.74452878,nb,shoulder,-1
BIBB-CAM-013,32.77567367,-83.7128245,s,7/4/2018,2,Wednesday,21:09:41,incident_stopped,2018-07-04_21-09-41_incident_stopped_zone_nb-shoulder.jpg,nb,11349.68333,-69.6715058,nb,shoulder,-1
N2C02,32.76990531,-83.71029631,n,7/4/2018,2,Wednesday,21:16:59,incident_stopped,2018-07-04_21-16-59_incident_stopped_zone_nb-shoulder.jpg,nb,11356.98333,-71.78891913,nb,shoulder,-1
N2C03,32.78071485,-83.71530658,n,7/4/2018,2,Wednesday,22:15:53,incident_stopped,2018-07-04_22-15-53_incident_stopped_zone_nb-shoulder.jpg,nb,11415.88333,-67.78810628,nb,shoulder,-1
N2C03,32.78071485,-83.71530658,n,7/4/2018,2,Wednesday,23:47:14,incident_stopped,2018-07-04_23-47-14_incident_stopped_zone_nb-shoulder.jpg,nb,11507.23333,-67.78810628,nb,shoulder,-1
N2C40,32.751099,-83.713281,n,7/4/2018,2,Wednesday,23:50:11,incident_stopped,2018-07-04_23-50-11_incident_stopped_zone_near-shoulder.jpg,nb,11510.18333,-77.41345723,near,shoulder,-1
N2C11,32.82699902,-83.73109564,n,7/5/2018,3,Thursday,0:39:36,incident_stopped,2018-07-05_00-39-36_incident_stopped_zone_near-shoulder.jpg,nb,11559.6,-51.41367576,near,shoulder,-1
S2C17,32.84950348,-83.74113514,s,7/5/2018,3,Thursday,7:02:36,incident_stopped,2018-07-05_07-02-36_incident_stopped_zone_nb-shoulder.jpg,nb,11942.6,-43.18705025,nb,shoulder,-1
N1C39,32.95177015,-83.81217745,n,7/5/2018,3,Thursday,7:31:51,incident_stopped,2018-07-05_07-31-51_incident_stopped_zone_ramp-shoulder.jpg,nb,11971.85,-2.4510298,ramp,shoulder,-1
S2C08,32.80622138,-83.72432815,s,7/5/2018,3,Thursday,8:01:29,incident_stopped,2018-07-05_08-01-29_incident_stopped_zone_nb-shoulder.jpg,nb,12001.48333,-58.705165,nb,shoulder,-1
S1C21,32.86987654,-83.75830175,s,7/5/2018,3,Thursday,8:22:45,incident_stopped,2018-07-05_08-22-45_incident_stopped_zone_nb-shoulder.jpg,nb,12022.75,-34.62822647,nb,shoulder,-1
N1C16,32.84577945,-83.73888874,n,7/5/2018,3,Thursday,8:27:12,incident_stopped,2018-07-05_08-27-12_incident_stopped_zone_near-shoulder.jpg,nb,12027.2,-44.6283787,near,shoulder,-1
BIBB-CAM-032,32.88240434,-83.7719413,s,7/5/2018,3,Thursday,9:22:23,incident_stopped,2018-07-05_09-22-23_incident_stopped_zone_nb-shoulder.jpg,nb,12082.38333,-29.00171497,nb,shoulder,-1
N2C25,32.88361771,-83.77234944,n,7/5/2018,3,Thursday,9:24:41,incident_stopped,2018-07-05_09-24-41_incident_stopped_zone_nb-shoulder.jpg,nb,12084.68333,-28.57124979,nb,shoulder,-1
N1C25,32.88361771,-83.77234944,n,7/5/2018,3,Thursday,9:24:44,incident_stopped,2018-07-05_09-24-44_incident_stopped_zone_ramp-shoulder.jpg,nb,12084.73333,-28.57124979,ramp,shoulder,-1
N2C01,32.76613511,-83.71030216,n,7/5/2018,3,Thursday,9:33:33,incident_stopped,2018-07-05_09-33-33_incident_stopped_zone_nb-shoulder.jpg,nb,12093.55,-72.97440738,nb,shoulder,-1
N1C10,32.82260317,-83.73001566,n,7/5/2018,3,Thursday,9:36:03,incident_stopped,2018-07-05_09-36-03_incident_stopped_zone_nb-shoulder.jpg,nb,12096.05,-52.90603101,nb,shoulder,-1
N1C19,32.85953942,-83.7465392,n,7/5/2018,3,Thursday,9:46:22,incident_stopped,2018-07-05_09-46-22_incident_stopped_zone_nb-shoulder.jpg,nb,12106.36667,-39.39570165,nb,shoulder,-1
N2C22,32.87317142,-83.76128066,n,7/5/2018,3,Thursday,9:49:05,incident_stopped,2018-07-05_09-49-05_incident_stopped_zone_nb-shoulder.jpg,nb,12109.08333,-33.22037987,nb,shoulder,-1
BIBB-CAM-031,32.87958032,-83.76886573,s,7/5/2018,3,Thursday,9:52:28,incident_stopped,2018-07-05_09-52-28_incident_stopped_zone_nb-shoulder.jpg,nb,12112.46667,-30.26227087,nb,shoulder,-1
N2C03,32.78071485,-83.71530658,n,7/5/2018,3,Thursday,10:28:44,incident_stopped,2018-07-05_10-28-44_incident_stopped_zone_nb-shoulder.jpg,nb,12148.73333,-67.78810628,nb,shoulder,-1
S1C21,32.86987654,-83.75830175,s,7/5/2018,3,Thursday,10:34:27,incident_stopped,2018-07-05_10-34-27_incident_stopped_zone_nb-shoulder.jpg,nb,12154.45,-34.62822647,nb,shoulder,-1
N1C21,32.86981764,-83.75767111,n,7/5/2018,3,Thursday,10:34:31,incident_stopped,2018-07-05_10-34-31_incident_stopped_zone_nb-shoulder.jpg,nb,12154.51667,-34.7310666,nb,shoulder,-1
N2C40,32.751099,-83.713281,n,7/5/2018,3,Thursday,10:41:39,incident_stopped,2018-07-05_10-41-39_incident_stopped_zone_near-shoulder.jpg,nb,12161.65,-77.41345723,near,shoulder,-1
N1C07,32.80647151,-83.72379194,n,7/5/2018,3,Thursday,11:48:59,incident_stopped,2018-07-05_11-48-59_incident_stopped_zone_ramp-shoulder.jpg,nb,12228.98333,-58.69634095,ramp,shoulder,-1
S1C33,32.92513731,-83.80220611,s,7/5/2018,3,Thursday,12:11:54,incident_stopped,2018-07-05_12-11-54_incident_stopped_zone_nb-shoulder.jpg,nb,12251.9,-12.07189332,nb,shoulder,-1
S2C33,32.92513731,-83.80220611,s,7/5/2018,3,Thursday,12:11:55,incident_stopped,2018-07-05_12-11-55_incident_stopped_zone_nb-shoulder.jpg,nb,12251.91667,-12.07189332,nb,shoulder,-1
S1C28,32.90013203,-83.7863588,s,7/5/2018,3,Thursday,12:14:12,incident_stopped,2018-07-05_12-14-12_incident_stopped_zone_nb-shoulder.jpg,nb,12254.2,-21.73107036,nb,shoulder,-1
N1C19,32.85953942,-83.7465392,n,7/5/2018,3,Thursday,12:17:36,incident_stopped,2018-07-05_12-17-36_incident_stopped_zone_nb-shoulder.jpg,nb,12257.6,-39.39570165,nb,shoulder,-1
N2C17,32.84958885,-83.74065988,n,7/5/2018,3,Thursday,12:34:23,incident_stopped,2018-07-05_12-34-23_incident_stopped_zone_nb-shoulder.jpg,nb,12274.38333,-43.22840936,nb,shoulder,-1
N2C40,32.751099,-83.713281,n,7/5/2018,3,Thursday,12:48:29,incident_stopped,2018-07-05_12-48-29_incident_stopped_zone_near-shoulder.jpg,nb,12288.48333,-77.41345723,near,shoulder,-1
N1C21,32.86981764,-83.75767111,n,7/5/2018,3,Thursday,12:56:19,incident_stopped,2018-07-05_12-56-19_incident_stopped_zone_nb-shoulder.jpg,nb,12296.31667,-34.7310666,nb,shoulder,-1
S1C21,32.86987654,-83.75830175,s,7/5/2018,3,Thursday,12:56:29,incident_stopped,2018-07-05_12-56-29_incident_stopped_zone_nb-shoulder.jpg,nb,12296.48333,-34.62822647,nb,shoulder,-1
BIBB-CAM-036,32.91536047,-83.79703412,s,7/5/2018,3,Thursday,13:15:08,incident_stopped,2018-07-05_13-15-08_incident_stopped_zone_far-shoulder.jpg,nb,12315.13333,-15.73785658,far,shoulder,-1
N1C25,32.88361771,-83.77234944,n,7/5/2018,3,Thursday,13:16:31,incident_stopped,2018-07-05_13-16-31_incident_stopped_zone_ramp-shoulder.jpg,nb,12316.51667,-28.57124979,ramp,shoulder,-1
N2C11,32.82699902,-83.73109564,n,7/5/2018,3,Thursday,14:18:14,incident_stopped,2018-07-05_14-18-14_incident_stopped_zone_near-shoulder.jpg,nb,12378.23333,-51.41367576,near,shoulder,-1
N1C06,32.79465366,-83.72010538,n,7/5/2018,3,Thursday,14:31:51,incident_stopped,2018-07-05_14-31-51_incident_stopped_zone_nb-shoulder.jpg,nb,12391.85,-62.83684554,nb,shoulder,-1
BIBB-CAM-037,32.92513731,-83.80220611,s,7/5/2018,3,Thursday,15:25:38,incident_stopped,2018-07-05_15-25-38_incident_stopped_zone_nb-shoulder.jpg,nb,12445.63333,-12.07189332,nb,shoulder,-1
N2C40,32.751099,-83.713281,n,7/5/2018,3,Thursday,16:11:26,incident_stopped,2018-07-05_16-11-26_incident_stopped_zone_near-shoulder.jpg,nb,12491.43333,-77.41345723,near,shoulder,-1
N1C09,32.81772219,-83.72879532,n,7/5/2018,3,Thursday,16:17:53,incident_stopped,2018-07-05_16-17-53_incident_stopped_zone_nb-shoulder.jpg,nb,12497.88333,-54.56967025,nb,shoulder,-1
N2C01,32.76613511,-83.71030216,n,7/5/2018,3,Thursday,16:33:41,incident_stopped,2018-07-05_16-33-41_incident_stopped_zone_nb-shoulder.jpg,nb,12513.68333,-72.97440738,nb,shoulder,-1
N1C01,32.76613511,-83.71030216,n,7/5/2018,3,Thursday,16:35:26,incident_stopped,2018-07-05_16-35-26_incident_stopped_zone_nb-shoulder.jpg,nb,12515.43333,-72.97440738,nb,shoulder,-1
N1C21,32.86981764,-83.75767111,n,7/5/2018,3,Thursday,17:12:25,incident_stopped,2018-07-05_17-12-25_incident_stopped_zone_nb-shoulder.jpg,nb,12552.41667,-34.7310666,nb,shoulder,-1
N1C40,32.751099,-83.713281,n,7/5/2018,3,Thursday,17:41:11,incident_stopped,2018-07-05_17-41-11_incident_stopped_zone_nb-shoulder.jpg,nb,12581.18333,-77.41345723,nb,shoulder,-1
N1C03,32.78071485,-83.71530658,n,7/5/2018,3,Thursday,18:05:30,incident_stopped,2018-07-05_18-05-30_incident_stopped_zone_nb-shoulder.jpg,nb,12605.5,-67.78810628,nb,shoulder,-1
BIBB-CAM-014,32.7850913,-83.71806273,n,7/5/2018,3,Thursday,18:08:13,incident_stopped,2018-07-05_18-08-13_incident_stopped_zone_nb-shoulder.jpg,nb,12608.21667,-66.07987571,nb,shoulder,-1
S2C04,32.78488999,-83.71869237,s,7/5/2018,3,Thursday,18:11:46,incident_stopped,2018-07-05_18-11-46_incident_stopped_zone_nb-shoulder.jpg,nb,12611.76667,-66.06682308,nb,shoulder,-1
S2C18,32.85465632,-83.74348346,s,7/5/2018,3,Thursday,18:37:58,incident_stopped,2018-07-05_18-37-58_incident_stopped_zone_nb-shoulder.jpg,nb,12637.96667,-41.30069476,nb,shoulder,-1
N2C03,32.78071485,-83.71530658,n,7/5/2018,3,Thursday,19:15:40,incident_stopped,2018-07-05_19-15-40_incident_stopped_zone_nb-shoulder.jpg,nb,12675.66667,-67.78810628,nb,shoulder,-1
N2C01,32.76613511,-83.71030216,n,7/5/2018,3,Thursday,20:08:14,incident_stopped,2018-07-05_20-08-14_incident_stopped_zone_nb-shoulder.jpg,nb,12728.23333,-72.97440738,nb,shoulder,-1
N1C01,32.76613511,-83.71030216,n,7/5/2018,3,Thursday,20:08:19,incident_stopped,2018-07-05_20-08-19_incident_stopped_zone_nb-shoulder.jpg,nb,12728.31667,-72.97440738,nb,shoulder,-1
N1C03,32.78071485,-83.71530658,n,7/5/2018,3,Thursday,20:12:28,incident_stopped,2018-07-05_20-12-28_incident_stopped_zone_nb-shoulder.jpg,nb,12732.46667,-67.78810628,nb,shoulder,-1
BIBB-CAM-014,32.7850913,-83.71806273,n,7/5/2018,3,Thursday,20:12:29,incident_stopped,2018-07-05_20-12-29_incident_stopped_zone_nb-shoulder.jpg,nb,12732.48333,-66.07987571,nb,shoulder,-1
N1C11,32.82699902,-83.73109564,n,7/5/2018,3,Thursday,22:41:29,incident_stopped,2018-07-05_22-41-29_incident_stopped_zone_nb-shoulder.jpg,nb,12881.48333,-51.41367576,nb,shoulder,-1
S2C24,32.87958032,-83.76886573,s,7/5/2018,3,Thursday,23:04:12,incident_stopped,2018-07-05_23-04-12_incident_stopped_zone_nb-shoulder.jpg,nb,12904.2,-30.26227087,nb,shoulder,-1
N3C38,32.94876151,-83.81228301,n,7/5/2018,3,Thursday,23:58:06,incident_stopped,2018-07-05_23-58-06_incident_stopped_zone_nb-shoulder.jpg,nb,12958.1,-3.479229064,nb,shoulder,-1
N1C11,32.82699902,-83.73109564,n,7/6/2018,4,Friday,1:36:41,incident_stopped,2018-07-06_01-36-41_incident_stopped_zone_nb-shoulder.jpg,nb,13056.68333,-51.41367576,nb,shoulder,-1
S1C21,32.86987654,-83.75830175,s,7/6/2018,4,Friday,4:04:43,incident_stopped,2018-07-06_04-04-43_incident_stopped_zone_nb-shoulder.jpg,nb,13204.71667,-34.62822647,nb,shoulder,-1
S1C28,32.90013203,-83.7863588,s,7/6/2018,4,Friday,6:41:33,incident_stopped,2018-07-06_06-41-33_incident_stopped_zone_nb-shoulder.jpg,nb,13361.55,-21.73107036,nb,shoulder,-1
N2C03,32.78071485,-83.71530658,n,7/6/2018,4,Friday,6:42:09,incident_stopped,2018-07-06_06-42-09_incident_stopped_zone_nb-shoulder.jpg,nb,13362.15,-67.78810628,nb,shoulder,-1
N2C03,32.78071485,-83.71530658,n,7/6/2018,4,Friday,9:13:55,incident_stopped,2018-07-06_09-13-55_incident_stopped_zone_nb-shoulder.jpg,nb,13513.91667,-67.78810628,nb,shoulder,-1
N1C19,32.85953942,-83.7465392,n,7/6/2018,4,Friday,9:24:21,incident_stopped,2018-07-06_09-24-21_incident_stopped_zone_nb-shoulder.jpg,nb,13524.35,-39.39570165,nb,shoulder,-1
N3C02,32.76990531,-83.71029631,n,7/6/2018,4,Friday,10:03:32,incident_stopped,2018-07-06_10-03-32_incident_stopped_zone_nb-lanes.jpg,nb,13563.53333,-71.78891913,nb,lanes,-1
N2C32,32.91549987,-83.79665373,n,7/6/2018,4,Friday,10:09:02,incident_stopped,2018-07-06_10-09-02_incident_stopped_zone_nb-shoulder.jpg,nb,13569.03333,-15.72572861,nb,shoulder,-1
N2C03,32.78071485,-83.71530658,n,7/6/2018,4,Friday,10:54:31,incident_stopped,2018-07-06_10-54-31_incident_stopped_zone_nb-shoulder.jpg,nb,13614.51667,-67.78810628,nb,shoulder,-1
N1C21,32.86981764,-83.75767111,n,7/6/2018,4,Friday,11:03:31,incident_stopped,2018-07-06_11-03-31_incident_stopped_zone_nb-shoulder.jpg,nb,13623.51667,-34.7310666,nb,shoulder,-1
N2C39,32.95177015,-83.81217745,n,7/6/2018,4,Friday,11:03:55,incident_stopped,2018-07-06_11-03-55_incident_stopped_zone_near-shoulder.jpg,nb,13623.91667,-2.4510298,near,shoulder,-1
S1C21,32.86987654,-83.75830175,s,7/6/2018,4,Friday,11:22:17,incident_stopped,2018-07-06_11-22-17_incident_stopped_zone_nb-shoulder.jpg,nb,13642.28333,-34.62822647,nb,shoulder,-1
S1C30,32.91200591,-83.79524157,s,7/6/2018,4,Friday,11:31:26,incident_stopped,2018-07-06_11-31-26_incident_stopped_zone_nb-lanes.jpg,nb,13651.43333,-17.00028257,nb,lanes,-1
S1C32,32.92026721,-83.79963273,s,7/6/2018,4,Friday,11:51:41,incident_stopped,2018-07-06_11-51-41_incident_stopped_zone_nb-shoulder.jpg,nb,13671.68333,-13.89579256,nb,shoulder,-1
N2C22,32.87317142,-83.76128066,n,7/6/2018,4,Friday,11:56:47,incident_stopped,2018-07-06_11-56-47_incident_stopped_zone_nb-shoulder.jpg,nb,13676.78333,-33.22037987,nb,shoulder,-1
N1C04,32.7850913,-83.71806273,n,7/6/2018,4,Friday,12:01:24,incident_congestion,2018-07-06_12-01-24_incident_congestion_zone_nb-lanes.jpg,nb,13681.4,-66.07987571,nb,lanes,-1
S2C38,32.95157525,-83.81265346,s,7/6/2018,4,Friday,12:03:25,incident_stopped,2018-07-06_12-03-25_incident_stopped_zone_north-shoulder.jpg,nb,13683.41667,-2.501382112,north,shoulder,-1
N2C01,32.76613511,-83.71030216,n,7/6/2018,4,Friday,12:45:45,incident_stopped,2018-07-06_12-45-45_incident_stopped_zone_nb-shoulder.jpg,nb,13725.75,-72.97440738,nb,shoulder,-1
N2C03,32.78071485,-83.71530658,n,7/6/2018,4,Friday,13:02:35,incident_stopped,2018-07-06_13-02-35_incident_stopped_zone_nb-shoulder.jpg,nb,13742.58333,-67.78810628,nb,shoulder,-1
N1C07,32.80647151,-83.72379194,n,7/6/2018,4,Friday,13:08:39,incident_stopped,2018-07-06_13-08-39_incident_stopped_zone_ramp-shoulder.jpg,nb,13748.65,-58.69634095,ramp,shoulder,-1
N1C33,32.92077604,-83.79943309,n,7/6/2018,4,Friday,13:58:49,incident_congestion,2018-07-06_13-58-49_incident_congestion_zone_nb-lanes.jpg,nb,13798.81667,-13.74452878,nb,lanes,-1
BIBB-CAM-009,32.76613511,-83.71030216,n,7/6/2018,4,Friday,13:59:00,incident_stopped,2018-07-06_13-59-00_incident_stopped.jpg,nb,13799,-72.97440738,,,-1
S1C30,32.91200591,-83.79524157,s,7/6/2018,4,Friday,14:08:35,incident_stopped,2018-07-06_14-08-35_incident_stopped_zone_nb-shoulder.jpg,nb,13808.58333,-17.00028257,nb,shoulder,-1
S1C21,32.86987654,-83.75830175,s,7/6/2018,4,Friday,14:53:52,incident_stopped,2018-07-06_14-53-52_incident_stopped_zone_nb-shoulder.jpg,nb,13853.86667,-34.62822647,nb,shoulder,-1
N2C33,32.92077604,-83.79943309,n,7/6/2018,4,Friday,15:20:32,incident_stopped,2018-07-06_15-20-32_incident_stopped_zone_nb-shoulder.jpg,nb,13880.53333,-13.74452878,nb,shoulder,-1
S2C12,32.82694969,-83.73158785,s,7/6/2018,4,Friday,15:38:58,incident_stopped,2018-07-06_15-38-58_incident_stopped_zone_nb-shoulder.jpg,nb,13898.96667,-51.36261191,nb,shoulder,-1
N2C11,32.82699902,-83.73109564,n,7/6/2018,4,Friday,15:38:58,incident_stopped,2018-07-06_15-38-58_incident_stopped_zone_near-shoulder.jpg,nb,13898.96667,-51.41367576,near,shoulder,-1
BIBB-CAM-036,32.91536047,-83.79703412,s,7/6/2018,4,Friday,15:42:57,incident_stopped,2018-07-06_15-42-57_incident_stopped_zone_far-shoulder.jpg,nb,13902.95,-15.73785658,far,shoulder,-1
N2C22,32.87317142,-83.76128066,n,7/6/2018,4,Friday,15:43:11,incident_stopped,2018-07-06_15-43-11_incident_stopped_zone_nb-shoulder.jpg,nb,13903.18333,-33.22037987,nb,shoulder,-1
N3C41,32.7558,-83.709193,n,7/6/2018,4,Friday,15:59:52,incident_stopped,2018-07-06_15-59-52_incident_stopped_zone_nb-shoulder.jpg,nb,13919.86667,-76.37247586,nb,shoulder,-1
S2C11,32.82254015,-83.73046915,s,7/6/2018,4,Friday,16:14:01,incident_congestion,2018-07-06_16-14-01_incident_congestion_zone_nb-lanes.jpg,nb,13934.01667,-52.86537408,nb,lanes,-1
N2C01,32.76613511,-83.71030216,n,7/6/2018,4,Friday,16:19:09,incident_stopped,2018-07-06_16-19-09_incident_stopped_zone_nb-shoulder.jpg,nb,13939.15,-72.97440738,nb,shoulder,-1
N1C01,32.76613511,-83.71030216,n,7/6/2018,4,Friday,16:19:21,incident_stopped,2018-07-06_16-19-21_incident_stopped_zone_nb-shoulder.jpg,nb,13939.35,-72.97440738,nb,shoulder,-1
N2C03,32.78071485,-83.71530658,n,7/6/2018,4,Friday,16:27:36,incident_stopped,2018-07-06_16-27-36_incident_stopped_zone_nb-shoulder.jpg,nb,13947.6,-67.78810628,nb,shoulder,-1
N1C06,32.79465366,-83.72010538,n,7/6/2018,4,Friday,16:47:49,incident_stopped,2018-07-06_16-47-49_incident_stopped_zone_nb-shoulder.jpg,nb,13967.81667,-62.83684554,nb,shoulder,-1
N2C40,32.751099,-83.713281,n,7/6/2018,4,Friday,17:58:55,incident_stopped,2018-07-06_17-58-55_incident_stopped_zone_near-shoulder.jpg,nb,14038.91667,-77.41345723,near,shoulder,-1
BIBB-CAM-020,32.81017134,-83.72613824,s,7/6/2018,4,Friday,19:22:33,incident_stopped,2018-07-06_19-22-33_incident_stopped_zone_far-shoulder.jpg,nb,14122.55,-57.24864799,far,shoulder,-1
N1C40,32.751099,-83.713281,n,7/6/2018,4,Friday,20:15:57,incident_stopped,2018-07-06_20-15-57_incident_stopped_zone_nb-shoulder.jpg,nb,14175.95,-77.41345723,nb,shoulder,-1
N2C03,32.78071485,-83.71530658,n,7/6/2018,4,Friday,20:49:21,incident_stopped,2018-07-06_20-49-21_incident_stopped_zone_nb-shoulder.jpg,nb,14209.35,-67.78810628,nb,shoulder,-1
S2C08,32.80622138,-83.72432815,s,7/7/2018,5,Saturday,2:10:56,incident_stopped,2018-07-07_02-10-56_incident_stopped_zone_nb-shoulder.jpg,nb,14530.93333,-58.705165,nb,shoulder,-1
S1C21,32.86987654,-83.75830175,s,7/7/2018,5,Saturday,9:03:37,incident_stopped,2018-07-07_09-03-37_incident_stopped_zone_nb-shoulder.jpg,nb,14943.61667,-34.62822647,nb,shoulder,-1
S1C12,32.82694969,-83.73158785,s,7/7/2018,5,Saturday,9:37:20,incident_stopped,2018-07-07_09-37-20_incident_stopped_zone_nb-shoulder.jpg,nb,14977.33333,-51.36261191,nb,shoulder,-1
N2C03,32.78071485,-83.71530658,n,7/7/2018,5,Saturday,10:11:38,incident_stopped,2018-07-07_10-11-38_incident_stopped_zone_nb-shoulder.jpg,nb,15011.63333,-67.78810628,nb,shoulder,-1
N1C07,32.80647151,-83.72379194,n,7/7/2018,5,Saturday,10:34:11,incident_stopped,2018-07-07_10-34-11_incident_stopped_zone_ramp-shoulder.jpg,nb,15034.18333,-58.69634095,ramp,shoulder,-1
S1C33,32.92513731,-83.80220611,s,7/7/2018,5,Saturday,10:41:36,incident_stopped,2018-07-07_10-41-36_incident_stopped_zone_nb-shoulder.jpg,nb,15041.6,-12.07189332,nb,shoulder,-1
S1C21,32.86987654,-83.75830175,s,7/7/2018,5,Saturday,11:06:06,incident_stopped,2018-07-07_11-06-06_incident_stopped_zone_nb-shoulder.jpg,nb,15066.1,-34.62822647,nb,shoulder,-1
N1C26,32.88798194,-83.77607704,n,7/7/2018,5,Saturday,11:51:49,incident_stopped,2018-07-07_11-51-49_incident_stopped_zone_nb-shoulder.jpg,nb,15111.81667,-26.75233619,nb,shoulder,-1
N2C03,32.78071485,-83.71530658,n,7/7/2018,5,Saturday,11:57:53,incident_stopped,2018-07-07_11-57-53_incident_stopped_zone_nb-shoulder.jpg,nb,15117.88333,-67.78810628,nb,shoulder,-1
N1C03,32.78071485,-83.71530658,n,7/7/2018,5,Saturday,12:36:13,incident_stopped,2018-07-07_12-36-13_incident_stopped_zone_nb-shoulder.jpg,nb,15156.21667,-67.78810628,nb,shoulder,-1
BIBB-CAM-023,32.82699902,-83.73109564,n,7/7/2018,5,Saturday,12:41:00,incident_stopped,2018-07-07_12-41-00_incident_stopped_zone_nb-shoulder.jpg,nb,15161,-51.41367576,nb,shoulder,-1
BIBB-CAM-037,32.92513731,-83.80220611,s,7/7/2018,5,Saturday,12:47:21,incident_stopped,2018-07-07_12-47-21_incident_stopped_zone_nb-shoulder.jpg,nb,15167.35,-12.07189332,nb,shoulder,-1
S1C28,32.90013203,-83.7863588,s,7/7/2018,5,Saturday,13:34:20,incident_stopped,2018-07-07_13-34-20_incident_stopped_zone_nb-shoulder.jpg,nb,15214.33333,-21.73107036,nb,shoulder,-1
N2C01,32.76613511,-83.71030216,n,7/7/2018,5,Saturday,13:46:08,incident_stopped,2018-07-07_13-46-08_incident_stopped_zone_nb-shoulder.jpg,nb,15226.13333,-72.97440738,nb,shoulder,-1
N2C33,32.92077604,-83.79943309,n,7/7/2018,5,Saturday,13:47:20,incident_stopped,2018-07-07_13-47-20_incident_stopped_zone_nb-shoulder.jpg,nb,15227.33333,-13.74452878,nb,shoulder,-1
BIBB-CAM-022,32.82254015,-83.73046915,s,7/7/2018,5,Saturday,14:08:39,incident_stopped,2018-07-07_14-08-39_incident_stopped_zone_nb-shoulder.jpg,nb,15248.65,-52.86537408,nb,shoulder,-1
N2C09,32.81772219,-83.72879532,n,7/7/2018,5,Saturday,14:16:29,incident_stopped,2018-07-07_14-16-29_incident_stopped_zone_nb-shoulder.jpg,nb,15256.48333,-54.56967025,nb,shoulder,-1
N1C41,32.7558,-83.709193,n,7/7/2018,5,Saturday,14:25:47,incident_stopped,2018-07-07_14-25-47_incident_stopped_zone_nb-shoulder.jpg,nb,15265.78333,-76.37247586,nb,shoulder,-1
S1C21,32.86987654,-83.75830175,s,7/7/2018,5,Saturday,14:33:59,incident_stopped,2018-07-07_14-33-59_incident_stopped_zone_nb-shoulder.jpg,nb,15273.98333,-34.62822647,nb,shoulder,-1
N1C03,32.78071485,-83.71530658,n,7/7/2018,5,Saturday,15:47:46,incident_stopped,2018-07-07_15-47-46_incident_stopped_zone_nb-shoulder.jpg,nb,15347.76667,-67.78810628,nb,shoulder,-1
N1C21,32.86981764,-83.75767111,n,7/7/2018,5,Saturday,16:05:21,incident_stopped,2018-07-07_16-05-21_incident_stopped_zone_nb-shoulder.jpg,nb,15365.35,-34.7310666,nb,shoulder,-1
N2C33,32.92077604,-83.79943309,n,7/7/2018,5,Saturday,16:05:26,incident_stopped,2018-07-07_16-05-26_incident_stopped_zone_nb-shoulder.jpg,nb,15365.43333,-13.74452878,nb,shoulder,-1
N3C02,32.76990531,-83.71029631,n,7/7/2018,5,Saturday,17:13:23,incident_stopped,2018-07-07_17-13-23_incident_stopped_zone_nb-shoulder.jpg,nb,15433.38333,-71.78891913,nb,shoulder,-1
N2C02,32.76990531,-83.71029631,n,7/7/2018,5,Saturday,17:15:05,incident_stopped,2018-07-07_17-15-05_incident_stopped_zone_nb-shoulder.jpg,nb,15435.08333,-71.78891913,nb,shoulder,-1
N1C09,32.81772219,-83.72879532,n,7/7/2018,5,Saturday,17:21:56,incident_stopped,2018-07-07_17-21-56_incident_stopped_zone_nb-shoulder.jpg,nb,15441.93333,-54.56967025,nb,shoulder,-1
N2C01,32.76613511,-83.71030216,n,7/7/2018,5,Saturday,17:44:23,incident_stopped,2018-07-07_17-44-23_incident_stopped_zone_nb-shoulder.jpg,nb,15464.38333,-72.97440738,nb,shoulder,-1
S2C19,32.85919079,-83.74676747,s,7/7/2018,5,Saturday,17:56:51,incident_stopped,2018-07-07_17-56-51_incident_stopped_zone_nb-shoulder.jpg,nb,15476.85,-39.46810985,nb,shoulder,-1
BIBB-CAM-027,32.85953942,-83.7465392,n,7/7/2018,5,Saturday,17:56:56,incident_stopped,2018-07-07_17-56-56_incident_stopped_zone_nb-shoulder.jpg,nb,15476.93333,-39.39570165,nb,shoulder,-1
S1C32,32.92026721,-83.79963273,s,7/7/2018,5,Saturday,18:02:46,incident_stopped,2018-07-07_18-02-46_incident_stopped_zone_nb-lanes.jpg,nb,15482.76667,-13.89579256,nb,lanes,-1
BIBB-CAM-014,32.7850913,-83.71806273,n,7/7/2018,5,Saturday,18:14:36,incident_stopped,2018-07-07_18-14-36_incident_stopped_zone_nb-shoulder.jpg,nb,15494.6,-66.07987571,nb,shoulder,-1
BIBB-CAM-016,32.78992515,-83.7196095,n,7/7/2018,5,Saturday,18:41:34,incident_stopped,2018-07-07_18-41-34_incident_stopped_zone_nb-shoulder.jpg,nb,15521.56667,-64.37580962,nb,shoulder,-1
N1C39,32.95177015,-83.81217745,n,7/7/2018,5,Saturday,19:00:01,incident_stopped,2018-07-07_19-00-01_incident_stopped_zone_ramp-shoulder.jpg,nb,15540.01667,-2.4510298,ramp,shoulder,-1
N2C39,32.95177015,-83.81217745,n,7/7/2018,5,Saturday,19:49:41,incident_stopped,2018-07-07_19-49-41_incident_stopped_zone_near-shoulder.jpg,nb,15589.68333,-2.4510298,near,shoulder,-1
S1C28,32.90013203,-83.7863588,s,7/7/2018,5,Saturday,20:10:41,incident_stopped,2018-07-07_20-10-41_incident_stopped_zone_nb-shoulder.jpg,nb,15610.68333,-21.73107036,nb,shoulder,-1
S1C27,32.89654773,-83.78351592,s,7/7/2018,5,Saturday,20:10:42,incident_stopped,2018-07-07_20-10-42_incident_stopped_zone_nb-shoulder.jpg,nb,15610.7,-23.1858178,nb,shoulder,-1
N1C40,32.751099,-83.713281,n,7/7/2018,5,Saturday,20:13:48,incident_stopped,2018-07-07_20-13-48_incident_stopped_zone_nb-shoulder.jpg,nb,15613.8,-77.41345723,nb,shoulder,-1
N1C06,32.79465366,-83.72010538,n,7/7/2018,5,Saturday,20:20:34,incident_stopped,2018-07-07_20-20-34_incident_stopped_zone_nb-shoulder.jpg,nb,15620.56667,-62.83684554,nb,shoulder,-1
BIBB-CAM-034,32.90013203,-83.7863588,s,7/7/2018,5,Saturday,20:31:33,incident_stopped,2018-07-07_20-31-33_incident_stopped_zone_nb-lanes.jpg,nb,15631.55,-21.73107036,nb,lanes,-1
S2C23,32.8774369,-83.7665846,s,7/7/2018,5,Saturday,21:36:49,incident_stopped,2018-07-07_21-36-49_incident_stopped_zone_far-shoulder.jpg,nb,15696.81667,-31.21570867,far,shoulder,-1
S2C12,32.82694969,-83.73158785,s,7/7/2018,5,Saturday,22:40:05,incident_stopped,2018-07-07_22-40-05_incident_stopped_zone_nb-shoulder.jpg,nb,15760.08333,-51.36261191,nb,shoulder,-1
N2C11,32.82699902,-83.73109564,n,7/7/2018,5,Saturday,22:40:06,incident_stopped,2018-07-07_22-40-06_incident_stopped_zone_near-shoulder.jpg,nb,15760.1,-51.41367576,near,shoulder,-1
N1C21,32.86981764,-83.75767111,n,7/8/2018,6,Sunday,0:20:48,incident_stopped,2018-07-08_00-20-48_incident_stopped_zone_nb-shoulder.jpg,nb,15860.8,-34.7310666,nb,shoulder,-1
S1C21,32.86987654,-83.75830175,s,7/8/2018,6,Sunday,0:20:54,incident_stopped,2018-07-08_00-20-54_incident_stopped_zone_nb-shoulder.jpg,nb,15860.9,-34.62822647,nb,shoulder,-1
S2C09,32.81017134,-83.72613824,s,7/8/2018,6,Sunday,0:40:42,incident_stopped,2018-07-08_00-40-42_incident_stopped_zone_nb-shoulder.jpg,nb,15880.7,-57.24864799,nb,shoulder,-1
S3C03,32.78046082,-83.71590778,s,7/8/2018,6,Sunday,6:31:23,incident_stopped,2018-07-08_06-31-23_incident_stopped_zone_nb-shoulder.jpg,nb,16231.38333,-67.79477411,nb,shoulder,-1
BIBB-CAM-030,32.86987654,-83.75830175,s,7/8/2018,6,Sunday,7:28:51,incident_stopped,2018-07-08_07-28-51_incident_stopped_zone_far-shoulder.jpg,nb,16288.85,-34.62822647,far,shoulder,-1
BIBB-CAM-033,32.89075559,-83.77887713,s,7/8/2018,6,Sunday,8:22:03,incident_stopped,2018-07-08_08-22-03_incident_stopped_zone_nb-lanes.jpg,nb,16342.05,-25.54978527,nb,lanes,-1
N2C03,32.78071485,-83.71530658,n,7/8/2018,6,Sunday,8:44:52,incident_stopped,2018-07-08_08-44-52_incident_stopped_zone_nb-shoulder.jpg,nb,16364.86667,-67.78810628,nb,shoulder,-1
S3C03,32.78046082,-83.71590778,s,7/8/2018,6,Sunday,8:45:03,incident_stopped,2018-07-08_08-45-03_incident_stopped_zone_nb-shoulder.jpg,nb,16365.05,-67.79477411,nb,shoulder,-1
N2C01,32.76613511,-83.71030216,n,7/8/2018,6,Sunday,9:03:24,incident_stopped,2018-07-08_09-03-24_incident_stopped_zone_nb-shoulder.jpg,nb,16383.4,-72.97440738,nb,shoulder,-1
S1C21,32.86987654,-83.75830175,s,7/8/2018,6,Sunday,10:02:03,incident_stopped,2018-07-08_10-02-03_incident_stopped_zone_nb-shoulder.jpg,nb,16442.05,-34.62822647,nb,shoulder,-1
N1C21,32.86981764,-83.75767111,n,7/8/2018,6,Sunday,10:06:26,incident_stopped,2018-07-08_10-06-26_incident_stopped_zone_nb-shoulder.jpg,nb,16446.43333,-34.7310666,nb,shoulder,-1
N2C14,32.83648848,-83.73452853,n,7/8/2018,6,Sunday,10:08:51,incident_stopped,2018-07-08_10-08-51_incident_stopped_zone_nb-shoulder.jpg,nb,16448.85,-48.05166032,nb,shoulder,-1
N1C31,32.90737428,-83.79168212,n,7/8/2018,6,Sunday,10:09:38,incident_congestion,2018-07-08_10-09-38_incident_congestion_zone_nb-lanes.jpg,nb,16449.63333,-18.84792303,nb,lanes,-1
N2C33,32.92077604,-83.79943309,n,7/8/2018,6,Sunday,10:34:35,incident_stopped,2018-07-08_10-34-35_incident_stopped_zone_nb-shoulder.jpg,nb,16474.58333,-13.74452878,nb,shoulder,-1
N2C39,32.95177015,-83.81217745,n,7/8/2018,6,Sunday,10:41:02,incident_stopped,2018-07-08_10-41-02_incident_stopped_zone_near-shoulder.jpg,nb,16481.03333,-2.4510298,near,shoulder,-1
S2C38,32.95157525,-83.81265346,s,7/8/2018,6,Sunday,10:41:07,incident_stopped,2018-07-08_10-41-07_incident_stopped_zone_north-shoulder.jpg,nb,16481.11667,-2.501382112,north,shoulder,-1
N3C38,32.94876151,-83.81228301,n,7/8/2018,6,Sunday,10:52:35,incident_stopped,2018-07-08_10-52-35_incident_stopped_zone_nb-shoulder.jpg,nb,16492.58333,-3.479229064,nb,shoulder,-1
N1C17,32.84958885,-83.74065988,n,7/8/2018,6,Sunday,11:08:04,incident_stopped,2018-07-08_11-08-04_incident_stopped_zone_nb-shoulder.jpg,nb,16508.06667,-43.22840936,nb,shoulder,-1
N2C01,32.76613511,-83.71030216,n,7/8/2018,6,Sunday,11:15:47,incident_stopped,2018-07-08_11-15-47_incident_stopped_zone_nb-shoulder.jpg,nb,16515.78333,-72.97440738,nb,shoulder,-1
S1C21,32.86987654,-83.75830175,s,7/8/2018,6,Sunday,12:35:17,incident_stopped,2018-07-08_12-35-17_incident_stopped_zone_nb-shoulder.jpg,nb,16595.28333,-34.62822647,nb,shoulder,-1
N1C40,32.751099,-83.713281,n,7/8/2018,6,Sunday,12:35:29,incident_stopped,2018-07-08_12-35-29_incident_stopped_zone_nb-lanes.jpg,nb,16595.48333,-77.41345723,nb,lanes,-1
BIBB-CAM-014,32.7850913,-83.71806273,n,7/8/2018,6,Sunday,12:46:24,incident_stopped,2018-07-08_12-46-24_incident_stopped_zone_nb-shoulder.jpg,nb,16606.4,-66.07987571,nb,shoulder,-1
N1C21,32.86981764,-83.75767111,n,7/8/2018,6,Sunday,13:43:33,incident_stopped,2018-07-08_13-43-33_incident_stopped_zone_nb-shoulder.jpg,nb,16663.55,-34.7310666,nb,shoulder,-1
S1C32,32.92026721,-83.79963273,s,7/8/2018,6,Sunday,14:18:10,incident_stopped,2018-07-08_14-18-10_incident_stopped_zone_nb-lanes.jpg,nb,16698.16667,-13.89579256,nb,lanes,-1
S1C12,32.82694969,-83.73158785,s,7/8/2018,6,Sunday,14:43:34,incident_stopped,2018-07-08_14-43-34_incident_stopped_zone_nb-shoulder.jpg,nb,16723.56667,-51.36261191,nb,shoulder,-1
BIBB-CAM-014,32.7850913,-83.71806273,n,7/8/2018,6,Sunday,15:11:02,incident_stopped,2018-07-08_15-11-02_incident_stopped_zone_nb-shoulder.jpg,nb,16751.03333,-66.07987571,nb,shoulder,-1
N2C15,32.84068577,-83.73653266,n,7/8/2018,6,Sunday,15:18:06,incident_stopped,2018-07-08_15-18-06_incident_stopped_zone_nb-shoulder.jpg,nb,16758.1,-46.49987236,nb,shoulder,-1
N2C01,32.76613511,-83.71030216,n,7/8/2018,6,Sunday,15:37:46,incident_stopped,2018-07-08_15-37-46_incident_stopped_zone_nb-shoulder.jpg,nb,16777.76667,-72.97440738,nb,shoulder,-1
N1C01,32.76613511,-83.71030216,n,7/8/2018,6,Sunday,15:37:49,incident_stopped,2018-07-08_15-37-49_incident_stopped_zone_nb-shoulder.jpg,nb,16777.81667,-72.97440738,nb,shoulder,-1
N2C03,32.78071485,-83.71530658,n,7/8/2018,6,Sunday,16:04:34,incident_stopped,2018-07-08_16-04-34_incident_stopped_zone_nb-shoulder.jpg,nb,16804.56667,-67.78810628,nb,shoulder,-1
N1C29,32.89985331,-83.78559794,n,7/8/2018,6,Sunday,16:18:19,incident_stopped,2018-07-08_16-18-19_incident_stopped_zone_nb-shoulder.jpg,nb,16818.31667,-21.901237,nb,shoulder,-1
BIBB-CAM-037,32.92513731,-83.80220611,s,7/8/2018,6,Sunday,16:40:48,incident_stopped,2018-07-08_16-40-48_incident_stopped_zone_nb-shoulder.jpg,nb,16840.8,-12.07189332,nb,shoulder,-1
S1C09,32.81017134,-83.72613824,s,7/8/2018,6,Sunday,17:39:01,incident_stopped,2018-07-08_17-39-01_incident_stopped_zone_nb-shoulder.jpg,nb,16899.01667,-57.24864799,nb,shoulder,-1
BIBB-CAM-024,32.8332442,-83.73284142,n,7/8/2018,6,Sunday,18:16:13,incident_stopped,2018-07-08_18-16-13_incident_stopped_zone_nb-shoulder.jpg,nb,16936.21667,-49.27056404,nb,shoulder,-1
N1C39,32.95177015,-83.81217745,n,7/8/2018,6,Sunday,18:18:23,incident_stopped,2018-07-08_18-18-23_incident_stopped_zone_ramp-shoulder.jpg,nb,16938.38333,-2.4510298,ramp,shoulder,-1
N1C01,32.76613511,-83.71030216,n,7/8/2018,6,Sunday,19:04:55,incident_stopped,2018-07-08_19-04-55_incident_stopped_zone_nb-shoulder.jpg,nb,16984.91667,-72.97440738,nb,shoulder,-1
BIBB-CAM-012,32.77593588,-83.71230837,n,7/8/2018,6,Sunday,20:11:34,incident_stopped,2018-07-08_20-11-34_incident_stopped_zone_nb-shoulder.jpg,nb,17051.56667,-69.65221113,nb,shoulder,-1
N2C03,32.78071485,-83.71530658,n,7/8/2018,6,Sunday,20:24:27,incident_stopped,2018-07-08_20-24-27_incident_stopped_zone_nb-shoulder.jpg,nb,17064.45,-67.78810628,nb,shoulder,-1
S2C17,32.84950348,-83.74113514,s,7/8/2018,6,Sunday,20:55:57,incident_stopped,2018-07-08_20-55-57_incident_stopped_zone_nb-shoulder.jpg,nb,17095.95,-43.18705025,nb,shoulder,-1
S1C16,32.84561646,-83.73933607,s,7/8/2018,6,Sunday,20:56:05,incident_stopped,2018-07-08_20-56-05_incident_stopped_zone_nb-shoulder.jpg,nb,17096.08333,-44.61500342,nb,shoulder,-1
N1C03,32.78071485,-83.71530658,n,7/8/2018,6,Sunday,23:06:36,incident_stopped,2018-07-08_23-06-36_incident_stopped_zone_nb-shoulder.jpg,nb,17226.6,-67.78810628,nb,shoulder,-1
N1C25,32.88361771,-83.77234944,n,7/9/2018,0,Monday,0:10:18,incident_stopped,2018-07-09_00-10-18_incident_stopped_zone_ramp-shoulder.jpg,nb,17290.3,-28.57124979,ramp,shoulder,-1
N2C01,32.76613511,-83.71030216,n,7/9/2018,0,Monday,2:16:04,incident_stopped,2018-07-09_02-16-04_incident_stopped_zone_nb-shoulder.jpg,nb,17416.06667,-72.97440738,nb,shoulder,-1
S1C19,32.85919079,-83.74676747,s,7/9/2018,0,Monday,2:34:27,incident_stopped,2018-07-09_02-34-27_incident_stopped_zone_nb-shoulder.jpg,nb,17434.45,-39.46810985,nb,shoulder,-1
N1C14,32.83648848,-83.73452853,n,7/9/2018,0,Monday,4:40:32,incident_stopped,2018-07-09_04-40-32_incident_stopped_zone_ramp-shoulder.jpg,nb,17560.53333,-48.05166032,ramp,shoulder,-1
N2C14,32.83648848,-83.73452853,n,7/9/2018,0,Monday,4:40:37,incident_stopped,2018-07-09_04-40-37_incident_stopped_zone_nb-shoulder.jpg,nb,17560.61667,-48.05166032,nb,shoulder,-1
S1C14,32.83620205,-83.73500536,s,7/9/2018,0,Monday,4:40:37,incident_stopped,2018-07-09_04-40-37_incident_stopped_zone_nb-shoulder.jpg,nb,17560.61667,-48.07309629,nb,shoulder,-1
S2C17,32.84950348,-83.74113514,s,7/9/2018,0,Monday,5:32:06,incident_stopped,2018-07-09_05-32-06_incident_stopped_zone_nb-shoulder.jpg,nb,17612.1,-43.18705025,nb,shoulder,-1
S1C34,32.93499248,-83.80738753,s,7/9/2018,0,Monday,6:51:15,incident_stopped,2018-07-09_06-51-15_incident_stopped_zone_far-shoulder.jpg,nb,17691.25,-8.404850441,far,shoulder,-1
N2C22,32.87317142,-83.76128066,n,7/9/2018,0,Monday,6:53:09,incident_stopped,2018-07-09_06-53-09_incident_stopped_zone_nb-shoulder.jpg,nb,17693.15,-33.22037987,nb,shoulder,-1
S1C15,32.84057153,-83.73697533,s,7/9/2018,0,Monday,7:03:28,incident_stopped,2018-07-09_07-03-28_incident_stopped_zone_nb-shoulder.jpg,nb,17703.46667,-46.47309774,nb,shoulder,-1
S1C09,32.81017134,-83.72613824,s,7/9/2018,0,Monday,7:15:11,incident_stopped,2018-07-09_07-15-11_incident_stopped_zone_nb-shoulder.jpg,nb,17715.18333,-57.24864799,nb,shoulder,-1
S1C16,32.84561646,-83.73933607,s,7/9/2018,0,Monday,7:48:03,incident_stopped,2018-07-09_07-48-03_incident_stopped_zone_nb-shoulder.jpg,nb,17748.05,-44.61500342,nb,shoulder,-1
N3C02,32.76990531,-83.71029631,n,7/9/2018,0,Monday,7:58:06,incident_stopped,2018-07-09_07-58-06_incident_stopped_zone_nb-shoulder.jpg,nb,17758.1,-71.78891913,nb,shoulder,-1
S3C03,32.78046082,-83.71590778,s,7/9/2018,0,Monday,8:06:56,incident_stopped,2018-07-09_08-06-56_incident_stopped_zone_nb-shoulder.jpg,nb,17766.93333,-67.79477411,nb,shoulder,-1
N2C03,32.78071485,-83.71530658,n,7/9/2018,0,Monday,8:06:56,incident_stopped,2018-07-09_08-06-56_incident_stopped_zone_nb-shoulder.jpg,nb,17766.93333,-67.78810628,nb,shoulder,-1
BIBB-CAM-032,32.88240434,-83.7719413,s,7/9/2018,0,Monday,9:34:26,incident_stopped,2018-07-09_09-34-26_incident_stopped_zone_nb-shoulder.jpg,nb,17854.43333,-29.00171497,nb,shoulder,-1
N2C03,32.78071485,-83.71530658,n,7/9/2018,0,Monday,10:06:01,incident_stopped,2018-07-09_10-06-01_incident_stopped_zone_nb-shoulder.jpg,nb,17886.01667,-67.78810628,nb,shoulder,-1
S1C21,32.86987654,-83.75830175,s,7/9/2018,0,Monday,10:09:49,incident_stopped,2018-07-09_10-09-49_incident_stopped_zone_nb-shoulder.jpg,nb,17889.81667,-34.62822647,nb,shoulder,-1
N1C07,32.80647151,-83.72379194,n,7/9/2018,0,Monday,10:15:19,incident_stopped,2018-07-09_10-15-19_incident_stopped_zone_ramp-shoulder.jpg,nb,17895.31667,-58.69634095,ramp,shoulder,-1
N1C14,32.83648848,-83.73452853,n,7/9/2018,0,Monday,10:56:11,incident_stopped,2018-07-09_10-56-11_incident_stopped_zone_ramp-shoulder.jpg,nb,17936.18333,-48.05166032,ramp,shoulder,-1
N3C42,32.759892,-83.709757,n,7/9/2018,0,Monday,11:15:38,incident_stopped,2018-07-09_11-15-38_incident_stopped_zone_nb-lanes.jpg,nb,17955.63333,-75.01044884,nb,lanes,-1
N2C01,32.76613511,-83.71030216,n,7/9/2018,0,Monday,11:43:49,incident_stopped,2018-07-09_11-43-49_incident_stopped_zone_nb-shoulder.jpg,nb,17983.81667,-72.97440738,nb,shoulder,-1
S1C24,32.87958032,-83.76886573,s,7/9/2018,0,Monday,11:48:27,incident_stopped,2018-07-09_11-48-27_incident_stopped_zone_far-shoulder.jpg,nb,17988.45,-30.26227087,far,shoulder,-1
S1C09,32.81017134,-83.72613824,s,7/9/2018,0,Monday,12:38:15,incident_stopped,2018-07-09_12-38-15_incident_stopped_zone_nb-shoulder.jpg,nb,18038.25,-57.24864799,nb,shoulder,-1
S1C28,32.90013203,-83.7863588,s,7/9/2018,0,Monday,13:05:02,incident_stopped,2018-07-09_13-05-02_incident_stopped_zone_nb-shoulder.jpg,nb,18065.03333,-21.73107036,nb,shoulder,-1
BIBB-CAM-016,32.78992515,-83.7196095,n,7/9/2018,0,Monday,13:05:50,incident_stopped,2018-07-09_13-05-50_incident_stopped_zone_nb-shoulder.jpg,nb,18065.83333,-64.37580962,nb,shoulder,-1
S1C21,32.86987654,-83.75830175,s,7/9/2018,0,Monday,13:06:52,incident_stopped,2018-07-09_13-06-52_incident_stopped_zone_nb-shoulder.jpg,nb,18066.86667,-34.62822647,nb,shoulder,-1
N1C01,32.76613511,-83.71030216,n,7/9/2018,0,Monday,13:47:24,incident_stopped,2018-07-09_13-47-24_incident_stopped_zone_nb-shoulder.jpg,nb,18107.4,-72.97440738,nb,shoulder,-1
N2C01,32.76613511,-83.71030216,n,7/9/2018,0,Monday,13:49:07,incident_stopped,2018-07-09_13-49-07_incident_stopped_zone_nb-shoulder.jpg,nb,18109.11667,-72.97440738,nb,shoulder,-1
S2C09,32.81017134,-83.72613824,s,7/9/2018,0,Monday,14:49:59,incident_stopped,2018-07-09_14-49-59_incident_stopped_zone_nb-shoulder.jpg,nb,18169.98333,-57.24864799,nb,shoulder,-1
N2C08,32.81331958,-83.72706597,n,7/9/2018,0,Monday,14:56:55,incident_stopped,2018-07-09_14-56-55_incident_stopped_zone_nb-shoulder.jpg,nb,18176.91667,-56.15448649,nb,shoulder,-1
N1C10,32.82260317,-83.73001566,n,7/9/2018,0,Monday,14:57:03,incident_stopped,2018-07-09_14-57-03_incident_stopped_zone_nb-shoulder.jpg,nb,18177.05,-52.90603101,nb,shoulder,-1
S1C09,32.81017134,-83.72613824,s,7/9/2018,0,Monday,14:59:40,incident_stopped,2018-07-09_14-59-40_incident_stopped_zone_nb-shoulder.jpg,nb,18179.66667,-57.24864799,nb,shoulder,-1
S1C21,32.86987654,-83.75830175,s,7/9/2018,0,Monday,15:11:36,incident_stopped,2018-07-09_15-11-36_incident_stopped_zone_nb-shoulder.jpg,nb,18191.6,-34.62822647,nb,shoulder,-1
N1C17,32.84958885,-83.74065988,n,7/9/2018,0,Monday,16:00:06,incident_stopped,2018-07-09_16-00-06_incident_stopped_zone_nb-shoulder.jpg,nb,18240.1,-43.22840936,nb,shoulder,-1
N2C03,32.78071485,-83.71530658,n,7/9/2018,0,Monday,16:52:04,incident_stopped,2018-07-09_16-52-04_incident_stopped_zone_nb-shoulder.jpg,nb,18292.06667,-67.78810628,nb,shoulder,-1
N1C09,32.81772219,-83.72879532,n,7/9/2018,0,Monday,17:02:24,incident_stopped,2018-07-09_17-02-24_incident_stopped_zone_nb-shoulder.jpg,nb,18302.4,-54.56967025,nb,shoulder,-1
N1C21,32.86981764,-83.75767111,n,7/9/2018,0,Monday,17:12:20,incident_stopped,2018-07-09_17-12-20_incident_stopped_zone_nb-shoulder.jpg,nb,18312.33333,-34.7310666,nb,shoulder,-1
S1C21,32.86987654,-83.75830175,s,7/9/2018,0,Monday,17:12:48,incident_stopped,2018-07-09_17-12-48_incident_stopped_zone_nb-shoulder.jpg,nb,18312.8,-34.62822647,nb,shoulder,-1
N1C09,32.81772219,-83.72879532,n,7/9/2018,0,Monday,18:32:24,incident_stopped,2018-07-09_18-32-24_incident_stopped_zone_nb-shoulder.jpg,nb,18392.4,-54.56967025,nb,shoulder,-1
N2C03,32.78071485,-83.71530658,n,7/9/2018,0,Monday,18:35:25,incident_stopped,2018-07-09_18-35-25_incident_stopped_zone_nb-shoulder.jpg,nb,18395.41667,-67.78810628,nb,shoulder,-1
S1C27,32.89654773,-83.78351592,s,7/9/2018,0,Monday,18:36:14,incident_stopped,2018-07-09_18-36-14_incident_stopped_zone_nb-shoulder.jpg,nb,18396.23333,-23.1858178,nb,shoulder,-1
S2C33,32.92513731,-83.80220611,s,7/9/2018,0,Monday,18:37:47,incident_stopped,2018-07-09_18-37-47_incident_stopped_zone_nb-shoulder.jpg,nb,18397.78333,-12.07189332,nb,shoulder,-1
N1C16,32.84577945,-83.73888874,n,7/9/2018,0,Monday,19:18:16,incident_stopped,2018-07-09_19-18-16_incident_stopped_zone_near-shoulder.jpg,nb,18438.26667,-44.6283787,near,shoulder,-1
N2C03,32.78071485,-83.71530658,n,7/9/2018,0,Monday,20:05:32,incident_stopped,2018-07-09_20-05-32_incident_stopped_zone_nb-shoulder.jpg,nb,18485.53333,-67.78810628,nb,shoulder,-1
N3C02,32.76990531,-83.71029631,n,7/9/2018,0,Monday,20:07:51,incident_stopped,2018-07-09_20-07-51_incident_stopped_zone_nb-shoulder.jpg,nb,18487.85,-71.78891913,nb,shoulder,-1
N2C26,32.88798194,-83.77607704,n,7/9/2018,0,Monday,20:07:56,incident_stopped,2018-07-09_20-07-56_incident_stopped_zone_nb-shoulder.jpg,nb,18487.93333,-26.75233619,nb,shoulder,-1
N1C03,32.78071485,-83.71530658,n,7/9/2018,0,Monday,20:10:40,incident_stopped,2018-07-09_20-10-40_incident_stopped_zone_nb-shoulder.jpg,nb,18490.66667,-67.78810628,nb,shoulder,-1
N1C21,32.86981764,-83.75767111,n,7/9/2018,0,Monday,20:42:09,incident_stopped,2018-07-09_20-42-09_incident_stopped_zone_nb-shoulder.jpg,nb,18522.15,-34.7310666,nb,shoulder,-1
BIBB-CAM-032,32.88240434,-83.7719413,s,7/9/2018,0,Monday,20:49:08,incident_stopped,2018-07-09_20-49-08_incident_stopped_zone_nb-shoulder.jpg,nb,18529.13333,-29.00171497,nb,shoulder,-1
N1C16,32.84577945,-83.73888874,n,7/9/2018,0,Monday,22:29:33,incident_stopped,2018-07-09_22-29-33_incident_stopped_zone_near-shoulder.jpg,nb,18629.55,-44.6283787,near,shoulder,-1
N1C21,32.86981764,-83.75767111,n,7/10/2018,1,Tuesday,1:53:49,incident_stopped,2018-07-10_01-53-49_incident_stopped_zone_nb-shoulder.jpg,nb,18833.81667,-34.7310666,nb,shoulder,-1
N1C01,32.76613511,-83.71030216,n,7/10/2018,1,Tuesday,4:36:22,incident_stopped,2018-07-10_04-36-22_incident_stopped_zone_nb-shoulder.jpg,nb,18996.36667,-72.97440738,nb,shoulder,-1
N1C23,32.87756847,-83.76599732,n,7/10/2018,1,Tuesday,5:27:38,incident_stopped,2018-07-10_05-27-38_incident_stopped_zone_nb-shoulder.jpg,nb,19047.63333,-31.24939169,nb,shoulder,-1
N1C25,32.88361771,-83.77234944,n,7/10/2018,1,Tuesday,5:30:34,incident_stopped,2018-07-10_05-30-34_incident_stopped_zone_ramp-shoulder.jpg,nb,19050.56667,-28.57124979,ramp,shoulder,-1
N1C03,32.78071485,-83.71530658,n,7/10/2018,1,Tuesday,7:03:37,incident_stopped,2018-07-10_07-03-37_incident_stopped_zone_nb-shoulder.jpg,nb,19143.61667,-67.78810628,nb,shoulder,-1
N2C26,32.88798194,-83.77607704,n,7/10/2018,1,Tuesday,7:12:31,incident_stopped,2018-07-10_07-12-31_incident_stopped_zone_nb-shoulder.jpg,nb,19152.51667,-26.75233619,nb,shoulder,-1
N1C01,32.76613511,-83.71030216,n,7/10/2018,1,Tuesday,7:18:10,incident_stopped,2018-07-10_07-18-10_incident_stopped_zone_nb-shoulder.jpg,nb,19158.16667,-72.97440738,nb,shoulder,-1
BIBB-CAM-031,32.87958032,-83.76886573,s,7/10/2018,1,Tuesday,7:48:57,incident_stopped,2018-07-10_07-48-57_incident_stopped_zone_nb-shoulder.jpg,nb,19188.95,-30.26227087,nb,shoulder,-1
S1C12,32.82694969,-83.73158785,s,7/10/2018,1,Tuesday,8:01:14,incident_stopped,2018-07-10_08-01-14_incident_stopped_zone_nb-shoulder.jpg,nb,19201.23333,-51.36261191,nb,shoulder,-1
BIBB-CAM-023,32.82699902,-83.73109564,n,7/10/2018,1,Tuesday,8:01:15,incident_stopped,2018-07-10_08-01-15_incident_stopped_zone_nb-shoulder.jpg,nb,19201.25,-51.41367576,nb,shoulder,-1
N2C01,32.76613511,-83.71030216,n,7/10/2018,1,Tuesday,8:46:45,incident_stopped,2018-07-10_08-46-45_incident_stopped_zone_nb-shoulder.jpg,nb,19246.75,-72.97440738,nb,shoulder,-1
N1C11,32.82699902,-83.73109564,n,7/10/2018,1,Tuesday,9:28:29,incident_stopped,2018-07-10_09-28-29_incident_stopped_zone_nb-shoulder.jpg,nb,19288.48333,-51.41367576,nb,shoulder,-1
N2C11,32.82699902,-83.73109564,n,7/10/2018,1,Tuesday,9:31:03,incident_stopped,2018-07-10_09-31-03_incident_stopped_zone_near-shoulder.jpg,nb,19291.05,-51.41367576,near,shoulder,-1
S2C12,32.82694969,-83.73158785,s,7/10/2018,1,Tuesday,9:31:04,incident_stopped,2018-07-10_09-31-04_incident_stopped_zone_nb-shoulder.jpg,nb,19291.06667,-51.36261191,nb,shoulder,-1
S2C11,32.82254015,-83.73046915,s,7/10/2018,1,Tuesday,9:31:06,incident_stopped,2018-07-10_09-31-06_incident_stopped_zone_nb-lanes.jpg,nb,19291.1,-52.86537408,nb,lanes,-1
N2C03,32.78071485,-83.71530658,n,7/10/2018,1,Tuesday,10:24:58,incident_stopped,2018-07-10_10-24-58_incident_stopped_zone_nb-shoulder.jpg,nb,19344.96667,-67.78810628,nb,shoulder,-1
BIBB-CAM-034,32.90013203,-83.7863588,s,7/10/2018,1,Tuesday,10:33:52,incident_stopped,2018-07-10_10-33-52_incident_stopped_zone_nb-shoulder.jpg,nb,19353.86667,-21.73107036,nb,shoulder,-1
S1C21,32.86987654,-83.75830175,s,7/10/2018,1,Tuesday,10:56:21,incident_stopped,2018-07-10_10-56-21_incident_stopped_zone_nb-shoulder.jpg,nb,19376.35,-34.62822647,nb,shoulder,-1
N2C42,32.759892,-83.709757,n,7/10/2018,1,Tuesday,11:30:54,incident_stopped,2018-07-10_11-30-54_incident_stopped_zone_nb-shoulder.jpg,nb,19410.9,-75.01044884,nb,shoulder,-1
N1C03,32.78071485,-83.71530658,n,7/10/2018,1,Tuesday,11:43:41,incident_stopped,2018-07-10_11-43-41_incident_stopped_zone_nb-shoulder.jpg,nb,19423.68333,-67.78810628,nb,shoulder,-1
N1C12,32.83181185,-83.73251121,n,7/10/2018,1,Tuesday,11:44:47,incident_stopped,2018-07-10_11-44-47_incident_stopped_zone_ramp-lanes.jpg,nb,19424.78333,-49.75191444,ramp,lanes,-1
N1C21,32.86981764,-83.75767111,n,7/10/2018,1,Tuesday,11:48:05,incident_stopped,2018-07-10_11-48-05_incident_stopped_zone_nb-shoulder.jpg,nb,19428.08333,-34.7310666,nb,shoulder,-1
N1C16,32.84577945,-83.73888874,n,7/10/2018,1,Tuesday,12:21:13,incident_stopped,2018-07-10_12-21-13_incident_stopped_zone_near-shoulder.jpg,nb,19461.21667,-44.6283787,near,shoulder,-1
S1C28,32.90013203,-83.7863588,s,7/10/2018,1,Tuesday,12:25:41,incident_stopped,2018-07-10_12-25-41_incident_stopped_zone_nb-shoulder.jpg,nb,19465.68333,-21.73107036,nb,shoulder,-1
N2C03,32.78071485,-83.71530658,n,7/10/2018,1,Tuesday,12:28:07,incident_stopped,2018-07-10_12-28-07_incident_stopped_zone_nb-shoulder.jpg,nb,19468.11667,-67.78810628,nb,shoulder,-1
S1C21,32.86987654,-83.75830175,s,7/10/2018,1,Tuesday,12:47:33,incident_stopped,2018-07-10_12-47-33_incident_stopped_zone_nb-shoulder.jpg,nb,19487.55,-34.62822647,nb,shoulder,-1
N1C01,32.76613511,-83.71030216,n,7/10/2018,1,Tuesday,13:02:10,incident_stopped,2018-07-10_13-02-10_incident_stopped_zone_nb-shoulder.jpg,nb,19502.16667,-72.97440738,nb,shoulder,-1
N2C01,32.76613511,-83.71030216,n,7/10/2018,1,Tuesday,13:02:22,incident_stopped,2018-07-10_13-02-22_incident_stopped_zone_nb-shoulder.jpg,nb,19502.36667,-72.97440738,nb,shoulder,-1
N3C02,32.76990531,-83.71029631,n,7/10/2018,1,Tuesday,13:13:11,incident_stopped,2018-07-10_13-13-11_incident_stopped_zone_nb-shoulder.jpg,nb,19513.18333,-71.78891913,nb,shoulder,-1
N1C39,32.95177015,-83.81217745,n,7/10/2018,1,Tuesday,13:16:04,incident_stopped,2018-07-10_13-16-04_incident_stopped_zone_ramp-shoulder.jpg,nb,19516.06667,-2.4510298,ramp,shoulder,-1
BIBB-CAM-039,32.94243524,-83.81127376,s,7/10/2018,1,Tuesday,13:28:26,incident_stopped,2018-07-10_13-28-26_incident_stopped_zone_nb-shoulder.jpg,nb,19528.43333,-5.683345579,nb,shoulder,-1
BIBB-CAM-020,32.81017134,-83.72613824,s,7/10/2018,1,Tuesday,14:07:29,incident_stopped,2018-07-10_14-07-29_incident_stopped_zone_far-shoulder.jpg,nb,19567.48333,-57.24864799,far,shoulder,-1
N1C09,32.81772219,-83.72879532,n,7/10/2018,1,Tuesday,14:08:54,incident_stopped,2018-07-10_14-08-54_incident_stopped_zone_nb-shoulder.jpg,nb,19568.9,-54.56967025,nb,shoulder,-1
N2C01,32.76613511,-83.71030216,n,7/10/2018,1,Tuesday,14:38:49,incident_stopped,2018-07-10_14-38-49_incident_stopped_zone_nb-shoulder.jpg,nb,19598.81667,-72.97440738,nb,shoulder,-1
N2C03,32.78071485,-83.71530658,n,7/10/2018,1,Tuesday,15:08:35,incident_stopped,2018-07-10_15-08-35_incident_stopped_zone_nb-shoulder.jpg,nb,19628.58333,-67.78810628,nb,shoulder,-1
N1C10,32.82260317,-83.73001566,n,7/10/2018,1,Tuesday,15:15:30,incident_stopped,2018-07-10_15-15-30_incident_stopped_zone_nb-shoulder.jpg,nb,19635.5,-52.90603101,nb,shoulder,-1
N1C03,32.78071485,-83.71530658,n,7/10/2018,1,Tuesday,16:22:26,incident_stopped,2018-07-10_16-22-26_incident_stopped_zone_nb-shoulder.jpg,nb,19702.43333,-67.78810628,nb,shoulder,-1
S2C14,32.83620205,-83.73500536,s,7/10/2018,1,Tuesday,16:28:47,incident_stopped,2018-07-10_16-28-47_incident_stopped_zone_far-shoulder.jpg,nb,19708.78333,-48.07309629,far,shoulder,-1
N2C14,32.83648848,-83.73452853,n,7/10/2018,1,Tuesday,16:28:47,incident_stopped,2018-07-10_16-28-47_incident_stopped_zone_nb-shoulder.jpg,nb,19708.78333,-48.05166032,nb,shoulder,-1
S1C32,32.92026721,-83.79963273,s,7/10/2018,1,Tuesday,16:41:59,incident_stopped,2018-07-10_16-41-59_incident_stopped_zone_nb-lanes.jpg,nb,19721.98333,-13.89579256,nb,lanes,-1
BIBB-CAM-034,32.90013203,-83.7863588,s,7/10/2018,1,Tuesday,16:56:43,incident_stopped,2018-07-10_16-56-43_incident_stopped_zone_nb-shoulder.jpg,nb,19736.71667,-21.73107036,nb,shoulder,-1
BIBB-CAM-030,32.86987654,-83.75830175,s,7/10/2018,1,Tuesday,17:12:38,incident_stopped,2018-07-10_17-12-38_incident_stopped_zone_far-shoulder.jpg,nb,19752.63333,-34.62822647,far,shoulder,-1
BIBB-CAM-034,32.90013203,-83.7863588,s,7/10/2018,1,Tuesday,18:31:00,incident_stopped,2018-07-10_18-31-00_incident_stopped_zone_nb-lanes.jpg,nb,19831,-21.73107036,nb,lanes,-1
BIBB-CAM-030,32.86987654,-83.75830175,s,7/10/2018,1,Tuesday,18:43:50,incident_stopped,2018-07-10_18-43-50_incident_stopped_zone_far-shoulder.jpg,nb,19843.83333,-34.62822647,far,shoulder,-1
N1C06,32.79465366,-83.72010538,n,7/10/2018,1,Tuesday,18:52:43,incident_stopped,2018-07-10_18-52-43_incident_stopped_zone_nb-shoulder.jpg,nb,19852.71667,-62.83684554,nb,shoulder,-1
N1C11,32.82699902,-83.73109564,n,7/10/2018,1,Tuesday,18:59:17,incident_stopped,2018-07-10_18-59-17_incident_stopped_zone_nb-shoulder.jpg,nb,19859.28333,-51.41367576,nb,shoulder,-1
N2C11,32.82699902,-83.73109564,n,7/10/2018,1,Tuesday,18:59:23,incident_stopped,2018-07-10_18-59-23_incident_stopped_zone_near-shoulder.jpg,nb,19859.38333,-51.41367576,near,shoulder,-1
S2C23,32.8774369,-83.7665846,s,7/10/2018,1,Tuesday,19:29:48,incident_stopped,2018-07-10_19-29-48_incident_stopped_zone_far-shoulder.jpg,nb,19889.8,-31.21570867,far,shoulder,-1
BIBB-CAM-032,32.88240434,-83.7719413,s,7/10/2018,1,Tuesday,20:07:16,incident_stopped,2018-07-10_20-07-16_incident_stopped_zone_nb-shoulder.jpg,nb,19927.26667,-29.00171497,nb,shoulder,-1
N1C01,32.76613511,-83.71030216,n,7/10/2018,1,Tuesday,20:59:31,incident_stopped,2018-07-10_20-59-31_incident_stopped_zone_nb-shoulder.jpg,nb,19979.51667,-72.97440738,nb,shoulder,-1
N2C01,32.76613511,-83.71030216,n,7/10/2018,1,Tuesday,21:01:19,incident_stopped,2018-07-10_21-01-19_incident_stopped_zone_nb-shoulder.jpg,nb,19981.31667,-72.97440738,nb,shoulder,-1
N1C09,32.81772219,-83.72879532,n,7/10/2018,1,Tuesday,21:08:40,incident_stopped,2018-07-10_21-08-40_incident_stopped_zone_nb-shoulder.jpg,nb,19988.66667,-54.56967025,nb,shoulder,-1
N1C40,32.751099,-83.713281,n,7/10/2018,1,Tuesday,22:56:01,incident_stopped,2018-07-10_22-56-01_incident_stopped_zone_nb-shoulder.jpg,nb,20096.01667,-77.41345723,nb,shoulder,-1
N2C40,32.751099,-83.713281,n,7/10/2018,1,Tuesday,22:56:01,incident_stopped,2018-07-10_22-56-01_incident_stopped_zone_near-shoulder.jpg,nb,20096.01667,-77.41345723,near,shoulder,-1
N3C38,32.94876151,-83.81228301,n,7/10/2018,1,Tuesday,23:02:41,incident_stopped,2018-07-10_23-02-41_incident_stopped_zone_nb-shoulder.jpg,nb,20102.68333,-3.479229064,nb,shoulder,-1
N2C14,32.83648848,-83.73452853,n,7/11/2018,2,Wednesday,1:47:40,incident_stopped,2018-07-11_01-47-40_incident_stopped_zone_nb-shoulder.jpg,nb,20267.66667,-48.05166032,nb,shoulder,-1
S2C14,32.83620205,-83.73500536,s,7/11/2018,2,Wednesday,1:47:43,incident_stopped,2018-07-11_01-47-43_incident_stopped_zone_far-shoulder.jpg,nb,20267.71667,-48.07309629,far,shoulder,-1
BIBB-CAM-014,32.7850913,-83.71806273,n,7/11/2018,2,Wednesday,3:01:57,incident_stopped,2018-07-11_03-01-57_incident_stopped_zone_nb-shoulder.jpg,nb,20341.95,-66.07987571,nb,shoulder,-1
S1C21,32.86987654,-83.75830175,s,7/11/2018,2,Wednesday,5:22:11,incident_stopped,2018-07-11_05-22-11_incident_stopped_zone_nb-shoulder.jpg,nb,20482.18333,-34.62822647,nb,shoulder,-1
S2C18,32.85465632,-83.74348346,s,7/11/2018,2,Wednesday,7:45:58,incident_stopped,2018-07-11_07-45-58_incident_stopped_zone_nb-shoulder.jpg,nb,20625.96667,-41.30069476,nb,shoulder,-1
N2C17,32.84958885,-83.74065988,n,7/11/2018,2,Wednesday,8:03:23,incident_stopped,2018-07-11_08-03-23_incident_stopped_zone_nb-shoulder.jpg,nb,20643.38333,-43.22840936,nb,shoulder,-1
S2C17,32.84950348,-83.74113514,s,7/11/2018,2,Wednesday,8:03:24,incident_stopped,2018-07-11_08-03-24_incident_stopped_zone_nb-shoulder.jpg,nb,20643.4,-43.18705025,nb,shoulder,-1
N1C12,32.83181185,-83.73251121,n,7/11/2018,2,Wednesday,8:38:11,incident_stopped,2018-07-11_08-38-11_incident_stopped_zone_ramp-lanes.jpg,nb,20678.18333,-49.75191444,ramp,lanes,-1
N2C03,32.78071485,-83.71530658,n,7/11/2018,2,Wednesday,8:40:10,incident_stopped,2018-07-11_08-40-10_incident_stopped_zone_nb-shoulder.jpg,nb,20680.16667,-67.78810628,nb,shoulder,-1
N1C03,32.78071485,-83.71530658,n,7/11/2018,2,Wednesday,9:00:20,incident_stopped,2018-07-11_09-00-20_incident_stopped_zone_nb-shoulder.jpg,nb,20700.33333,-67.78810628,nb,shoulder,-1
N1C21,32.86981764,-83.75767111,n,7/11/2018,2,Wednesday,9:14:13,incident_stopped,2018-07-11_09-14-13_incident_stopped_zone_nb-shoulder.jpg,nb,20714.21667,-34.7310666,nb,shoulder,-1
N1C40,32.751099,-83.713281,n,7/11/2018,2,Wednesday,9:24:18,incident_stopped,2018-07-11_09-24-18_incident_stopped_zone_nb-shoulder.jpg,nb,20724.3,-77.41345723,nb,shoulder,-1
S2C09,32.81017134,-83.72613824,s,7/11/2018,2,Wednesday,9:47:39,incident_stopped,2018-07-11_09-47-39_incident_stopped_zone_nb-shoulder.jpg,nb,20747.65,-57.24864799,nb,shoulder,-1
N2C02,32.76990531,-83.71029631,n,7/11/2018,2,Wednesday,10:01:34,incident_stopped,2018-07-11_10-01-34_incident_stopped_zone_nb-lanes.jpg,nb,20761.56667,-71.78891913,nb,lanes,-1
N2C01,32.76613511,-83.71030216,n,7/11/2018,2,Wednesday,10:06:03,incident_stopped,2018-07-11_10-06-03_incident_stopped_zone_nb-shoulder.jpg,nb,20766.05,-72.97440738,nb,shoulder,-1
S1C21,32.86987654,-83.75830175,s,7/11/2018,2,Wednesday,10:56:53,incident_stopped,2018-07-11_10-56-53_incident_stopped_zone_nb-shoulder.jpg,nb,20816.88333,-34.62822647,nb,shoulder,-1
N3C38,32.94876151,-83.81228301,n,7/11/2018,2,Wednesday,11:14:52,incident_stopped,2018-07-11_11-14-52_incident_stopped_zone_nb-shoulder.jpg,nb,20834.86667,-3.479229064,nb,shoulder,-1
S1C30,32.91200591,-83.79524157,s,7/11/2018,2,Wednesday,11:34:59,incident_stopped,2018-07-11_11-34-59_incident_stopped_zone_nb-shoulder.jpg,nb,20854.98333,-17.00028257,nb,shoulder,-1
N1C21,32.86981764,-83.75767111,n,7/11/2018,2,Wednesday,11:42:23,incident_stopped,2018-07-11_11-42-23_incident_stopped_zone_nb-shoulder.jpg,nb,20862.38333,-34.7310666,nb,shoulder,-1
N2C03,32.78071485,-83.71530658,n,7/11/2018,2,Wednesday,11:45:25,incident_stopped,2018-07-11_11-45-25_incident_stopped_zone_nb-shoulder.jpg,nb,20865.41667,-67.78810628,nb,shoulder,-1
N2C01,32.76613511,-83.71030216,n,7/11/2018,2,Wednesday,12:13:30,incident_stopped,2018-07-11_12-13-30_incident_stopped_zone_nb-shoulder.jpg,nb,20893.5,-72.97440738,nb,shoulder,-1
S1C21,32.86987654,-83.75830175,s,7/11/2018,2,Wednesday,12:28:39,incident_stopped,2018-07-11_12-28-39_incident_stopped_zone_nb-shoulder.jpg,nb,20908.65,-34.62822647,nb,shoulder,-1
S3C03,32.78046082,-83.71590778,s,7/11/2018,2,Wednesday,12:35:42,incident_stopped,2018-07-11_12-35-42_incident_stopped_zone_nb-shoulder.jpg,nb,20915.7,-67.79477411,nb,shoulder,-1
N2C33,32.92077604,-83.79943309,n,7/11/2018,2,Wednesday,12:44:30,incident_stopped,2018-07-11_12-44-30_incident_stopped_zone_nb-shoulder.jpg,nb,20924.5,-13.74452878,nb,shoulder,-1
N1C16,32.84577945,-83.73888874,n,7/11/2018,2,Wednesday,13:08:55,incident_stopped,2018-07-11_13-08-55_incident_stopped_zone_near-shoulder.jpg,nb,20948.91667,-44.6283787,near,shoulder,-1
N2C03,32.78071485,-83.71530658,n,7/11/2018,2,Wednesday,13:21:36,incident_stopped,2018-07-11_13-21-36_incident_stopped_zone_nb-shoulder.jpg,nb,20961.6,-67.78810628,nb,shoulder,-1
S1C32,32.92026721,-83.79963273,s,7/11/2018,2,Wednesday,13:30:32,incident_stopped,2018-07-11_13-30-32_incident_stopped_zone_nb-shoulder.jpg,nb,20970.53333,-13.89579256,nb,shoulder,-1
N2C11,32.82699902,-83.73109564,n,7/11/2018,2,Wednesday,14:00:02,incident_stopped,2018-07-11_14-00-02_incident_stopped_zone_near-shoulder.jpg,nb,21000.03333,-51.41367576,near,shoulder,-1
S2C12,32.82694969,-83.73158785,s,7/11/2018,2,Wednesday,14:00:05,incident_stopped,2018-07-11_14-00-05_incident_stopped_zone_nb-shoulder.jpg,nb,21000.08333,-51.36261191,nb,shoulder,-1
S2C11,32.82254015,-83.73046915,s,7/11/2018,2,Wednesday,14:00:06,incident_stopped,2018-07-11_14-00-06_incident_stopped_zone_nb-lanes.jpg,nb,21000.1,-52.86537408,nb,lanes,-1
S1C21,32.86987654,-83.75830175,s,7/11/2018,2,Wednesday,14:02:12,incident_stopped,2018-07-11_14-02-12_incident_stopped_zone_nb-shoulder.jpg,nb,21002.2,-34.62822647,nb,shoulder,-1
N1C23,32.87756847,-83.76599732,n,7/11/2018,2,Wednesday,14:07:30,incident_stopped,2018-07-11_14-07-30_incident_stopped_zone_nb-shoulder.jpg,nb,21007.5,-31.24939169,nb,shoulder,-1
N2C14,32.83648848,-83.73452853,n,7/11/2018,2,Wednesday,14:42:21,incident_stopped,2018-07-11_14-42-21_incident_stopped_zone_nb-shoulder.jpg,nb,21042.35,-48.05166032,nb,shoulder,-1
N2C01,32.76613511,-83.71030216,n,7/11/2018,2,Wednesday,14:43:55,incident_stopped,2018-07-11_14-43-55_incident_stopped_zone_nb-shoulder.jpg,nb,21043.91667,-72.97440738,nb,shoulder,-1
N1C31,32.90737428,-83.79168212,n,7/11/2018,2,Wednesday,14:53:30,incident_congestion,2018-07-11_14-53-30_incident_congestion_zone_nb-lanes.jpg,nb,21053.5,-18.84792303,nb,lanes,-1
N1C01,32.76613511,-83.71030216,n,7/11/2018,2,Wednesday,15:52:36,incident_stopped,2018-07-11_15-52-36_incident_stopped_zone_nb-shoulder.jpg,nb,21112.6,-72.97440738,nb,shoulder,-1
N2C03,32.78071485,-83.71530658,n,7/11/2018,2,Wednesday,16:55:13,incident_stopped,2018-07-11_16-55-13_incident_stopped_zone_nb-shoulder.jpg,nb,21175.21667,-67.78810628,nb,shoulder,-1
N1C33,32.92077604,-83.79943309,n,7/11/2018,2,Wednesday,17:07:37,incident_congestion,2018-07-11_17-07-37_incident_congestion_zone_nb-lanes.jpg,nb,21187.61667,-13.74452878,nb,lanes,-1
N1C40,32.751099,-83.713281,n,7/11/2018,2,Wednesday,17:25:07,incident_stopped,2018-07-11_17-25-07_incident_stopped_zone_nb-shoulder.jpg,nb,21205.11667,-77.41345723,nb,shoulder,-1
BIBB-CAM-019,32.80622138,-83.72432815,s,7/11/2018,2,Wednesday,17:33:47,incident_stopped,2018-07-11_17-33-47_incident_stopped_zone_far-shoulder.jpg,nb,21213.78333,-58.705165,far,shoulder,-1
N1C07,32.80647151,-83.72379194,n,7/11/2018,2,Wednesday,17:41:18,incident_stopped,2018-07-11_17-41-18_incident_stopped_zone_ramp-shoulder.jpg,nb,21221.3,-58.69634095,ramp,shoulder,-1
BIBB-CAM-030,32.86987654,-83.75830175,s,7/11/2018,2,Wednesday,17:43:11,incident_stopped,2018-07-11_17-43-11_incident_stopped_zone_far-shoulder.jpg,nb,21223.18333,-34.62822647,far,shoulder,-1
S1C33,32.92513731,-83.80220611,s,7/11/2018,2,Wednesday,18:24:45,incident_stopped,2018-07-11_18-24-45_incident_stopped_zone_nb-shoulder.jpg,nb,21264.75,-12.07189332,nb,shoulder,-1
N2C01,32.76613511,-83.71030216,n,7/11/2018,2,Wednesday,18:32:03,incident_stopped,2018-07-11_18-32-03_incident_stopped_zone_nb-shoulder.jpg,nb,21272.05,-72.97440738,nb,shoulder,-1
S1C09,32.81017134,-83.72613824,s,7/11/2018,2,Wednesday,19:03:44,incident_stopped,2018-07-11_19-03-44_incident_stopped_zone_nb-shoulder.jpg,nb,21303.73333,-57.24864799,nb,shoulder,-1
N1C21,32.86981764,-83.75767111,n,7/11/2018,2,Wednesday,19:55:14,incident_stopped,2018-07-11_19-55-14_incident_stopped_zone_nb-shoulder.jpg,nb,21355.23333,-34.7310666,nb,shoulder,-1
BIBB-CAM-030,32.86987654,-83.75830175,s,7/11/2018,2,Wednesday,20:30:01,incident_stopped,2018-07-11_20-30-01_incident_stopped_zone_far-shoulder.jpg,nb,21390.01667,-34.62822647,far,shoulder,-1
N1C09,32.81772219,-83.72879532,n,7/11/2018,2,Wednesday,21:07:45,incident_stopped,2018-07-11_21-07-45_incident_stopped_zone_nb-shoulder.jpg,nb,21427.75,-54.56967025,nb,shoulder,-1
S1C21,32.86987654,-83.75830175,s,7/11/2018,2,Wednesday,21:18:27,incident_stopped,2018-07-11_21-18-27_incident_stopped_zone_nb-shoulder.jpg,nb,21438.45,-34.62822647,nb,shoulder,-1
N2C40,32.751099,-83.713281,n,7/11/2018,2,Wednesday,21:54:33,incident_stopped,2018-07-11_21-54-33_incident_stopped_zone_near-shoulder.jpg,nb,21474.55,-77.41345723,near,shoulder,-1
BIBB-CAM-032,32.88240434,-83.7719413,s,7/11/2018,2,Wednesday,22:28:29,incident_stopped,2018-07-11_22-28-29_incident_stopped_zone_nb-shoulder.jpg,nb,21508.48333,-29.00171497,nb,shoulder,-1
S2C22,32.87291783,-83.76154621,s,7/11/2018,2,Wednesday,23:40:39,incident_stopped,2018-07-11_23-40-39_incident_stopped_zone_nb-lanes.jpg,nb,21580.65,-33.26350279,nb,lanes,-1
N1C24,32.87982448,-83.7684812,n,7/11/2018,2,Wednesday,23:43:08,incident_stopped,2018-07-11_23-43-08_incident_stopped_zone_nb-lanes.jpg,nb,21583.13333,-30.23393141,nb,lanes,-1
N2C25,32.88361771,-83.77234944,n,7/11/2018,2,Wednesday,23:45:13,incident_stopped,2018-07-11_23-45-13_incident_stopped_zone_nb-lanes.jpg,nb,21585.21667,-28.57124979,nb,lanes,-1
S1C30,32.91200591,-83.79524157,s,7/11/2018,2,Wednesday,23:55:21,incident_stopped,2018-07-11_23-55-21_incident_stopped_zone_nb-lanes.jpg,nb,21595.35,-17.00028257,nb,lanes,-1
S1C31,32.91536047,-83.79703412,s,7/11/2018,2,Wednesday,23:56:55,incident_stopped,2018-07-11_23-56-55_incident_stopped_zone_nb-shoulder.jpg,nb,21596.91667,-15.73785658,nb,shoulder,-1
N1C07,32.80647151,-83.72379194,n,7/12/2018,3,Thursday,0:36:01,incident_stopped,2018-07-12_00-36-01_incident_stopped_zone_ramp-shoulder.jpg,nb,21636.01667,-58.69634095,ramp,shoulder,-1
N1C21,32.86981764,-83.75767111,n,7/12/2018,3,Thursday,2:06:46,incident_stopped,2018-07-12_02-06-46_incident_stopped_zone_nb-shoulder.jpg,nb,21726.76667,-34.7310666,nb,shoulder,-1
S1C21,32.86987654,-83.75830175,s,7/12/2018,3,Thursday,2:06:58,incident_stopped,2018-07-12_02-06-58_incident_stopped_zone_nb-shoulder.jpg,nb,21726.96667,-34.62822647,nb,shoulder,-1
BIBB-CAM-032,32.88240434,-83.7719413,s,7/12/2018,3,Thursday,3:51:15,incident_stopped,2018-07-12_03-51-15_incident_stopped_zone_nb-shoulder.jpg,nb,21831.25,-29.00171497,nb,shoulder,-1
N1C25,32.88361771,-83.77234944,n,7/12/2018,3,Thursday,6:40:59,incident_stopped,2018-07-12_06-40-59_incident_stopped_zone_ramp-shoulder.jpg,nb,22000.98333,-28.57124979,ramp,shoulder,-1
S2C09,32.81017134,-83.72613824,s,7/12/2018,3,Thursday,6:46:39,incident_stopped,2018-07-12_06-46-39_incident_stopped_zone_nb-shoulder.jpg,nb,22006.65,-57.24864799,nb,shoulder,-1
BIBB-CAM-013,32.77567367,-83.7128245,s,7/12/2018,3,Thursday,6:54:44,incident_stopped,2018-07-12_06-54-44_incident_stopped_zone_nb-shoulder.jpg,nb,22014.73333,-69.6715058,nb,shoulder,-1
S1C21,32.86987654,-83.75830175,s,7/12/2018,3,Thursday,7:19:13,incident_stopped,2018-07-12_07-19-13_incident_stopped_zone_nb-shoulder.jpg,nb,22039.21667,-34.62822647,nb,shoulder,-1
N2C25,32.88361771,-83.77234944,n,7/12/2018,3,Thursday,7:35:06,incident_stopped,2018-07-12_07-35-06_incident_stopped_zone_nb-shoulder.jpg,nb,22055.1,-28.57124979,nb,shoulder,-1
N1C03,32.78071485,-83.71530658,n,7/12/2018,3,Thursday,7:40:07,incident_stopped,2018-07-12_07-40-07_incident_stopped_zone_nb-shoulder.jpg,nb,22060.11667,-67.78810628,nb,shoulder,-1
S1C34,32.93499248,-83.80738753,s,7/12/2018,3,Thursday,8:17:50,incident_stopped,2018-07-12_08-17-50_incident_stopped_zone_far-shoulder.jpg,nb,22097.83333,-8.404850441,far,shoulder,-1
N2C03,32.78071485,-83.71530658,n,7/12/2018,3,Thursday,8:51:20,incident_stopped,2018-07-12_08-51-20_incident_stopped_zone_nb-shoulder.jpg,nb,22131.33333,-67.78810628,nb,shoulder,-1
BIBB-CAM-026,32.84958885,-83.74065988,n,7/12/2018,3,Thursday,8:55:05,incident_stopped,2018-07-12_08-55-05_incident_stopped_zone_nb-shoulder.jpg,nb,22135.08333,-43.22840936,nb,shoulder,-1
S1C30,32.91200591,-83.79524157,s,7/12/2018,3,Thursday,9:26:14,incident_stopped,2018-07-12_09-26-14_incident_stopped_zone_nb-shoulder.jpg,nb,22166.23333,-17.00028257,nb,shoulder,-1
S3C23,32.8774369,-83.7665846,s,7/12/2018,3,Thursday,9:28:55,incident_stopped,2018-07-12_09-28-55_incident_stopped_zone_nb-shoulder.jpg,nb,22168.91667,-31.21570867,nb,shoulder,-1
N2C23,32.87756847,-83.76599732,n,7/12/2018,3,Thursday,9:29:00,incident_stopped,2018-07-12_09-29-00_incident_stopped_zone_nb-shoulder.jpg,nb,22169,-31.24939169,nb,shoulder,-1
N1C24,32.87982448,-83.7684812,n,7/12/2018,3,Thursday,9:38:26,incident_stopped,2018-07-12_09-38-26_incident_stopped_zone_nb-shoulder.jpg,nb,22178.43333,-30.23393141,nb,shoulder,-1
BIBB-CAM-031,32.87958032,-83.76886573,s,7/12/2018,3,Thursday,9:38:31,incident_stopped,2018-07-12_09-38-31_incident_stopped_zone_nb-shoulder.jpg,nb,22178.51667,-30.26227087,nb,shoulder,-1
N1C07,32.80647151,-83.72379194,n,7/12/2018,3,Thursday,9:55:04,incident_stopped,2018-07-12_09-55-04_incident_stopped_zone_ramp-shoulder.jpg,nb,22195.06667,-58.69634095,ramp,shoulder,-1
N1C01,32.76613511,-83.71030216,n,7/12/2018,3,Thursday,10:05:56,incident_stopped,2018-07-12_10-05-56_incident_stopped_zone_nb-shoulder.jpg,nb,22205.93333,-72.97440738,nb,shoulder,-1
N1C16,32.84577945,-83.73888874,n,7/12/2018,3,Thursday,10:06:19,incident_stopped,2018-07-12_10-06-19_incident_stopped_zone_near-shoulder.jpg,nb,22206.31667,-44.6283787,near,shoulder,-1
S1C21,32.86987654,-83.75830175,s,7/12/2018,3,Thursday,10:09:12,incident_stopped,2018-07-12_10-09-12_incident_stopped_zone_nb-shoulder.jpg,nb,22209.2,-34.62822647,nb,shoulder,-1
N2C03,32.78071485,-83.71530658,n,7/12/2018,3,Thursday,10:26:08,incident_stopped,2018-07-12_10-26-08_incident_stopped_zone_nb-shoulder.jpg,nb,22226.13333,-67.78810628,nb,shoulder,-1
N1C21,32.86981764,-83.75767111,n,7/12/2018,3,Thursday,11:49:58,incident_stopped,2018-07-12_11-49-58_incident_stopped_zone_nb-shoulder.jpg,nb,22309.96667,-34.7310666,nb,shoulder,-1
S1C21,32.86987654,-83.75830175,s,7/12/2018,3,Thursday,11:50:04,incident_stopped,2018-07-12_11-50-04_incident_stopped_zone_nb-shoulder.jpg,nb,22310.06667,-34.62822647,nb,shoulder,-1
N2C33,32.92077604,-83.79943309,n,7/12/2018,3,Thursday,13:11:39,incident_stopped,2018-07-12_13-11-39_incident_stopped_zone_nb-shoulder.jpg,nb,22391.65,-13.74452878,nb,shoulder,-1
S1C21,32.86987654,-83.75830175,s,7/12/2018,3,Thursday,13:23:42,incident_stopped,2018-07-12_13-23-42_incident_stopped_zone_nb-shoulder.jpg,nb,22403.7,-34.62822647,nb,shoulder,-1
N1C09,32.81772219,-83.72879532,n,7/12/2018,3,Thursday,14:12:08,incident_stopped,2018-07-12_14-12-08_incident_stopped_zone_nb-shoulder.jpg,nb,22452.13333,-54.56967025,nb,shoulder,-1
N1C25,32.88361771,-83.77234944,n,7/12/2018,3,Thursday,14:20:24,incident_stopped,2018-07-12_14-20-24_incident_stopped_zone_ramp-shoulder.jpg,nb,22460.4,-28.57124979,ramp,shoulder,-1
N3C07,32.80647151,-83.72379194,n,7/12/2018,3,Thursday,14:41:14,incident_stopped,2018-07-12_14-41-14_incident_stopped_zone_near-shoulder.jpg,nb,22481.23333,-58.69634095,near,shoulder,-1
S2C08,32.80622138,-83.72432815,s,7/12/2018,3,Thursday,14:41:17,incident_stopped,2018-07-12_14-41-17_incident_stopped_zone_nb-shoulder.jpg,nb,22481.28333,-58.705165,nb,shoulder,-1
N1C25,32.88361771,-83.77234944,n,7/12/2018,3,Thursday,15:53:49,incident_stopped,2018-07-12_15-53-49_incident_stopped_zone_ramp-shoulder.jpg,nb,22553.81667,-28.57124979,ramp,shoulder,-1
S1C16,32.84561646,-83.73933607,s,7/12/2018,3,Thursday,16:01:44,incident_stopped,2018-07-12_16-01-44_incident_stopped_zone_nb-shoulder.jpg,nb,22561.73333,-44.61500342,nb,shoulder,-1
BIBB-CAM-024,32.8332442,-83.73284142,n,7/12/2018,3,Thursday,16:15:26,incident_stopped,2018-07-12_16-15-26_incident_stopped_zone_nb-lanes.jpg,nb,22575.43333,-49.27056404,nb,lanes,-1
N1C13,32.8332442,-83.73284142,n,7/12/2018,3,Thursday,16:15:29,incident_stopped,2018-07-12_16-15-29_incident_stopped_zone_nb-shoulder.jpg,nb,22575.48333,-49.27056404,nb,shoulder,-1
N1C07,32.80647151,-83.72379194,n,7/12/2018,3,Thursday,16:24:33,incident_stopped,2018-07-12_16-24-33_incident_stopped_zone_ramp-shoulder.jpg,nb,22584.55,-58.69634095,ramp,shoulder,-1
N2C01,32.76613511,-83.71030216,n,7/12/2018,3,Thursday,16:25:33,incident_stopped,2018-07-12_16-25-33_incident_stopped_zone_nb-shoulder.jpg,nb,22585.55,-72.97440738,nb,shoulder,-1
S1C15,32.84057153,-83.73697533,s,7/12/2018,3,Thursday,16:37:33,incident_stopped,2018-07-12_16-37-33_incident_stopped_zone_nb-shoulder.jpg,nb,22597.55,-46.47309774,nb,shoulder,-1
N1C01,32.76613511,-83.71030216,n,7/12/2018,3,Thursday,16:50:46,incident_stopped,2018-07-12_16-50-46_incident_stopped_zone_nb-shoulder.jpg,nb,22610.76667,-72.97440738,nb,shoulder,-1
BIBB-CAM-036,32.91536047,-83.79703412,s,7/12/2018,3,Thursday,18:13:32,incident_stopped,2018-07-12_18-13-32_incident_stopped_zone_far-shoulder.jpg,nb,22693.53333,-15.73785658,far,shoulder,-1
N1C25,32.88361771,-83.77234944,n,7/12/2018,3,Thursday,19:05:18,incident_stopped,2018-07-12_19-05-18_incident_stopped_zone_ramp-shoulder.jpg,nb,22745.3,-28.57124979,ramp,shoulder,-1
S2C11,32.82254015,-83.73046915,s,7/12/2018,3,Thursday,19:36:48,incident_stopped,2018-07-12_19-36-48_incident_stopped_zone_nb-shoulder.jpg,nb,22776.8,-52.86537408,nb,shoulder,-1
N2C11,32.82699902,-83.73109564,n,7/12/2018,3,Thursday,19:36:50,incident_stopped,2018-07-12_19-36-50_incident_stopped_zone_near-shoulder.jpg,nb,22776.83333,-51.41367576,near,shoulder,-1
S3C03,32.78046082,-83.71590778,s,7/12/2018,3,Thursday,19:52:19,incident_stopped,2018-07-12_19-52-19_incident_stopped_zone_nb-shoulder.jpg,nb,22792.31667,-67.79477411,nb,shoulder,-1
N1C40,32.751099,-83.713281,n,7/12/2018,3,Thursday,21:44:20,incident_stopped,2018-07-12_21-44-20_incident_stopped_zone_nb-shoulder.jpg,nb,22904.33333,-77.41345723,nb,shoulder,-1
N1C11,32.82699902,-83.73109564,n,7/13/2018,4,Friday,4:47:14,incident_stopped,2018-07-13_04-47-14_incident_stopped_zone_nb-shoulder.jpg,nb,23327.23333,-51.41367576,nb,shoulder,-1
S2C12,32.82694969,-83.73158785,s,7/13/2018,4,Friday,4:47:17,incident_stopped,2018-07-13_04-47-17_incident_stopped_zone_nb-shoulder.jpg,nb,23327.28333,-51.36261191,nb,shoulder,-1
N1C14,32.83648848,-83.73452853,n,7/13/2018,4,Friday,4:51:42,incident_stopped,2018-07-13_04-51-42_incident_stopped_zone_ramp-shoulder.jpg,nb,23331.7,-48.05166032,ramp,shoulder,-1
N2C14,32.83648848,-83.73452853,n,7/13/2018,4,Friday,5:32:30,incident_stopped,2018-07-13_05-32-30_incident_stopped_zone_nb-shoulder.jpg,nb,23372.5,-48.05166032,nb,shoulder,-1
BIBB-CAM-031,32.87958032,-83.76886573,s,7/13/2018,4,Friday,6:27:55,incident_stopped,2018-07-13_06-27-55_incident_stopped_zone_nb-shoulder.jpg,nb,23427.91667,-30.26227087,nb,shoulder,-1
N2C33,32.92077604,-83.79943309,n,7/13/2018,4,Friday,7:52:08,incident_stopped,2018-07-13_07-52-08_incident_stopped_zone_nb-shoulder.jpg,nb,23512.13333,-13.74452878,nb,shoulder,-1
BIBB-CAM-026,32.84958885,-83.74065988,n,7/13/2018,4,Friday,8:25:11,incident_stopped,2018-07-13_08-25-11_incident_stopped_zone_nb-shoulder.jpg,nb,23545.18333,-43.22840936,nb,shoulder,-1
N2C01,32.76613511,-83.71030216,n,7/13/2018,4,Friday,8:28:03,incident_stopped,2018-07-13_08-28-03_incident_stopped_zone_nb-shoulder.jpg,nb,23548.05,-72.97440738,nb,shoulder,-1
S1C21,32.86987654,-83.75830175,s,7/13/2018,4,Friday,8:30:49,incident_stopped,2018-07-13_08-30-49_incident_stopped_zone_nb-shoulder.jpg,nb,23550.81667,-34.62822647,nb,shoulder,-1
N1C01,32.76613511,-83.71030216,n,7/13/2018,4,Friday,8:43:17,incident_stopped,2018-07-13_08-43-17_incident_stopped_zone_nb-shoulder.jpg,nb,23563.28333,-72.97440738,nb,shoulder,-1
N2C03,32.78071485,-83.71530658,n,7/13/2018,4,Friday,9:05:04,incident_stopped,2018-07-13_09-05-04_incident_stopped_zone_nb-shoulder.jpg,nb,23585.06667,-67.78810628,nb,shoulder,-1
N2C17,32.84958885,-83.74065988,n,7/13/2018,4,Friday,9:36:08,incident_stopped,2018-07-13_09-36-08_incident_stopped_zone_nb-shoulder.jpg,nb,23616.13333,-43.22840936,nb,shoulder,-1
N3C38,32.94876151,-83.81228301,n,7/13/2018,4,Friday,9:44:11,incident_stopped,2018-07-13_09-44-11_incident_stopped_zone_nb-shoulder.jpg,nb,23624.18333,-3.479229064,nb,shoulder,-1
N1C21,32.86981764,-83.75767111,n,7/13/2018,4,Friday,10:19:36,incident_stopped,2018-07-13_10-19-36_incident_stopped_zone_nb-shoulder.jpg,nb,23659.6,-34.7310666,nb,shoulder,-1
N3C02,32.76990531,-83.71029631,n,7/13/2018,4,Friday,10:38:24,incident_stopped,2018-07-13_10-38-24_incident_stopped_zone_nb-shoulder.jpg,nb,23678.4,-71.78891913,nb,shoulder,-1
N2C01,32.76613511,-83.71030216,n,7/13/2018,4,Friday,10:39:27,incident_stopped,2018-07-13_10-39-27_incident_stopped_zone_nb-shoulder.jpg,nb,23679.45,-72.97440738,nb,shoulder,-1
S1C21,32.86987654,-83.75830175,s,7/13/2018,4,Friday,11:19:41,incident_stopped,2018-07-13_11-19-41_incident_stopped_zone_nb-shoulder.jpg,nb,23719.68333,-34.62822647,nb,shoulder,-1
N2C33,32.92077604,-83.79943309,n,7/13/2018,4,Friday,11:51:54,incident_stopped,2018-07-13_11-51-54_incident_stopped_zone_nb-shoulder.jpg,nb,23751.9,-13.74452878,nb,shoulder,-1
N1C14,32.83648848,-83.73452853,n,7/13/2018,4,Friday,12:58:24,incident_stopped,2018-07-13_12-58-24_incident_stopped_zone_ramp-shoulder.jpg,nb,23818.4,-48.05166032,ramp,shoulder,-1
S1C16,32.84561646,-83.73933607,s,7/13/2018,4,Friday,13:54:44,incident_stopped,2018-07-13_13-54-44_incident_stopped_zone_nb-shoulder.jpg,nb,23874.73333,-44.61500342,nb,shoulder,-1
N2C09,32.81772219,-83.72879532,n,7/13/2018,4,Friday,14:49:03,incident_stopped,2018-07-13_14-49-03_incident_stopped_zone_nb-shoulder.jpg,nb,23929.05,-54.56967025,nb,shoulder,-1
BIBB-CAM-021,32.81775622,-83.72926956,s,7/13/2018,4,Friday,14:49:04,incident_stopped,2018-07-13_14-49-04_incident_stopped_zone_nb-lanes.jpg,nb,23929.06667,-54.4973914,nb,lanes,-1
N3C42,32.759892,-83.709757,n,7/13/2018,4,Friday,15:33:34,incident_stopped,2018-07-13_15-33-34_incident_stopped_zone_nb-shoulder.jpg,nb,23973.56667,-75.01044884,nb,shoulder,-1
BIBB-CAM-027,32.85953942,-83.7465392,n,7/13/2018,4,Friday,15:40:26,incident_stopped,2018-07-13_15-40-26_incident_stopped_zone_nb-shoulder.jpg,nb,23980.43333,-39.39570165,nb,shoulder,-1
S1C30,32.91200591,-83.79524157,s,7/13/2018,4,Friday,15:58:45,incident_stopped,2018-07-13_15-58-45_incident_stopped_zone_nb-shoulder.jpg,nb,23998.75,-17.00028257,nb,shoulder,-1
N1C39,32.95177015,-83.81217745,n,7/13/2018,4,Friday,16:22:00,incident_congestion,2018-07-13_16-22-00_incident_congestion_zone_ramp-lanes.jpg,nb,24022,-2.4510298,ramp,lanes,-1
N1C14,32.83648848,-83.73452853,n,7/13/2018,4,Friday,16:26:56,incident_stopped,2018-07-13_16-26-56_incident_stopped_zone_ramp-shoulder.jpg,nb,24026.93333,-48.05166032,ramp,shoulder,-1
N2C32,32.91549987,-83.79665373,n,7/13/2018,4,Friday,16:30:30,incident_congestion,2018-07-13_16-30-30_incident_congestion_zone_nb-lanes.jpg,nb,24030.5,-15.72572861,nb,lanes,-1
S1C32,32.92026721,-83.79963273,s,7/13/2018,4,Friday,16:32:36,incident_slow,2018-07-13_16-32-36_incident_slow_zone_nb-lanes.jpg,nb,24032.6,-13.89579256,nb,lanes,-1
S2C38,32.95157525,-83.81265346,s,7/13/2018,4,Friday,16:44:32,incident_slow,2018-07-13_16-44-32_incident_slow_zone_north-lanes.jpg,nb,24044.53333,-2.501382112,north,lanes,-1
N2C38,32.94876151,-83.81228301,n,7/13/2018,4,Friday,16:44:35,incident_slow,2018-07-13_16-44-35_incident_slow_zone_nb-lanes.jpg,nb,24044.58333,-3.479229064,nb,lanes,-1
N3C39,32.95177015,-83.81217745,n,7/13/2018,4,Friday,16:44:35,incident_slow,2018-07-13_16-44-35_incident_slow_zone_nb-lanes.jpg,nb,24044.58333,-2.4510298,nb,lanes,-1
N2C01,32.76613511,-83.71030216,n,7/13/2018,4,Friday,17:20:35,incident_stopped,2018-07-13_17-20-35_incident_stopped_zone_nb-shoulder.jpg,nb,24080.58333,-72.97440738,nb,shoulder,-1
N1C07,32.80647151,-83.72379194,n,7/13/2018,4,Friday,18:05:28,incident_stopped,2018-07-13_18-05-28_incident_stopped_zone_ramp-shoulder.jpg,nb,24125.46667,-58.69634095,ramp,shoulder,-1
N1C25,32.88361771,-83.77234944,n,7/13/2018,4,Friday,18:05:32,incident_stopped,2018-07-13_18-05-32_incident_stopped_zone_ramp-shoulder.jpg,nb,24125.53333,-28.57124979,ramp,shoulder,-1
N1C09,32.81772219,-83.72879532,n,7/13/2018,4,Friday,18:24:33,incident_stopped,2018-07-13_18-24-33_incident_stopped_zone_nb-shoulder.jpg,nb,24144.55,-54.56967025,nb,shoulder,-1
N2C03,32.78071485,-83.71530658,n,7/13/2018,4,Friday,19:29:27,incident_stopped,2018-07-13_19-29-27_incident_stopped_zone_nb-shoulder.jpg,nb,24209.45,-67.78810628,nb,shoulder,-1
N1C21,32.86981764,-83.75767111,n,7/13/2018,4,Friday,19:55:38,incident_stopped,2018-07-13_19-55-38_incident_stopped_zone_nb-shoulder.jpg,nb,24235.63333,-34.7310666,nb,shoulder,-1
S1C21,32.86987654,-83.75830175,s,7/13/2018,4,Friday,19:55:42,incident_stopped,2018-07-13_19-55-42_incident_stopped_zone_nb-shoulder.jpg,nb,24235.7,-34.62822647,nb,shoulder,-1
N2C03,32.78071485,-83.71530658,n,7/13/2018,4,Friday,21:37:06,incident_stopped,2018-07-13_21-37-06_incident_stopped_zone_nb-shoulder.jpg,nb,24337.1,-67.78810628,nb,shoulder,-1
S1C31,32.91536047,-83.79703412,s,7/14/2018,5,Saturday,5:00:40,incident_stopped,2018-07-14_05-00-40_incident_stopped_zone_nb-shoulder.jpg,nb,24780.66667,-15.73785658,nb,shoulder,-1
S2C11,32.82254015,-83.73046915,s,7/14/2018,5,Saturday,5:47:55,incident_stopped,2018-07-14_05-47-55_incident_stopped_zone_nb-shoulder.jpg,nb,24827.91667,-52.86537408,nb,shoulder,-1
N1C11,32.82699902,-83.73109564,n,7/14/2018,5,Saturday,5:47:56,incident_stopped,2018-07-14_05-47-56_incident_stopped_zone_nb-shoulder.jpg,nb,24827.93333,-51.41367576,nb,shoulder,-1
BIBB-CAM-032,32.88240434,-83.7719413,s,7/14/2018,5,Saturday,6:10:54,incident_stopped,2018-07-14_06-10-54_incident_stopped_zone_nb-shoulder.jpg,nb,24850.9,-29.00171497,nb,shoulder,-1
N2C03,32.78071485,-83.71530658,n,7/14/2018,5,Saturday,7:24:06,incident_stopped,2018-07-14_07-24-06_incident_stopped_zone_nb-shoulder.jpg,nb,24924.1,-67.78810628,nb,shoulder,-1
S1C19,32.85919079,-83.74676747,s,7/14/2018,5,Saturday,7:29:42,incident_stopped,2018-07-14_07-29-42_incident_stopped_zone_nb-shoulder.jpg,nb,24929.7,-39.46810985,nb,shoulder,-1
S1C30,32.91200591,-83.79524157,s,7/14/2018,5,Saturday,7:41:08,incident_stopped,2018-07-14_07-41-08_incident_stopped_zone_nb-shoulder.jpg,nb,24941.13333,-17.00028257,nb,shoulder,-1
S1C28,32.90013203,-83.7863588,s,7/14/2018,5,Saturday,8:51:11,incident_stopped,2018-07-14_08-51-11_incident_stopped_zone_nb-shoulder.jpg,nb,25011.18333,-21.73107036,nb,shoulder,-1
N2C01,32.76613511,-83.71030216,n,7/14/2018,5,Saturday,8:52:10,incident_stopped,2018-07-14_08-52-10_incident_stopped_zone_nb-shoulder.jpg,nb,25012.16667,-72.97440738,nb,shoulder,-1
N2C33,32.92077604,-83.79943309,n,7/14/2018,5,Saturday,9:35:52,incident_stopped,2018-07-14_09-35-52_incident_stopped_zone_nb-shoulder.jpg,nb,25055.86667,-13.74452878,nb,shoulder,-1
S2C23,32.8774369,-83.7665846,s,7/14/2018,5,Saturday,10:19:20,incident_stopped,2018-07-14_10-19-20_incident_stopped_zone_far-shoulder.jpg,nb,25099.33333,-31.21570867,far,shoulder,-1
S1C24,32.87958032,-83.76886573,s,7/14/2018,5,Saturday,10:41:54,incident_stopped,2018-07-14_10-41-54_incident_stopped_zone_far-shoulder.jpg,nb,25121.9,-30.26227087,far,shoulder,-1
N1C06,32.79465366,-83.72010538,n,7/14/2018,5,Saturday,11:19:22,incident_stopped,2018-07-14_11-19-22_incident_stopped_zone_nb-shoulder.jpg,nb,25159.36667,-62.83684554,nb,shoulder,-1
N1C21,32.86981764,-83.75767111,n,7/14/2018,5,Saturday,11:38:10,incident_stopped,2018-07-14_11-38-10_incident_stopped_zone_nb-shoulder.jpg,nb,25178.16667,-34.7310666,nb,shoulder,-1
S1C30,32.91200591,-83.79524157,s,7/14/2018,5,Saturday,11:44:38,incident_stopped,2018-07-14_11-44-38_incident_stopped_zone_nb-shoulder.jpg,nb,25184.63333,-17.00028257,nb,shoulder,-1
BIBB-CAM-030,32.86987654,-83.75830175,s,7/14/2018,5,Saturday,11:45:48,incident_stopped,2018-07-14_11-45-48_incident_stopped_zone_far-shoulder.jpg,nb,25185.8,-34.62822647,far,shoulder,-1
N1C17,32.84958885,-83.74065988,n,7/14/2018,5,Saturday,12:32:11,incident_stopped,2018-07-14_12-32-11_incident_stopped_zone_nb-shoulder.jpg,nb,25232.18333,-43.22840936,nb,shoulder,-1
S1C16,32.84561646,-83.73933607,s,7/14/2018,5,Saturday,12:35:52,incident_stopped,2018-07-14_12-35-52_incident_stopped_zone_nb-shoulder.jpg,nb,25235.86667,-44.61500342,nb,shoulder,-1
N1C26,32.88798194,-83.77607704,n,7/14/2018,5,Saturday,12:46:32,incident_stopped,2018-07-14_12-46-32_incident_stopped_zone_nb-shoulder.jpg,nb,25246.53333,-26.75233619,nb,shoulder,-1
N2C01,32.76613511,-83.71030216,n,7/14/2018,5,Saturday,12:47:25,incident_stopped,2018-07-14_12-47-25_incident_stopped_zone_nb-shoulder.jpg,nb,25247.41667,-72.97440738,nb,shoulder,-1
S1C21,32.86987654,-83.75830175,s,7/14/2018,5,Saturday,13:27:30,incident_stopped,2018-07-14_13-27-30_incident_stopped_zone_nb-shoulder.jpg,nb,25287.5,-34.62822647,nb,shoulder,-1
BIBB-CAM-030,32.86987654,-83.75830175,s,7/14/2018,5,Saturday,14:03:48,incident_stopped,2018-07-14_14-03-48_incident_stopped_zone_far-shoulder.jpg,nb,25323.8,-34.62822647,far,shoulder,-1
N3C02,32.76990531,-83.71029631,n,7/14/2018,5,Saturday,14:10:44,incident_stopped,2018-07-14_14-10-44_incident_stopped_zone_nb-shoulder.jpg,nb,25330.73333,-71.78891913,nb,shoulder,-1
N2C01,32.76613511,-83.71030216,n,7/14/2018,5,Saturday,15:43:19,incident_stopped,2018-07-14_15-43-19_incident_stopped_zone_nb-shoulder.jpg,nb,25423.31667,-72.97440738,nb,shoulder,-1
N1C25,32.88361771,-83.77234944,n,7/14/2018,5,Saturday,16:15:05,incident_stopped,2018-07-14_16-15-05_incident_stopped_zone_ramp-shoulder.jpg,nb,25455.08333,-28.57124979,ramp,shoulder,-1
N3C02,32.76990531,-83.71029631,n,7/14/2018,5,Saturday,16:20:28,incident_stopped,2018-07-14_16-20-28_incident_stopped_zone_nb-shoulder.jpg,nb,25460.46667,-71.78891913,nb,shoulder,-1
N2C33,32.92077604,-83.79943309,n,7/14/2018,5,Saturday,16:35:01,incident_stopped,2018-07-14_16-35-01_incident_stopped_zone_nb-shoulder.jpg,nb,25475.01667,-13.74452878,nb,shoulder,-1
S1C30,32.91200591,-83.79524157,s,7/14/2018,5,Saturday,16:36:58,incident_stopped,2018-07-14_16-36-58_incident_stopped_zone_nb-lanes.jpg,nb,25476.96667,-17.00028257,nb,lanes,-1
N1C03,32.78071485,-83.71530658,n,7/14/2018,5,Saturday,16:51:13,incident_stopped,2018-07-14_16-51-13_incident_stopped_zone_nb-shoulder.jpg,nb,25491.21667,-67.78810628,nb,shoulder,-1
S2C23,32.8774369,-83.7665846,s,7/14/2018,5,Saturday,16:54:04,incident_stopped,2018-07-14_16-54-04_incident_stopped_zone_far-shoulder.jpg,nb,25494.06667,-31.21570867,far,shoulder,-1
N2C11,32.82699902,-83.73109564,n,7/14/2018,5,Saturday,17:02:09,incident_stopped,2018-07-14_17-02-09_incident_stopped_zone_near-shoulder.jpg,nb,25502.15,-51.41367576,near,shoulder,-1
N2C03,32.78071485,-83.71530658,n,7/14/2018,5,Saturday,17:17:47,incident_stopped,2018-07-14_17-17-47_incident_stopped_zone_nb-shoulder.jpg,nb,25517.78333,-67.78810628,nb,shoulder,-1
S1C17,32.84950348,-83.74113514,s,7/14/2018,5,Saturday,17:23:40,incident_stopped,2018-07-14_17-23-40_incident_stopped_zone_nb-shoulder.jpg,nb,25523.66667,-43.18705025,nb,shoulder,-1
N1C16,32.84577945,-83.73888874,n,7/14/2018,5,Saturday,18:50:06,incident_stopped,2018-07-14_18-50-06_incident_stopped_zone_near-shoulder.jpg,nb,25610.1,-44.6283787,near,shoulder,-1
S1C32,32.92026721,-83.79963273,s,7/14/2018,5,Saturday,19:41:25,incident_stopped,2018-07-14_19-41-25_incident_stopped_zone_nb-lanes.jpg,nb,25661.41667,-13.89579256,nb,lanes,-1
N2C17,32.84958885,-83.74065988,n,7/14/2018,5,Saturday,20:20:35,incident_stopped,2018-07-14_20-20-35_incident_stopped_zone_nb-shoulder.jpg,nb,25700.58333,-43.22840936,nb,shoulder,-1
N2C01,32.76613511,-83.71030216,n,7/14/2018,5,Saturday,20:57:01,incident_stopped,2018-07-14_20-57-01_incident_stopped_zone_nb-shoulder.jpg,nb,25737.01667,-72.97440738,nb,shoulder,-1
BIBB-CAM-026,32.84958885,-83.74065988,n,7/14/2018,5,Saturday,21:05:48,incident_stopped,2018-07-14_21-05-48_incident_stopped.jpg,nb,25745.8,-43.22840936,,,-1
S1C21,32.86987654,-83.75830175,s,7/14/2018,5,Saturday,21:07:24,incident_stopped,2018-07-14_21-07-24_incident_stopped_zone_nb-shoulder.jpg,nb,25747.4,-34.62822647,nb,shoulder,-1
N1C06,32.79465366,-83.72010538,n,7/15/2018,6,Sunday,0:02:56,incident_stopped,2018-07-15_00-02-56_incident_stopped_zone_nb-shoulder.jpg,nb,25922.93333,-62.83684554,nb,shoulder,-1
BIBB-CAM-032,32.88240434,-83.7719413,s,7/15/2018,6,Sunday,3:44:18,incident_stopped,2018-07-15_03-44-18_incident_stopped_zone_nb-lanes.jpg,nb,26144.3,-29.00171497,nb,lanes,-1
N1C21,32.86981764,-83.75767111,n,7/15/2018,6,Sunday,6:59:39,incident_stopped,2018-07-15_06-59-39_incident_stopped_zone_nb-shoulder.jpg,nb,26339.65,-34.7310666,nb,shoulder,-1
N2C03,32.78071485,-83.71530658,n,7/15/2018,6,Sunday,8:34:04,incident_stopped,2018-07-15_08-34-04_incident_stopped_zone_nb-shoulder.jpg,nb,26434.06667,-67.78810628,nb,shoulder,-1
S2C04,32.78488999,-83.71869237,s,7/15/2018,6,Sunday,9:27:14,incident_stopped,2018-07-15_09-27-14_incident_stopped_zone_nb-shoulder.jpg,nb,26487.23333,-66.06682308,nb,shoulder,-1
N3C02,32.76990531,-83.71029631,n,7/15/2018,6,Sunday,9:39:05,incident_stopped,2018-07-15_09-39-05_incident_stopped_zone_nb-shoulder.jpg,nb,26499.08333,-71.78891913,nb,shoulder,-1
N2C14,32.83648848,-83.73452853,n,7/15/2018,6,Sunday,9:46:30,incident_stopped,2018-07-15_09-46-30_incident_stopped_zone_nb-shoulder.jpg,nb,26506.5,-48.05166032,nb,shoulder,-1
S2C14,32.83620205,-83.73500536,s,7/15/2018,6,Sunday,9:46:36,incident_stopped,2018-07-15_09-46-36_incident_stopped_zone_far-shoulder.jpg,nb,26506.6,-48.07309629,far,shoulder,-1
N1C03,32.78071485,-83.71530658,n,7/15/2018,6,Sunday,9:48:37,incident_stopped,2018-07-15_09-48-37_incident_stopped_zone_nb-shoulder.jpg,nb,26508.61667,-67.78810628,nb,shoulder,-1
N2C01,32.76613511,-83.71030216,n,7/15/2018,6,Sunday,10:17:00,incident_stopped,2018-07-15_10-17-00_incident_stopped_zone_nb-shoulder.jpg,nb,26537,-72.97440738,nb,shoulder,-1
S2C08,32.80622138,-83.72432815,s,7/15/2018,6,Sunday,10:17:31,incident_stopped,2018-07-15_10-17-31_incident_stopped_zone_nb-shoulder.jpg,nb,26537.51667,-58.705165,nb,shoulder,-1
BIBB-CAM-013,32.77567367,-83.7128245,s,7/15/2018,6,Sunday,10:47:14,incident_stopped,2018-07-15_10-47-14_incident_stopped_zone_nb-lanes.jpg,nb,26567.23333,-69.6715058,nb,lanes,-1
BIBB-CAM-034,32.90013203,-83.7863588,s,7/15/2018,6,Sunday,12:02:55,incident_stopped,2018-07-15_12-02-55_incident_stopped_zone_nb-shoulder.jpg,nb,26642.91667,-21.73107036,nb,shoulder,-1
N1C21,32.86981764,-83.75767111,n,7/15/2018,6,Sunday,12:34:16,incident_stopped,2018-07-15_12-34-16_incident_stopped_zone_nb-shoulder.jpg,nb,26674.26667,-34.7310666,nb,shoulder,-1
S1C21,32.86987654,-83.75830175,s,7/15/2018,6,Sunday,12:34:22,incident_stopped,2018-07-15_12-34-22_incident_stopped_zone_nb-shoulder.jpg,nb,26674.36667,-34.62822647,nb,shoulder,-1
N2C23,32.87756847,-83.76599732,n,7/15/2018,6,Sunday,12:54:07,incident_stopped,2018-07-15_12-54-07_incident_stopped_zone_nb-shoulder.jpg,nb,26694.11667,-31.24939169,nb,shoulder,-1
S3C23,32.8774369,-83.7665846,s,7/15/2018,6,Sunday,12:54:09,incident_stopped,2018-07-15_12-54-09_incident_stopped_zone_nb-shoulder.jpg,nb,26694.15,-31.21570867,nb,shoulder,-1
N2C01,32.76613511,-83.71030216,n,7/15/2018,6,Sunday,13:23:58,incident_stopped,2018-07-15_13-23-58_incident_stopped_zone_nb-shoulder.jpg,nb,26723.96667,-72.97440738,nb,shoulder,-1
N1C16,32.84577945,-83.73888874,n,7/15/2018,6,Sunday,13:37:07,incident_stopped,2018-07-15_13-37-07_incident_stopped_zone_near-shoulder.jpg,nb,26737.11667,-44.6283787,near,shoulder,-1
N1C40,32.751099,-83.713281,n,7/15/2018,6,Sunday,13:42:29,incident_stopped,2018-07-15_13-42-29_incident_stopped_zone_nb-shoulder.jpg,nb,26742.48333,-77.41345723,nb,shoulder,-1
N2C03,32.78071485,-83.71530658,n,7/15/2018,6,Sunday,13:47:44,incident_stopped,2018-07-15_13-47-44_incident_stopped_zone_nb-shoulder.jpg,nb,26747.73333,-67.78810628,nb,shoulder,-1
N2C14,32.83648848,-83.73452853,n,7/15/2018,6,Sunday,14:01:44,incident_stopped,2018-07-15_14-01-44_incident_stopped_zone_nb-shoulder.jpg,nb,26761.73333,-48.05166032,nb,shoulder,-1
BIBB-CAM-031,32.87958032,-83.76886573,s,7/15/2018,6,Sunday,14:11:10,incident_stopped,2018-07-15_14-11-10_incident_stopped_zone_nb-shoulder.jpg,nb,26771.16667,-30.26227087,nb,shoulder,-1
S1C30,32.91200591,-83.79524157,s,7/15/2018,6,Sunday,14:51:05,incident_stopped,2018-07-15_14-51-05_incident_stopped_zone_nb-shoulder.jpg,nb,26811.08333,-17.00028257,nb,shoulder,-1
N1C16,32.84577945,-83.73888874,n,7/15/2018,6,Sunday,15:48:37,incident_stopped,2018-07-15_15-48-37_incident_stopped_zone_near-shoulder.jpg,nb,26868.61667,-44.6283787,near,shoulder,-1
N1C07,32.80647151,-83.72379194,n,7/15/2018,6,Sunday,16:46:04,incident_stopped,2018-07-15_16-46-04_incident_stopped_zone_ramp-shoulder.jpg,nb,26926.06667,-58.69634095,ramp,shoulder,-1
N1C01,32.76613511,-83.71030216,n,7/15/2018,6,Sunday,18:44:17,incident_stopped,2018-07-15_18-44-17_incident_stopped_zone_nb-shoulder.jpg,nb,27044.28333,-72.97440738,nb,shoulder,-1
S2C08,32.80622138,-83.72432815,s,7/15/2018,6,Sunday,19:03:26,incident_stopped,2018-07-15_19-03-26_incident_stopped_zone_nb-shoulder.jpg,nb,27063.43333,-58.705165,nb,shoulder,-1
N2C01,32.76613511,-83.71030216,n,7/15/2018,6,Sunday,19:23:22,incident_stopped,2018-07-15_19-23-22_incident_stopped_zone_nb-shoulder.jpg,nb,27083.36667,-72.97440738,nb,shoulder,-1
S1C30,32.91200591,-83.79524157,s,7/15/2018,6,Sunday,19:31:17,incident_stopped,2018-07-15_19-31-17_incident_stopped_zone_nb-shoulder.jpg,nb,27091.28333,-17.00028257,nb,shoulder,-1
S1C12,32.82694969,-83.73158785,s,7/16/2018,0,Monday,3:37:23,incident_stopped,2018-07-16_03-37-23_incident_stopped_zone_nb-shoulder.jpg,nb,27577.38333,-51.36261191,nb,shoulder,-1
N2C03,32.78071485,-83.71530658,n,7/16/2018,0,Monday,4:38:10,incident_stopped,2018-07-16_04-38-10_incident_stopped_zone_nb-shoulder.jpg,nb,27638.16667,-67.78810628,nb,shoulder,-1
BIBB-CAM-031,32.87958032,-83.76886573,s,7/16/2018,0,Monday,5:19:36,incident_stopped,2018-07-16_05-19-36_incident_stopped_zone_nb-shoulder.jpg,nb,27679.6,-30.26227087,nb,shoulder,-1
N2C03,32.78071485,-83.71530658,n,7/16/2018,0,Monday,8:22:49,incident_stopped,2018-07-16_08-22-49_incident_stopped_zone_nb-shoulder.jpg,nb,27862.81667,-67.78810628,nb,shoulder,-1
BIBB-CAM-030,32.86987654,-83.75830175,s,7/16/2018,0,Monday,9:15:01,incident_stopped,2018-07-16_09-15-01_incident_stopped_zone_far-shoulder.jpg,nb,27915.01667,-34.62822647,far,shoulder,-1
S2C08,32.80622138,-83.72432815,s,7/16/2018,0,Monday,9:17:02,incident_stopped,2018-07-16_09-17-02_incident_stopped_zone_nb-shoulder.jpg,nb,27917.03333,-58.705165,nb,shoulder,-1
N1C21,32.86981764,-83.75767111,n,7/16/2018,0,Monday,10:00:06,incident_stopped,2018-07-16_10-00-06_incident_stopped_zone_nb-shoulder.jpg,nb,27960.1,-34.7310666,nb,shoulder,-1
N2C03,32.78071485,-83.71530658,n,7/16/2018,0,Monday,10:01:49,incident_stopped,2018-07-16_10-01-49_incident_stopped_zone_nb-shoulder.jpg,nb,27961.81667,-67.78810628,nb,shoulder,-1
N1C25,32.88361771,-83.77234944,n,7/16/2018,0,Monday,11:18:18,incident_stopped,2018-07-16_11-18-18_incident_stopped_zone_ramp-shoulder.jpg,nb,28038.3,-28.57124979,ramp,shoulder,-1
N2C01,32.76613511,-83.71030216,n,7/16/2018,0,Monday,12:15:51,incident_stopped,2018-07-16_12-15-51_incident_stopped_zone_nb-shoulder.jpg,nb,28095.85,-72.97440738,nb,shoulder,-1
S1C12,32.82694969,-83.73158785,s,7/16/2018,0,Monday,13:07:47,incident_stopped,2018-07-16_13-07-47_incident_stopped_zone_nb-shoulder.jpg,nb,28147.78333,-51.36261191,nb,shoulder,-1
N1C21,32.86981764,-83.75767111,n,7/16/2018,0,Monday,13:54:52,incident_stopped,2018-07-16_13-54-52_incident_stopped_zone_nb-shoulder.jpg,nb,28194.86667,-34.7310666,nb,shoulder,-1
N1C37,32.94227108,-83.81080305,n,7/16/2018,0,Monday,13:57:17,incident_stopped,2018-07-16_13-57-17_incident_stopped_zone_nb-shoulder.jpg,nb,28197.28333,-5.756209786,nb,shoulder,-1
N2C01,32.76613511,-83.71030216,n,7/16/2018,0,Monday,14:06:33,incident_stopped,2018-07-16_14-06-33_incident_stopped_zone_nb-shoulder.jpg,nb,28206.55,-72.97440738,nb,shoulder,-1
N1C01,32.76613511,-83.71030216,n,7/16/2018,0,Monday,14:06:34,incident_stopped,2018-07-16_14-06-34_incident_stopped_zone_nb-shoulder.jpg,nb,28206.56667,-72.97440738,nb,shoulder,-1
S1C21,32.86987654,-83.75830175,s,7/16/2018,0,Monday,14:59:38,incident_stopped,2018-07-16_14-59-38_incident_stopped_zone_nb-shoulder.jpg,nb,28259.63333,-34.62822647,nb,shoulder,-1
N2C33,32.92077604,-83.79943309,n,7/16/2018,0,Monday,15:16:38,incident_stopped,2018-07-16_15-16-38_incident_stopped_zone_nb-shoulder.jpg,nb,28276.63333,-13.74452878,nb,shoulder,-1
S1C32,32.92026721,-83.79963273,s,7/16/2018,0,Monday,15:18:04,incident_stopped,2018-07-16_15-18-04_incident_stopped_zone_nb-shoulder.jpg,nb,28278.06667,-13.89579256,nb,shoulder,-1
BIBB-CAM-039,32.94243524,-83.81127376,s,7/16/2018,0,Monday,15:20:09,incident_stopped,2018-07-16_15-20-09_incident_stopped_zone_nb-lanes.jpg,nb,28280.15,-5.683345579,nb,lanes,-1
S1C27,32.89654773,-83.78351592,s,7/16/2018,0,Monday,15:20:13,incident_stopped,2018-07-16_15-20-13_incident_stopped_zone_nb-shoulder.jpg,nb,28280.21667,-23.1858178,nb,shoulder,-1
BIBB-CAM-018,32.79962746,-83.72080704,n,7/16/2018,0,Monday,15:22:30,incident_stopped,2018-07-16_15-22-30_incident_stopped.jpg,nb,28282.5,-61.20075294,,,-1
N2C01,32.76613511,-83.71030216,n,7/16/2018,0,Monday,15:48:08,incident_stopped,2018-07-16_15-48-08_incident_stopped_zone_nb-shoulder.jpg,nb,28308.13333,-72.97440738,nb,shoulder,-1
N1C01,32.76613511,-83.71030216,n,7/16/2018,0,Monday,15:48:16,incident_stopped,2018-07-16_15-48-16_incident_stopped_zone_nb-shoulder.jpg,nb,28308.26667,-72.97440738,nb,shoulder,-1
N2C03,32.78071485,-83.71530658,n,7/16/2018,0,Monday,16:03:32,incident_stopped,2018-07-16_16-03-32_incident_stopped_zone_nb-shoulder.jpg,nb,28323.53333,-67.78810628,nb,shoulder,-1
BIBB-CAM-022,32.82254015,-83.73046915,s,7/16/2018,0,Monday,16:51:37,incident_stopped,2018-07-16_16-51-37_incident_stopped_zone_nb-shoulder.jpg,nb,28371.61667,-52.86537408,nb,shoulder,-1
BIBB-CAM-025,32.84057153,-83.73697533,s,7/16/2018,0,Monday,16:54:27,incident_stopped,2018-07-16_16-54-27_incident_stopped_zone_nb-shoulder.jpg,nb,28374.45,-46.47309774,nb,shoulder,-1
N2C01,32.76613511,-83.71030216,n,7/16/2018,0,Monday,17:35:10,incident_stopped,2018-07-16_17-35-10_incident_stopped_zone_nb-shoulder.jpg,nb,28415.16667,-72.97440738,nb,shoulder,-1
N1C01,32.76613511,-83.71030216,n,7/16/2018,0,Monday,17:35:13,incident_stopped,2018-07-16_17-35-13_incident_stopped_zone_nb-shoulder.jpg,nb,28415.21667,-72.97440738,nb,shoulder,-1
S1C28,32.90013203,-83.7863588,s,7/16/2018,0,Monday,17:50:59,incident_stopped,2018-07-16_17-50-59_incident_stopped_zone_nb-shoulder.jpg,nb,28430.98333,-21.73107036,nb,shoulder,-1
S1C27,32.89654773,-83.78351592,s,7/16/2018,0,Monday,17:50:59,incident_stopped,2018-07-16_17-50-59_incident_stopped_zone_nb-shoulder.jpg,nb,28430.98333,-23.1858178,nb,shoulder,-1
BIBB-CAM-030,32.86987654,-83.75830175,s,7/16/2018,0,Monday,18:26:01,incident_stopped,2018-07-16_18-26-01_incident_stopped_zone_far-shoulder.jpg,nb,28466.01667,-34.62822647,far,shoulder,-1
BIBB-CAM-019,32.80622138,-83.72432815,s,7/16/2018,0,Monday,18:40:30,incident_stopped,2018-07-16_18-40-30_incident_stopped_zone_far-shoulder.jpg,nb,28480.5,-58.705165,far,shoulder,-1
N1C03,32.78071485,-83.71530658,n,7/16/2018,0,Monday,19:11:03,incident_stopped,2018-07-16_19-11-03_incident_stopped_zone_nb-shoulder.jpg,nb,28511.05,-67.78810628,nb,shoulder,-1
N1C41,32.7558,-83.709193,n,7/16/2018,0,Monday,19:54:03,incident_stopped,2018-07-16_19-54-03_incident_stopped_zone_nb-shoulder.jpg,nb,28554.05,-76.37247586,nb,shoulder,-1
BIBB-CAM-032,32.88240434,-83.7719413,s,7/16/2018,0,Monday,20:03:53,incident_stopped,2018-07-16_20-03-53_incident_stopped_zone_nb-shoulder.jpg,nb,28563.88333,-29.00171497,nb,shoulder,-1
N2C25,32.88361771,-83.77234944,n,7/16/2018,0,Monday,20:03:53,incident_stopped,2018-07-16_20-03-53_incident_stopped_zone_nb-shoulder.jpg,nb,28563.88333,-28.57124979,nb,shoulder,-1
N2C01,32.76613511,-83.71030216,n,7/16/2018,0,Monday,20:04:43,incident_stopped,2018-07-16_20-04-43_incident_stopped_zone_nb-shoulder.jpg,nb,28564.71667,-72.97440738,nb,shoulder,-1
N1C21,32.86981764,-83.75767111,n,7/16/2018,0,Monday,20:08:08,incident_stopped,2018-07-16_20-08-08_incident_stopped_zone_nb-shoulder.jpg,nb,28568.13333,-34.7310666,nb,shoulder,-1
N1C21,32.86981764,-83.75767111,n,7/17/2018,1,Tuesday,1:13:24,incident_stopped,2018-07-17_01-13-24_incident_stopped_zone_nb-shoulder.jpg,nb,28873.4,-34.7310666,nb,shoulder,-1
S1C21,32.86987654,-83.75830175,s,7/17/2018,1,Tuesday,1:13:31,incident_stopped,2018-07-17_01-13-31_incident_stopped_zone_nb-shoulder.jpg,nb,28873.51667,-34.62822647,nb,shoulder,-1
S1C15,32.84057153,-83.73697533,s,7/17/2018,1,Tuesday,3:29:08,incident_stopped,2018-07-17_03-29-08_incident_stopped_zone_nb-shoulder.jpg,nb,29009.13333,-46.47309774,nb,shoulder,-1
N2C01,32.76613511,-83.71030216,n,7/17/2018,1,Tuesday,6:43:21,incident_stopped,2018-07-17_06-43-21_incident_stopped_zone_nb-shoulder.jpg,nb,29203.35,-72.97440738,nb,shoulder,-1
BIBB-CAM-013,32.77567367,-83.7128245,s,7/17/2018,1,Tuesday,7:04:10,incident_stopped,2018-07-17_07-04-10_incident_stopped_zone_nb-shoulder.jpg,nb,29224.16667,-69.6715058,nb,shoulder,-1
N2C03,32.78071485,-83.71530658,n,7/17/2018,1,Tuesday,7:50:52,incident_stopped,2018-07-17_07-50-52_incident_stopped_zone_nb-shoulder.jpg,nb,29270.86667,-67.78810628,nb,shoulder,-1
BIBB-CAM-021,32.81775622,-83.72926956,s,7/17/2018,1,Tuesday,8:12:41,incident_stopped,2018-07-17_08-12-41_incident_stopped_zone_nb-shoulder.jpg,nb,29292.68333,-54.4973914,nb,shoulder,-1
S1C21,32.86987654,-83.75830175,s,7/17/2018,1,Tuesday,8:46:49,incident_stopped,2018-07-17_08-46-49_incident_stopped_zone_nb-shoulder.jpg,nb,29326.81667,-34.62822647,nb,shoulder,-1
N1C11,32.82699902,-83.73109564,n,7/17/2018,1,Tuesday,8:55:48,incident_stopped,2018-07-17_08-55-48_incident_stopped_zone_nb-shoulder.jpg,nb,29335.8,-51.41367576,nb,shoulder,-1
N2C26,32.88798194,-83.77607704,n,7/17/2018,1,Tuesday,9:46:45,incident_stopped,2018-07-17_09-46-45_incident_stopped_zone_nb-shoulder.jpg,nb,29386.75,-26.75233619,nb,shoulder,-1
N3C02,32.76990531,-83.71029631,n,7/17/2018,1,Tuesday,9:56:22,incident_stopped,2018-07-17_09-56-22_incident_stopped_zone_nb-shoulder.jpg,nb,29396.36667,-71.78891913,nb,shoulder,-1
S3C03,32.78046082,-83.71590778,s,7/17/2018,1,Tuesday,10:26:33,incident_stopped,2018-07-17_10-26-33_incident_stopped_zone_nb-shoulder.jpg,nb,29426.55,-67.79477411,nb,shoulder,-1
N2C03,32.78071485,-83.71530658,n,7/17/2018,1,Tuesday,10:26:37,incident_stopped,2018-07-17_10-26-37_incident_stopped_zone_nb-shoulder.jpg,nb,29426.61667,-67.78810628,nb,shoulder,-1
N1C17,32.84958885,-83.74065988,n,7/17/2018,1,Tuesday,10:40:17,incident_stopped,2018-07-17_10-40-17_incident_stopped_zone_nb-shoulder.jpg,nb,29440.28333,-43.22840936,nb,shoulder,-1
N2C11,32.82699902,-83.73109564,n,7/17/2018,1,Tuesday,10:42:51,incident_stopped,2018-07-17_10-42-51_incident_stopped_zone_near-shoulder.jpg,nb,29442.85,-51.41367576,near,shoulder,-1
S1C21,32.86987654,-83.75830175,s,7/17/2018,1,Tuesday,11:05:18,incident_stopped,2018-07-17_11-05-18_incident_stopped_zone_nb-shoulder.jpg,nb,29465.3,-34.62822647,nb,shoulder,-1
N1C03,32.78071485,-83.71530658,n,7/17/2018,1,Tuesday,11:23:00,incident_stopped,2018-07-17_11-23-00_incident_stopped_zone_nb-shoulder.jpg,nb,29483,-67.78810628,nb,shoulder,-1
S1C04,32.78488999,-83.71869237,s,7/17/2018,1,Tuesday,11:23:07,incident_stopped,2018-07-17_11-23-07_incident_stopped_zone_nb-shoulder.jpg,nb,29483.11667,-66.06682308,nb,shoulder,-1
N1C16,32.84577945,-83.73888874,n,7/17/2018,1,Tuesday,11:32:35,incident_stopped,2018-07-17_11-32-35_incident_stopped_zone_near-shoulder.jpg,nb,29492.58333,-44.6283787,near,shoulder,-1
N1C21,32.86981764,-83.75767111,n,7/17/2018,1,Tuesday,11:48:21,incident_stopped,2018-07-17_11-48-21_incident_stopped_zone_nb-shoulder.jpg,nb,29508.35,-34.7310666,nb,shoulder,-1
N2C17,32.84958885,-83.74065988,n,7/17/2018,1,Tuesday,12:22:35,incident_stopped,2018-07-17_12-22-35_incident_stopped_zone_nb-shoulder.jpg,nb,29542.58333,-43.22840936,nb,shoulder,-1
S1C32,32.92026721,-83.79963273,s,7/17/2018,1,Tuesday,12:27:18,incident_stopped,2018-07-17_12-27-18_incident_stopped_zone_nb-lanes.jpg,nb,29547.3,-13.89579256,nb,lanes,-1
N1C17,32.84958885,-83.74065988,n,7/17/2018,1,Tuesday,12:29:29,incident_stopped,2018-07-17_12-29-29_incident_stopped_zone_nb-shoulder.jpg,nb,29549.48333,-43.22840936,nb,shoulder,-1
N1C07,32.80647151,-83.72379194,n,7/17/2018,1,Tuesday,12:33:47,incident_stopped,2018-07-17_12-33-47_incident_stopped_zone_ramp-shoulder.jpg,nb,29553.78333,-58.69634095,ramp,shoulder,-1
N2C01,32.76613511,-83.71030216,n,7/17/2018,1,Tuesday,12:34:22,incident_stopped,2018-07-17_12-34-22_incident_stopped_zone_nb-shoulder.jpg,nb,29554.36667,-72.97440738,nb,shoulder,-1
S1C21,32.86987654,-83.75830175,s,7/17/2018,1,Tuesday,12:42:53,incident_stopped,2018-07-17_12-42-53_incident_stopped_zone_nb-shoulder.jpg,nb,29562.88333,-34.62822647,nb,shoulder,-1
N2C03,32.78071485,-83.71530658,n,7/17/2018,1,Tuesday,13:26:10,incident_stopped,2018-07-17_13-26-10_incident_stopped_zone_nb-shoulder.jpg,nb,29606.16667,-67.78810628,nb,shoulder,-1
N2C01,32.76613511,-83.71030216,n,7/17/2018,1,Tuesday,14:23:51,incident_stopped,2018-07-17_14-23-51_incident_stopped_zone_nb-shoulder.jpg,nb,29663.85,-72.97440738,nb,shoulder,-1
N1C01,32.76613511,-83.71030216,n,7/17/2018,1,Tuesday,14:23:55,incident_stopped,2018-07-17_14-23-55_incident_stopped_zone_nb-shoulder.jpg,nb,29663.91667,-72.97440738,nb,shoulder,-1
BIBB-CAM-030,32.86987654,-83.75830175,s,7/17/2018,1,Tuesday,14:40:24,incident_stopped,2018-07-17_14-40-24_incident_stopped_zone_far-shoulder.jpg,nb,29680.4,-34.62822647,far,shoulder,-1
S1C21,32.86987654,-83.75830175,s,7/17/2018,1,Tuesday,15:18:46,incident_stopped,2018-07-17_15-18-46_incident_stopped_zone_nb-shoulder.jpg,nb,29718.76667,-34.62822647,nb,shoulder,-1
N1C03,32.78071485,-83.71530658,n,7/17/2018,1,Tuesday,15:46:33,incident_stopped,2018-07-17_15-46-33_incident_stopped_zone_nb-shoulder.jpg,nb,29746.55,-67.78810628,nb,shoulder,-1
N1C06,32.79465366,-83.72010538,n,7/17/2018,1,Tuesday,15:51:52,incident_stopped,2018-07-17_15-51-52_incident_stopped_zone_nb-shoulder.jpg,nb,29751.86667,-62.83684554,nb,shoulder,-1
N1C16,32.84577945,-83.73888874,n,7/17/2018,1,Tuesday,15:55:24,incident_stopped,2018-07-17_15-55-24_incident_stopped_zone_near-shoulder.jpg,nb,29755.4,-44.6283787,near,shoulder,-1
BIBB-CAM-009,32.76613511,-83.71030216,n,7/17/2018,1,Tuesday,16:06:50,incident_stopped,2018-07-17_16-06-50_incident_stopped.jpg,nb,29766.83333,-72.97440738,,,-1
S1C30,32.91200591,-83.79524157,s,7/17/2018,1,Tuesday,16:17:36,incident_stopped,2018-07-17_16-17-36_incident_stopped_zone_nb-shoulder.jpg,nb,29777.6,-17.00028257,nb,shoulder,-1
N2C03,32.78071485,-83.71530658,n,7/17/2018,1,Tuesday,16:34:53,incident_stopped,2018-07-17_16-34-53_incident_stopped_zone_nb-shoulder.jpg,nb,29794.88333,-67.78810628,nb,shoulder,-1
N2C01,32.76613511,-83.71030216,n,7/17/2018,1,Tuesday,16:36:02,incident_stopped,2018-07-17_16-36-02_incident_stopped_zone_nb-shoulder.jpg,nb,29796.03333,-72.97440738,nb,shoulder,-1
N1C01,32.76613511,-83.71030216,n,7/17/2018,1,Tuesday,16:36:06,incident_stopped,2018-07-17_16-36-06_incident_stopped_zone_nb-shoulder.jpg,nb,29796.1,-72.97440738,nb,shoulder,-1
N1C17,32.84958885,-83.74065988,n,7/17/2018,1,Tuesday,17:09:22,incident_stopped,2018-07-17_17-09-22_incident_stopped_zone_nb-shoulder.jpg,nb,29829.36667,-43.22840936,nb,shoulder,-1
N2C01,32.76613511,-83.71030216,n,7/17/2018,1,Tuesday,18:15:45,incident_stopped,2018-07-17_18-15-45_incident_stopped_zone_nb-shoulder.jpg,nb,29895.75,-72.97440738,nb,shoulder,-1
N2C17,32.84958885,-83.74065988,n,7/17/2018,1,Tuesday,18:22:32,incident_stopped,2018-07-17_18-22-32_incident_stopped_zone_nb-shoulder.jpg,nb,29902.53333,-43.22840936,nb,shoulder,-1
S1C32,32.92026721,-83.79963273,s,7/17/2018,1,Tuesday,18:24:27,incident_stopped,2018-07-17_18-24-27_incident_stopped_zone_nb-shoulder.jpg,nb,29904.45,-13.89579256,nb,shoulder,-1
BIBB-CAM-030,32.86987654,-83.75830175,s,7/17/2018,1,Tuesday,18:49:20,incident_stopped,2018-07-17_18-49-20_incident_stopped_zone_far-shoulder.jpg,nb,29929.33333,-34.62822647,far,shoulder,-1
N1C39,32.95177015,-83.81217745,n,7/17/2018,1,Tuesday,19:03:48,incident_stopped,2018-07-17_19-03-48_incident_stopped_zone_ramp-shoulder.jpg,nb,29943.8,-2.4510298,ramp,shoulder,-1
BIBB-CAM-018,32.79962746,-83.72080704,n,7/17/2018,1,Tuesday,21:12:25,incident_stopped,2018-07-17_21-12-25_incident_stopped.jpg,nb,30072.41667,-61.20075294,,,-1
BIBB-CAM-018,32.79962746,-83.72080704,n,7/18/2018,2,Wednesday,0:40:00,incident_stopped,2018-07-18_00-40-00_incident_stopped.jpg,nb,30280,-61.20075294,,,-1
N1C25,32.88361771,-83.77234944,n,7/18/2018,2,Wednesday,1:18:21,incident_stopped,2018-07-18_01-18-21_incident_stopped_zone_ramp-shoulder.jpg,nb,30318.35,-28.57124979,ramp,shoulder,-1
N2C39,32.95177015,-83.81217745,n,7/18/2018,2,Wednesday,4:34:17,incident_stopped,2018-07-18_04-34-17_incident_stopped_zone_near-shoulder.jpg,nb,30514.28333,-2.4510298,near,shoulder,-1
N1C07,32.80647151,-83.72379194,n,7/18/2018,2,Wednesday,4:37:57,incident_stopped,2018-07-18_04-37-57_incident_stopped_zone_ramp-shoulder.jpg,nb,30517.95,-58.69634095,ramp,shoulder,-1
N2C03,32.78071485,-83.71530658,n,7/18/2018,2,Wednesday,7:58:47,incident_stopped,2018-07-18_07-58-47_incident_stopped_zone_nb-shoulder.jpg,nb,30718.78333,-67.78810628,nb,shoulder,-1
N1C01,32.76613511,-83.71030216,n,7/18/2018,2,Wednesday,8:22:43,incident_stopped,2018-07-18_08-22-43_incident_stopped_zone_nb-shoulder.jpg,nb,30742.71667,-72.97440738,nb,shoulder,-1
N2C33,32.92077604,-83.79943309,n,7/18/2018,2,Wednesday,8:34:09,incident_stopped,2018-07-18_08-34-09_incident_stopped_zone_nb-shoulder.jpg,nb,30754.15,-13.74452878,nb,shoulder,-1
S1C30,32.91200591,-83.79524157,s,7/18/2018,2,Wednesday,8:39:28,incident_stopped,2018-07-18_08-39-28_incident_stopped_zone_nb-shoulder.jpg,nb,30759.46667,-17.00028257,nb,shoulder,-1
N1C07,32.80647151,-83.72379194,n,7/18/2018,2,Wednesday,8:40:42,incident_stopped,2018-07-18_08-40-42_incident_stopped_zone_ramp-shoulder.jpg,nb,30760.7,-58.69634095,ramp,shoulder,-1
S1C28,32.90013203,-83.7863588,s,7/18/2018,2,Wednesday,8:47:32,incident_stopped,2018-07-18_08-47-32_incident_stopped_zone_nb-shoulder.jpg,nb,30767.53333,-21.73107036,nb,shoulder,-1
S1C27,32.89654773,-83.78351592,s,7/18/2018,2,Wednesday,8:47:32,incident_stopped,2018-07-18_08-47-32_incident_stopped_zone_nb-shoulder.jpg,nb,30767.53333,-23.1858178,nb,shoulder,-1
N1C21,32.86981764,-83.75767111,n,7/18/2018,2,Wednesday,9:48:09,incident_stopped,2018-07-18_09-48-09_incident_stopped_zone_nb-shoulder.jpg,nb,30828.15,-34.7310666,nb,shoulder,-1
N1C01,32.76613511,-83.71030216,n,7/18/2018,2,Wednesday,9:58:23,incident_stopped,2018-07-18_09-58-23_incident_stopped_zone_nb-shoulder.jpg,nb,30838.38333,-72.97440738,nb,shoulder,-1
S3C03,32.78046082,-83.71590778,s,7/18/2018,2,Wednesday,10:21:22,incident_stopped,2018-07-18_10-21-22_incident_stopped_zone_nb-shoulder.jpg,nb,30861.36667,-67.79477411,nb,shoulder,-1
N2C03,32.78071485,-83.71530658,n,7/18/2018,2,Wednesday,10:23:22,incident_stopped,2018-07-18_10-23-22_incident_stopped_zone_nb-shoulder.jpg,nb,30863.36667,-67.78810628,nb,shoulder,-1
N2C26,32.88798194,-83.77607704,n,7/18/2018,2,Wednesday,10:42:11,incident_stopped,2018-07-18_10-42-11_incident_stopped_zone_nb-shoulder.jpg,nb,30882.18333,-26.75233619,nb,shoulder,-1
N2C01,32.76613511,-83.71030216,n,7/18/2018,2,Wednesday,10:55:41,incident_stopped,2018-07-18_10-55-41_incident_stopped_zone_nb-shoulder.jpg,nb,30895.68333,-72.97440738,nb,shoulder,-1
N1C03,32.78071485,-83.71530658,n,7/18/2018,2,Wednesday,10:56:25,incident_stopped,2018-07-18_10-56-25_incident_stopped_zone_nb-shoulder.jpg,nb,30896.41667,-67.78810628,nb,shoulder,-1
N3C02,32.76990531,-83.71029631,n,7/18/2018,2,Wednesday,10:56:28,incident_stopped,2018-07-18_10-56-28_incident_stopped_zone_nb-shoulder.jpg,nb,30896.46667,-71.78891913,nb,shoulder,-1
N2C17,32.84958885,-83.74065988,n,7/18/2018,2,Wednesday,11:09:06,incident_stopped,2018-07-18_11-09-06_incident_stopped_zone_nb-shoulder.jpg,nb,30909.1,-43.22840936,nb,shoulder,-1
S1C21,32.86987654,-83.75830175,s,7/18/2018,2,Wednesday,11:31:31,incident_stopped,2018-07-18_11-31-31_incident_stopped_zone_nb-shoulder.jpg,nb,30931.51667,-34.62822647,nb,shoulder,-1
BIBB-CAM-032,32.88240434,-83.7719413,s,7/18/2018,2,Wednesday,11:35:04,incident_stopped,2018-07-18_11-35-04_incident_stopped_zone_nb-shoulder.jpg,nb,30935.06667,-29.00171497,nb,shoulder,-1
BIBB-CAM-030,32.86987654,-83.75830175,s,7/18/2018,2,Wednesday,11:47:09,incident_stopped,2018-07-18_11-47-09_incident_stopped_zone_far-shoulder.jpg,nb,30947.15,-34.62822647,far,shoulder,-1
S2C33,32.92513731,-83.80220611,s,7/18/2018,2,Wednesday,12:24:44,incident_stopped,2018-07-18_12-24-44_incident_stopped_zone_nb-shoulder.jpg,nb,30984.73333,-12.07189332,nb,shoulder,-1
N1C21,32.86981764,-83.75767111,n,7/18/2018,2,Wednesday,13:12:27,incident_stopped,2018-07-18_13-12-27_incident_stopped_zone_nb-shoulder.jpg,nb,31032.45,-34.7310666,nb,shoulder,-1
S1C21,32.86987654,-83.75830175,s,7/18/2018,2,Wednesday,13:12:28,incident_stopped,2018-07-18_13-12-28_incident_stopped_zone_nb-shoulder.jpg,nb,31032.46667,-34.62822647,nb,shoulder,-1
N2C03,32.78071485,-83.71530658,n,7/18/2018,2,Wednesday,13:27:32,incident_stopped,2018-07-18_13-27-32_incident_stopped_zone_nb-shoulder.jpg,nb,31047.53333,-67.78810628,nb,shoulder,-1
S1C30,32.91200591,-83.79524157,s,7/18/2018,2,Wednesday,13:29:00,incident_stopped,2018-07-18_13-29-00_incident_stopped_zone_nb-shoulder.jpg,nb,31049,-17.00028257,nb,shoulder,-1
N2C01,32.76613511,-83.71030216,n,7/18/2018,2,Wednesday,13:33:12,incident_stopped,2018-07-18_13-33-12_incident_stopped_zone_nb-shoulder.jpg,nb,31053.2,-72.97440738,nb,shoulder,-1
N2C33,32.92077604,-83.79943309,n,7/18/2018,2,Wednesday,14:12:13,incident_stopped,2018-07-18_14-12-13_incident_stopped_zone_nb-shoulder.jpg,nb,31092.21667,-13.74452878,nb,shoulder,-1
N1C08,32.81331958,-83.72706597,n,7/18/2018,2,Wednesday,14:16:10,incident_stopped,2018-07-18_14-16-10_incident_stopped_zone_ramp-shoulder.jpg,nb,31096.16667,-56.15448649,ramp,shoulder,-1
N1C40,32.751099,-83.713281,n,7/18/2018,2,Wednesday,14:28:23,incident_stopped,2018-07-18_14-28-23_incident_stopped_zone_nb-shoulder.jpg,nb,31108.38333,-77.41345723,nb,shoulder,-1
S1C27,32.89654773,-83.78351592,s,7/18/2018,2,Wednesday,14:41:01,incident_stopped,2018-07-18_14-41-01_incident_stopped_zone_nb-shoulder.jpg,nb,31121.01667,-23.1858178,nb,shoulder,-1
N1C21,32.86981764,-83.75767111,n,7/18/2018,2,Wednesday,14:52:01,incident_stopped,2018-07-18_14-52-01_incident_stopped_zone_nb-shoulder.jpg,nb,31132.01667,-34.7310666,nb,shoulder,-1
S1C21,32.86987654,-83.75830175,s,7/18/2018,2,Wednesday,14:52:08,incident_stopped,2018-07-18_14-52-08_incident_stopped_zone_nb-shoulder.jpg,nb,31132.13333,-34.62822647,nb,shoulder,-1
N2C01,32.76613511,-83.71030216,n,7/18/2018,2,Wednesday,15:32:21,incident_stopped,2018-07-18_15-32-21_incident_stopped_zone_nb-shoulder.jpg,nb,31172.35,-72.97440738,nb,shoulder,-1
N3C41,32.7558,-83.709193,n,7/18/2018,2,Wednesday,16:03:53,incident_stopped,2018-07-18_16-03-53_incident_stopped_zone_nb-shoulder.jpg,nb,31203.88333,-76.37247586,nb,shoulder,-1
N3C02,32.76990531,-83.71029631,n,7/18/2018,2,Wednesday,16:07:49,incident_stopped,2018-07-18_16-07-49_incident_stopped_zone_nb-shoulder.jpg,nb,31207.81667,-71.78891913,nb,shoulder,-1
S2C14,32.83620205,-83.73500536,s,7/18/2018,2,Wednesday,16:42:24,incident_stopped,2018-07-18_16-42-24_incident_stopped_zone_far-shoulder.jpg,nb,31242.4,-48.07309629,far,shoulder,-1
N2C14,32.83648848,-83.73452853,n,7/18/2018,2,Wednesday,16:42:24,incident_stopped,2018-07-18_16-42-24_incident_stopped_zone_nb-shoulder.jpg,nb,31242.4,-48.05166032,nb,shoulder,-1
S2C23,32.8774369,-83.7665846,s,7/18/2018,2,Wednesday,17:05:13,incident_stopped,2018-07-18_17-05-13_incident_stopped_zone_far-shoulder.jpg,nb,31265.21667,-31.21570867,far,shoulder,-1
N1C21,32.86981764,-83.75767111,n,7/18/2018,2,Wednesday,17:20:01,incident_stopped,2018-07-18_17-20-01_incident_stopped_zone_nb-shoulder.jpg,nb,31280.01667,-34.7310666,nb,shoulder,-1
S1C26,32.88776313,-83.77647583,s,7/18/2018,2,Wednesday,17:24:18,incident_stopped,2018-07-18_17-24-18_incident_stopped_zone_nb-lanes.jpg,nb,31284.3,-26.77497584,nb,lanes,-1
N2C17,32.84958885,-83.74065988,n,7/18/2018,2,Wednesday,17:31:46,incident_stopped,2018-07-18_17-31-46_incident_stopped_zone_nb-shoulder.jpg,nb,31291.76667,-43.22840936,nb,shoulder,-1
BIBB-CAM-027,32.85953942,-83.7465392,n,7/18/2018,2,Wednesday,17:57:00,incident_stopped,2018-07-18_17-57-00_incident_stopped_zone_nb-shoulder.jpg,nb,31317,-39.39570165,nb,shoulder,-1
N1C03,32.78071485,-83.71530658,n,7/18/2018,2,Wednesday,19:04:21,incident_stopped,2018-07-18_19-04-21_incident_stopped_zone_nb-shoulder.jpg,nb,31384.35,-67.78810628,nb,shoulder,-1
N1C06,32.79465366,-83.72010538,n,7/18/2018,2,Wednesday,19:23:04,incident_stopped,2018-07-18_19-23-04_incident_stopped_zone_nb-shoulder.jpg,nb,31403.06667,-62.83684554,nb,shoulder,-1
BIBB-CAM-027,32.85953942,-83.7465392,n,7/18/2018,2,Wednesday,19:29:21,incident_stopped,2018-07-18_19-29-21_incident_stopped_zone_nb-shoulder.jpg,nb,31409.35,-39.39570165,nb,shoulder,-1
N1C25,32.88361771,-83.77234944,n,7/18/2018,2,Wednesday,20:31:55,incident_stopped,2018-07-18_20-31-55_incident_stopped_zone_ramp-shoulder.jpg,nb,31471.91667,-28.57124979,ramp,shoulder,-1
N2C25,32.88361771,-83.77234944,n,7/18/2018,2,Wednesday,20:31:57,incident_stopped,2018-07-18_20-31-57_incident_stopped_zone_nb-shoulder.jpg,nb,31471.95,-28.57124979,nb,shoulder,-1
BIBB-CAM-018,32.79962746,-83.72080704,n,7/18/2018,2,Wednesday,22:02:58,incident_stopped,2018-07-18_22-02-58_incident_stopped.jpg,nb,31562.96667,-61.20075294,,,-1
N1C01,32.76613511,-83.71030216,n,7/18/2018,2,Wednesday,23:13:38,incident_stopped,2018-07-18_23-13-38_incident_stopped_zone_nb-shoulder.jpg,nb,31633.63333,-72.97440738,nb,shoulder,-1
N2C01,32.76613511,-83.71030216,n,7/18/2018,2,Wednesday,23:13:41,incident_stopped,2018-07-18_23-13-41_incident_stopped_zone_nb-shoulder.jpg,nb,31633.68333,-72.97440738,nb,shoulder,-1
N2C39,32.95177015,-83.81217745,n,7/18/2018,2,Wednesday,23:47:10,incident_stopped,2018-07-18_23-47-10_incident_stopped_zone_near-shoulder.jpg,nb,31667.16667,-2.4510298,near,shoulder,-1
N1C21,32.86981764,-83.75767111,n,7/19/2018,3,Thursday,3:22:34,incident_stopped,2018-07-19_03-22-34_incident_stopped_zone_nb-shoulder.jpg,nb,31882.56667,-34.7310666,nb,shoulder,-1
S1C21,32.86987654,-83.75830175,s,7/19/2018,3,Thursday,3:22:40,incident_stopped,2018-07-19_03-22-40_incident_stopped_zone_nb-shoulder.jpg,nb,31882.66667,-34.62822647,nb,shoulder,-1
N1C07,32.80647151,-83.72379194,n,7/19/2018,3,Thursday,4:06:15,incident_stopped,2018-07-19_04-06-15_incident_stopped_zone_ramp-shoulder.jpg,nb,31926.25,-58.69634095,ramp,shoulder,-1
N2C03,32.78071485,-83.71530658,n,7/19/2018,3,Thursday,6:35:14,incident_stopped,2018-07-19_06-35-14_incident_stopped_zone_nb-shoulder.jpg,nb,32075.23333,-67.78810628,nb,shoulder,-1
S1C21,32.86987654,-83.75830175,s,7/19/2018,3,Thursday,6:51:39,incident_stopped,2018-07-19_06-51-39_incident_stopped_zone_nb-shoulder.jpg,nb,32091.65,-34.62822647,nb,shoulder,-1
N2C01,32.76613511,-83.71030216,n,7/19/2018,3,Thursday,7:29:52,incident_stopped,2018-07-19_07-29-52_incident_stopped_zone_nb-shoulder.jpg,nb,32129.86667,-72.97440738,nb,shoulder,-1
N1C16,32.84577945,-83.73888874,n,7/19/2018,3,Thursday,7:29:52,incident_stopped,2018-07-19_07-29-52_incident_stopped_zone_near-shoulder.jpg,nb,32129.86667,-44.6283787,near,shoulder,-1
N2C40,32.751099,-83.713281,n,7/19/2018,3,Thursday,8:30:20,incident_stopped,2018-07-19_08-30-20_incident_stopped_zone_near-shoulder.jpg,nb,32190.33333,-77.41345723,near,shoulder,-1
N2C42,32.759892,-83.709757,n,7/19/2018,3,Thursday,8:43:46,incident_stopped,2018-07-19_08-43-46_incident_stopped_zone_nb-lanes.jpg,nb,32203.76667,-75.01044884,nb,lanes,-1
N2C03,32.78071485,-83.71530658,n,7/19/2018,3,Thursday,8:51:54,incident_stopped,2018-07-19_08-51-54_incident_stopped_zone_nb-shoulder.jpg,nb,32211.9,-67.78810628,nb,shoulder,-1
S1C21,32.86987654,-83.75830175,s,7/19/2018,3,Thursday,9:00:54,incident_stopped,2018-07-19_09-00-54_incident_stopped_zone_nb-shoulder.jpg,nb,32220.9,-34.62822647,nb,shoulder,-1
N2C11,32.82699902,-83.73109564,n,7/19/2018,3,Thursday,9:06:27,incident_stopped,2018-07-19_09-06-27_incident_stopped_zone_near-shoulder.jpg,nb,32226.45,-51.41367576,near,shoulder,-1
S2C11,32.82254015,-83.73046915,s,7/19/2018,3,Thursday,9:06:30,incident_stopped,2018-07-19_09-06-30_incident_stopped_zone_nb-shoulder.jpg,nb,32226.5,-52.86537408,nb,shoulder,-1
BIBB-CAM-023,32.82699902,-83.73109564,n,7/19/2018,3,Thursday,9:09:38,incident_stopped,2018-07-19_09-09-38_incident_stopped_zone_nb-shoulder.jpg,nb,32229.63333,-51.41367576,nb,shoulder,-1
N1C40,32.751099,-83.713281,n,7/19/2018,3,Thursday,9:18:23,incident_stopped,2018-07-19_09-18-23_incident_stopped_zone_nb-shoulder.jpg,nb,32238.38333,-77.41345723,nb,shoulder,-1
N1C01,32.76613511,-83.71030216,n,7/19/2018,3,Thursday,9:23:00,incident_stopped,2018-07-19_09-23-00_incident_stopped_zone_nb-shoulder.jpg,nb,32243,-72.97440738,nb,shoulder,-1
N2C01,32.76613511,-83.71030216,n,7/19/2018,3,Thursday,9:59:31,incident_stopped,2018-07-19_09-59-31_incident_stopped_zone_nb-shoulder.jpg,nb,32279.51667,-72.97440738,nb,shoulder,-1
N2C33,32.92077604,-83.79943309,n,7/19/2018,3,Thursday,10:06:14,incident_stopped,2018-07-19_10-06-14_incident_stopped_zone_nb-shoulder.jpg,nb,32286.23333,-13.74452878,nb,shoulder,-1
N1C21,32.86981764,-83.75767111,n,7/19/2018,3,Thursday,10:06:31,incident_stopped,2018-07-19_10-06-31_incident_stopped_zone_nb-shoulder.jpg,nb,32286.51667,-34.7310666,nb,shoulder,-1
S2C38,32.95157525,-83.81265346,s,7/19/2018,3,Thursday,10:36:36,incident_stopped,2018-07-19_10-36-36_incident_stopped_zone_north-shoulder.jpg,nb,32316.6,-2.501382112,north,shoulder,-1
S1C21,32.86987654,-83.75830175,s,7/19/2018,3,Thursday,10:58:03,incident_stopped,2018-07-19_10-58-03_incident_stopped_zone_nb-shoulder.jpg,nb,32338.05,-34.62822647,nb,shoulder,-1
N2C01,32.76613511,-83.71030216,n,7/19/2018,3,Thursday,11:43:40,incident_stopped,2018-07-19_11-43-40_incident_stopped_zone_nb-shoulder.jpg,nb,32383.66667,-72.97440738,nb,shoulder,-1
N1C25,32.88361771,-83.77234944,n,7/19/2018,3,Thursday,11:45:34,incident_stopped,2018-07-19_11-45-34_incident_stopped_zone_ramp-shoulder.jpg,nb,32385.56667,-28.57124979,ramp,shoulder,-1
S1C28,32.90013203,-83.7863588,s,7/19/2018,3,Thursday,13:25:19,incident_stopped,2018-07-19_13-25-19_incident_stopped_zone_nb-shoulder.jpg,nb,32485.31667,-21.73107036,nb,shoulder,-1
S1C21,32.86987654,-83.75830175,s,7/19/2018,3,Thursday,13:39:11,incident_stopped,2018-07-19_13-39-11_incident_stopped_zone_nb-shoulder.jpg,nb,32499.18333,-34.62822647,nb,shoulder,-1
N2C03,32.78071485,-83.71530658,n,7/19/2018,3,Thursday,14:42:23,incident_stopped,2018-07-19_14-42-23_incident_stopped_zone_nb-shoulder.jpg,nb,32562.38333,-67.78810628,nb,shoulder,-1
N1C03,32.78071485,-83.71530658,n,7/19/2018,3,Thursday,14:42:55,incident_stopped,2018-07-19_14-42-55_incident_stopped_zone_nb-shoulder.jpg,nb,32562.91667,-67.78810628,nb,shoulder,-1
N2C01,32.76613511,-83.71030216,n,7/19/2018,3,Thursday,15:30:00,incident_stopped,2018-07-19_15-30-00_incident_stopped_zone_nb-shoulder.jpg,nb,32610,-72.97440738,nb,shoulder,-1
N1C01,32.76613511,-83.71030216,n,7/19/2018,3,Thursday,15:30:05,incident_stopped,2018-07-19_15-30-05_incident_stopped_zone_nb-shoulder.jpg,nb,32610.08333,-72.97440738,nb,shoulder,-1
BIBB-CAM-014,32.7850913,-83.71806273,n,7/19/2018,3,Thursday,15:50:46,incident_stopped,2018-07-19_15-50-46_incident_stopped_zone_nb-shoulder.jpg,nb,32630.76667,-66.07987571,nb,shoulder,-1
N2C42,32.759892,-83.709757,n,7/19/2018,3,Thursday,15:57:22,incident_stopped,2018-07-19_15-57-22_incident_stopped_zone_nb-shoulder.jpg,nb,32637.36667,-75.01044884,nb,shoulder,-1
N1C17,32.84958885,-83.74065988,n,7/19/2018,3,Thursday,16:00:54,incident_stopped,2018-07-19_16-00-54_incident_stopped_zone_nb-shoulder.jpg,nb,32640.9,-43.22840936,nb,shoulder,-1
N1C01,32.76613511,-83.71030216,n,7/19/2018,3,Thursday,17:00:07,incident_stopped,2018-07-19_17-00-07_incident_stopped_zone_nb-shoulder.jpg,nb,32700.11667,-72.97440738,nb,shoulder,-1
N2C01,32.76613511,-83.71030216,n,7/19/2018,3,Thursday,17:51:54,incident_stopped,2018-07-19_17-51-54_incident_stopped_zone_nb-shoulder.jpg,nb,32751.9,-72.97440738,nb,shoulder,-1
S1C15,32.84057153,-83.73697533,s,7/19/2018,3,Thursday,18:09:44,incident_stopped,2018-07-19_18-09-44_incident_stopped_zone_nb-shoulder.jpg,nb,32769.73333,-46.47309774,nb,shoulder,-1
N2C17,32.84958885,-83.74065988,n,7/19/2018,3,Thursday,18:48:42,incident_stopped,2018-07-19_18-48-42_incident_stopped_zone_nb-shoulder.jpg,nb,32808.7,-43.22840936,nb,shoulder,-1
N2C32,32.91549987,-83.79665373,n,7/19/2018,3,Thursday,18:50:58,incident_congestion,2018-07-19_18-50-58_incident_congestion_zone_nb-lanes.jpg,nb,32810.96667,-15.72572861,nb,lanes,-1
N1C31,32.90737428,-83.79168212,n,7/19/2018,3,Thursday,18:54:07,incident_congestion,2018-07-19_18-54-07_incident_congestion_zone_nb-lanes.jpg,nb,32814.11667,-18.84792303,nb,lanes,-1
S1C21,32.86987654,-83.75830175,s,7/19/2018,3,Thursday,20:11:50,incident_stopped,2018-07-19_20-11-50_incident_stopped_zone_nb-shoulder.jpg,nb,32891.83333,-34.62822647,nb,shoulder,-1
N1C03,32.78071485,-83.71530658,n,7/19/2018,3,Thursday,20:43:55,incident_stopped,2018-07-19_20-43-55_incident_stopped_zone_nb-shoulder.jpg,nb,32923.91667,-67.78810628,nb,shoulder,-1
S1C30,32.91200591,-83.79524157,s,7/19/2018,3,Thursday,20:58:24,incident_stopped,2018-07-19_20-58-24_incident_stopped_zone_nb-shoulder.jpg,nb,32938.4,-17.00028257,nb,shoulder,-1
N1C21,32.86981764,-83.75767111,n,7/19/2018,3,Thursday,21:35:11,incident_stopped,2018-07-19_21-35-11_incident_stopped_zone_nb-shoulder.jpg,nb,32975.18333,-34.7310666,nb,shoulder,-1
N2C41,32.7558,-83.709193,n,7/19/2018,3,Thursday,21:51:40,incident_stopped,2018-07-19_21-51-40_incident_stopped_zone_near-shoulder.jpg,nb,32991.66667,-76.37247586,near,shoulder,-1
N2C17,32.84958885,-83.74065988,n,7/19/2018,3,Thursday,23:33:40,incident_stopped,2018-07-19_23-33-40_incident_stopped_zone_nb-shoulder.jpg,nb,33093.66667,-43.22840936,nb,shoulder,-1
N1C41,32.7558,-83.709193,n,7/20/2018,4,Friday,2:30:18,incident_stopped,2018-07-20_02-30-18_incident_stopped_zone_nb-shoulder.jpg,nb,33270.3,-76.37247586,nb,shoulder,-1
S2C08,32.80622138,-83.72432815,s,7/20/2018,4,Friday,3:11:12,incident_stopped,2018-07-20_03-11-12_incident_stopped_zone_nb-lanes.jpg,nb,33311.2,-58.705165,nb,lanes,-1
N3C38,32.94876151,-83.81228301,n,7/20/2018,4,Friday,4:47:50,incident_stopped,2018-07-20_04-47-50_incident_stopped_zone_nb-shoulder.jpg,nb,33407.83333,-3.479229064,nb,shoulder,-1
S1C16,32.84561646,-83.73933607,s,7/20/2018,4,Friday,6:38:44,incident_stopped,2018-07-20_06-38-44_incident_stopped_zone_nb-shoulder.jpg,nb,33518.73333,-44.61500342,nb,shoulder,-1
N1C01,32.76613511,-83.71030216,n,7/20/2018,4,Friday,6:43:45,incident_stopped,2018-07-20_06-43-45_incident_stopped_zone_nb-shoulder.jpg,nb,33523.75,-72.97440738,nb,shoulder,-1
S1C21,32.86987654,-83.75830175,s,7/20/2018,4,Friday,7:14:57,incident_stopped,2018-07-20_07-14-57_incident_stopped_zone_nb-shoulder.jpg,nb,33554.95,-34.62822647,nb,shoulder,-1
N2C03,32.78071485,-83.71530658,n,7/20/2018,4,Friday,8:30:43,incident_stopped,2018-07-20_08-30-43_incident_stopped_zone_nb-shoulder.jpg,nb,33630.71667,-67.78810628,nb,shoulder,-1
N1C03,32.78071485,-83.71530658,n,7/20/2018,4,Friday,8:39:49,incident_stopped,2018-07-20_08-39-49_incident_stopped_zone_nb-shoulder.jpg,nb,33639.81667,-67.78810628,nb,shoulder,-1
BIBB-CAM-023,32.82699902,-83.73109564,n,7/20/2018,4,Friday,9:18:14,incident_stopped,2018-07-20_09-18-14_incident_stopped_zone_nb-shoulder.jpg,nb,33678.23333,-51.41367576,nb,shoulder,-1
S1C21,32.86987654,-83.75830175,s,7/20/2018,4,Friday,9:37:03,incident_stopped,2018-07-20_09-37-03_incident_stopped_zone_nb-shoulder.jpg,nb,33697.05,-34.62822647,nb,shoulder,-1
N3C02,32.76990531,-83.71029631,n,7/20/2018,4,Friday,9:41:07,incident_stopped,2018-07-20_09-41-07_incident_stopped_zone_nb-shoulder.jpg,nb,33701.11667,-71.78891913,nb,shoulder,-1
S2C08,32.80622138,-83.72432815,s,7/20/2018,4,Friday,9:51:32,incident_stopped,2018-07-20_09-51-32_incident_stopped_zone_nb-shoulder.jpg,nb,33711.53333,-58.705165,nb,shoulder,-1
N2C01,32.76613511,-83.71030216,n,7/20/2018,4,Friday,9:57:37,incident_stopped,2018-07-20_09-57-37_incident_stopped_zone_nb-shoulder.jpg,nb,33717.61667,-72.97440738,nb,shoulder,-1
N1C41,32.7558,-83.709193,n,7/20/2018,4,Friday,10:30:34,incident_stopped,2018-07-20_10-30-34_incident_stopped_zone_nb-shoulder.jpg,nb,33750.56667,-76.37247586,nb,shoulder,-1
N1C01,32.76613511,-83.71030216,n,7/20/2018,4,Friday,12:02:49,incident_stopped,2018-07-20_12-02-49_incident_stopped_zone_nb-shoulder.jpg,nb,33842.81667,-72.97440738,nb,shoulder,-1
N2C39,32.95177015,-83.81217745,n,7/20/2018,4,Friday,12:25:24,incident_stopped,2018-07-20_12-25-24_incident_stopped_zone_near-shoulder.jpg,nb,33865.4,-2.4510298,near,shoulder,-1
N2C03,32.78071485,-83.71530658,n,7/20/2018,4,Friday,12:25:47,incident_stopped,2018-07-20_12-25-47_incident_stopped_zone_nb-shoulder.jpg,nb,33865.78333,-67.78810628,nb,shoulder,-1
S1C21,32.86987654,-83.75830175,s,7/20/2018,4,Friday,12:27:54,incident_stopped,2018-07-20_12-27-54_incident_stopped_zone_nb-shoulder.jpg,nb,33867.9,-34.62822647,nb,shoulder,-1
BIBB-CAM-028,32.86504559,-83.75232959,n,7/20/2018,4,Friday,13:15:00,incident_stopped,2018-07-20_13-15-00_incident_stopped_zone_nb-shoulder.jpg,nb,33915,-36.91653912,nb,shoulder,-1
N3C02,32.76990531,-83.71029631,n,7/20/2018,4,Friday,13:56:14,incident_stopped,2018-07-20_13-56-14_incident_stopped_zone_nb-shoulder.jpg,nb,33956.23333,-71.78891913,nb,shoulder,-1
S1C21,32.86987654,-83.75830175,s,7/20/2018,4,Friday,14:04:22,incident_stopped,2018-07-20_14-04-22_incident_stopped_zone_nb-shoulder.jpg,nb,33964.36667,-34.62822647,nb,shoulder,-1
N3C02,32.76990531,-83.71029631,n,7/20/2018,4,Friday,15:27:50,incident_stopped,2018-07-20_15-27-50_incident_stopped_zone_nb-shoulder.jpg,nb,34047.83333,-71.78891913,nb,shoulder,-1
N1C40,32.751099,-83.713281,n,7/20/2018,4,Friday,16:07:53,incident_stopped,2018-07-20_16-07-53_incident_stopped_zone_nb-shoulder.jpg,nb,34087.88333,-77.41345723,nb,shoulder,-1
N2C40,32.751099,-83.713281,n,7/20/2018,4,Friday,16:07:55,incident_stopped,2018-07-20_16-07-55_incident_stopped_zone_near-shoulder.jpg,nb,34087.91667,-77.41345723,near,shoulder,-1
N1C07,32.80647151,-83.72379194,n,7/20/2018,4,Friday,17:58:37,incident_stopped,2018-07-20_17-58-37_incident_stopped_zone_ramp-shoulder.jpg,nb,34198.61667,-58.69634095,ramp,shoulder,-1
S1C30,32.91200591,-83.79524157,s,7/20/2018,4,Friday,18:35:19,incident_stopped,2018-07-20_18-35-19_incident_stopped_zone_nb-shoulder.jpg,nb,34235.31667,-17.00028257,nb,shoulder,-1
BIBB-CAM-023,32.82699902,-83.73109564,n,7/20/2018,4,Friday,18:44:24,incident_stopped,2018-07-20_18-44-24_incident_stopped_zone_nb-shoulder.jpg,nb,34244.4,-51.41367576,nb,shoulder,-1
S1C12,32.82694969,-83.73158785,s,7/20/2018,4,Friday,18:44:33,incident_stopped,2018-07-20_18-44-33_incident_stopped_zone_nb-shoulder.jpg,nb,34244.55,-51.36261191,nb,shoulder,-1
BIBB-CAM-037,32.92513731,-83.80220611,s,7/20/2018,4,Friday,20:02:42,incident_stopped,2018-07-20_20-02-42_incident_stopped_zone_nb-shoulder.jpg,nb,34322.7,-12.07189332,nb,shoulder,-1
N2C01,32.76613511,-83.71030216,n,7/20/2018,4,Friday,20:19:34,incident_stopped,2018-07-20_20-19-34_incident_stopped_zone_nb-shoulder.jpg,nb,34339.56667,-72.97440738,nb,shoulder,-1
BIBB-CAM-039,32.94243524,-83.81127376,s,7/20/2018,4,Friday,20:45:47,incident_stopped,2018-07-20_20-45-47_incident_stopped_zone_nb-shoulder.jpg,nb,34365.78333,-5.683345579,nb,shoulder,-1
S2C08,32.80622138,-83.72432815,s,7/20/2018,4,Friday,20:53:15,incident_stopped,2018-07-20_20-53-15_incident_stopped_zone_nb-shoulder.jpg,nb,34373.25,-58.705165,nb,shoulder,-1
N1C20,32.86504559,-83.75232959,n,7/21/2018,5,Saturday,6:59:18,incident_stopped,2018-07-21_06-59-18_incident_stopped_zone_nb-shoulder.jpg,nb,34979.3,-36.91653912,nb,shoulder,-1
N1C23,32.87756847,-83.76599732,n,7/21/2018,5,Saturday,7:28:54,incident_stopped,2018-07-21_07-28-54_incident_stopped_zone_nb-shoulder.jpg,nb,35008.9,-31.24939169,nb,shoulder,-1
N2C01,32.76613511,-83.71030216,n,7/21/2018,5,Saturday,7:58:28,incident_stopped,2018-07-21_07-58-28_incident_stopped_zone_nb-shoulder.jpg,nb,35038.46667,-72.97440738,nb,shoulder,-1
N2C26,32.88798194,-83.77607704,n,7/21/2018,5,Saturday,8:08:53,incident_stopped,2018-07-21_08-08-53_incident_stopped_zone_nb-shoulder.jpg,nb,35048.88333,-26.75233619,nb,shoulder,-1
N2C33,32.92077604,-83.79943309,n,7/21/2018,5,Saturday,8:20:33,incident_stopped,2018-07-21_08-20-33_incident_stopped_zone_nb-shoulder.jpg,nb,35060.55,-13.74452878,nb,shoulder,-1
N1C11,32.82699902,-83.73109564,n,7/21/2018,5,Saturday,8:35:43,incident_stopped,2018-07-21_08-35-43_incident_stopped_zone_nb-shoulder.jpg,nb,35075.71667,-51.41367576,nb,shoulder,-1
N2C03,32.78071485,-83.71530658,n,7/21/2018,5,Saturday,9:30:09,incident_stopped,2018-07-21_09-30-09_incident_stopped_zone_nb-shoulder.jpg,nb,35130.15,-67.78810628,nb,shoulder,-1
N1C20,32.86504559,-83.75232959,n,7/21/2018,5,Saturday,11:22:29,incident_stopped,2018-07-21_11-22-29_incident_stopped_zone_nb-shoulder.jpg,nb,35242.48333,-36.91653912,nb,shoulder,-1
BIBB-CAM-018,32.79962746,-83.72080704,n,7/21/2018,5,Saturday,11:28:52,incident_stopped,2018-07-21_11-28-52_incident_stopped.jpg,nb,35248.86667,-61.20075294,,,-1
N2C01,32.76613511,-83.71030216,n,7/21/2018,5,Saturday,11:48:40,incident_stopped,2018-07-21_11-48-40_incident_stopped_zone_nb-shoulder.jpg,nb,35268.66667,-72.97440738,nb,shoulder,-1
N1C21,32.86981764,-83.75767111,n,7/21/2018,5,Saturday,12:05:16,incident_stopped,2018-07-21_12-05-16_incident_stopped_zone_nb-shoulder.jpg,nb,35285.26667,-34.7310666,nb,shoulder,-1
S1C21,32.86987654,-83.75830175,s,7/21/2018,5,Saturday,12:13:37,incident_stopped,2018-07-21_12-13-37_incident_stopped_zone_nb-shoulder.jpg,nb,35293.61667,-34.62822647,nb,shoulder,-1
S1C16,32.84561646,-83.73933607,s,7/21/2018,5,Saturday,12:19:36,incident_stopped,2018-07-21_12-19-36_incident_stopped_zone_nb-shoulder.jpg,nb,35299.6,-44.61500342,nb,shoulder,-1
N2C33,32.92077604,-83.79943309,n,7/21/2018,5,Saturday,13:09:14,incident_stopped,2018-07-21_13-09-14_incident_stopped_zone_nb-shoulder.jpg,nb,35349.23333,-13.74452878,nb,shoulder,-1
BIBB-CAM-027,32.85953942,-83.7465392,n,7/21/2018,5,Saturday,13:14:25,incident_stopped,2018-07-21_13-14-25_incident_stopped_zone_nb-shoulder.jpg,nb,35354.41667,-39.39570165,nb,shoulder,-1
BIBB-CAM-013,32.77567367,-83.7128245,s,7/21/2018,5,Saturday,13:15:54,incident_stopped,2018-07-21_13-15-54_incident_stopped_zone_nb-shoulder.jpg,nb,35355.9,-69.6715058,nb,shoulder,-1
BIBB-CAM-028,32.86504559,-83.75232959,n,7/21/2018,5,Saturday,13:19:14,incident_congestion,2018-07-21_13-19-14_incident_congestion_zone_nb-lanes.jpg,nb,35359.23333,-36.91653912,nb,lanes,-1
S1C21,32.86987654,-83.75830175,s,7/21/2018,5,Saturday,13:57:58,incident_stopped,2018-07-21_13-57-58_incident_stopped_zone_nb-shoulder.jpg,nb,35397.96667,-34.62822647,nb,shoulder,-1
BIBB-CAM-016,32.78992515,-83.7196095,n,7/21/2018,5,Saturday,14:07:31,incident_stopped,2018-07-21_14-07-31_incident_stopped_zone_nb-shoulder.jpg,nb,35407.51667,-64.37580962,nb,shoulder,-1
N2C33,32.92077604,-83.79943309,n,7/21/2018,5,Saturday,14:48:55,incident_stopped,2018-07-21_14-48-55_incident_stopped_zone_nb-shoulder.jpg,nb,35448.91667,-13.74452878,nb,shoulder,-1
N2C01,32.76613511,-83.71030216,n,7/21/2018,5,Saturday,14:54:37,incident_stopped,2018-07-21_14-54-37_incident_stopped_zone_nb-shoulder.jpg,nb,35454.61667,-72.97440738,nb,shoulder,-1
N1C01,32.76613511,-83.71030216,n,7/21/2018,5,Saturday,14:54:39,incident_stopped,2018-07-21_14-54-39_incident_stopped_zone_nb-shoulder.jpg,nb,35454.65,-72.97440738,nb,shoulder,-1
BIBB-CAM-027,32.85953942,-83.7465392,n,7/21/2018,5,Saturday,15:22:52,incident_stopped,2018-07-21_15-22-52_incident_stopped_zone_nb-shoulder.jpg,nb,35482.86667,-39.39570165,nb,shoulder,-1
S1C32,32.92026721,-83.79963273,s,7/21/2018,5,Saturday,16:20:46,incident_stopped,2018-07-21_16-20-46_incident_stopped_zone_nb-lanes.jpg,nb,35540.76667,-13.89579256,nb,lanes,-1
N1C25,32.88361771,-83.77234944,n,7/21/2018,5,Saturday,16:27:29,incident_stopped,2018-07-21_16-27-29_incident_stopped_zone_ramp-shoulder.jpg,nb,35547.48333,-28.57124979,ramp,shoulder,-1
N1C07,32.80647151,-83.72379194,n,7/21/2018,5,Saturday,16:44:43,incident_stopped,2018-07-21_16-44-43_incident_stopped_zone_ramp-shoulder.jpg,nb,35564.71667,-58.69634095,ramp,shoulder,-1
N2C25,32.88361771,-83.77234944,n,7/21/2018,5,Saturday,17:06:34,incident_stopped,2018-07-21_17-06-34_incident_stopped_zone_nb-shoulder.jpg,nb,35586.56667,-28.57124979,nb,shoulder,-1
N2C03,32.78071485,-83.71530658,n,7/21/2018,5,Saturday,18:02:40,incident_stopped,2018-07-21_18-02-40_incident_stopped_zone_nb-shoulder.jpg,nb,35642.66667,-67.78810628,nb,shoulder,-1
N1C29,32.89985331,-83.78559794,n,7/21/2018,5,Saturday,18:19:42,incident_stopped,2018-07-21_18-19-42_incident_stopped_zone_nb-shoulder.jpg,nb,35659.7,-21.901237,nb,shoulder,-1
S1C28,32.90013203,-83.7863588,s,7/21/2018,5,Saturday,19:10:53,incident_stopped,2018-07-21_19-10-53_incident_stopped_zone_nb-shoulder.jpg,nb,35710.88333,-21.73107036,nb,shoulder,-1
N2C15,32.84068577,-83.73653266,n,7/21/2018,5,Saturday,20:02:24,incident_stopped,2018-07-21_20-02-24_incident_stopped_zone_nb-shoulder.jpg,nb,35762.4,-46.49987236,nb,shoulder,-1
S1C02,32.77015102,-83.71101814,s,7/21/2018,5,Saturday,21:12:03,incident_stopped,2018-07-21_21-12-03_incident_stopped_zone_nb-lanes.jpg,nb,35832.05,-71.62458863,nb,lanes,-1
BIBB-CAM-032,32.88240434,-83.7719413,s,7/21/2018,5,Saturday,21:35:15,incident_stopped,2018-07-21_21-35-15_incident_stopped_zone_nb-lanes.jpg,nb,35855.25,-29.00171497,nb,lanes,-1
S1C21,32.86987654,-83.75830175,s,7/22/2018,6,Sunday,0:06:42,incident_stopped,2018-07-22_00-06-42_incident_stopped_zone_nb-shoulder.jpg,nb,36006.7,-34.62822647,nb,shoulder,-1
S1C21,32.86987654,-83.75830175,s,7/22/2018,6,Sunday,6:14:46,incident_stopped,2018-07-22_06-14-46_incident_stopped_zone_nb-shoulder.jpg,nb,36374.76667,-34.62822647,nb,shoulder,-1
N1C21,32.86981764,-83.75767111,n,7/22/2018,6,Sunday,6:14:47,incident_stopped,2018-07-22_06-14-47_incident_stopped_zone_nb-shoulder.jpg,nb,36374.78333,-34.7310666,nb,shoulder,-1
N1C03,32.78071485,-83.71530658,n,7/22/2018,6,Sunday,7:18:29,incident_stopped,2018-07-22_07-18-29_incident_stopped_zone_nb-shoulder.jpg,nb,36438.48333,-67.78810628,nb,shoulder,-1
N1C20,32.86504559,-83.75232959,n,7/22/2018,6,Sunday,7:19:28,incident_stopped,2018-07-22_07-19-28_incident_stopped_zone_nb-shoulder.jpg,nb,36439.46667,-36.91653912,nb,shoulder,-1
N1C17,32.84958885,-83.74065988,n,7/22/2018,6,Sunday,7:39:28,incident_stopped,2018-07-22_07-39-28_incident_stopped_zone_nb-shoulder.jpg,nb,36459.46667,-43.22840936,nb,shoulder,-1
S1C16,32.84561646,-83.73933607,s,7/22/2018,6,Sunday,7:44:52,incident_stopped,2018-07-22_07-44-52_incident_stopped_zone_nb-shoulder.jpg,nb,36464.86667,-44.61500342,nb,shoulder,-1
N2C01,32.76613511,-83.71030216,n,7/22/2018,6,Sunday,7:49:44,incident_stopped,2018-07-22_07-49-44_incident_stopped_zone_nb-shoulder.jpg,nb,36469.73333,-72.97440738,nb,shoulder,-1
N2C40,32.751099,-83.713281,n,7/22/2018,6,Sunday,9:04:10,incident_stopped,2018-07-22_09-04-10_incident_stopped_zone_near-shoulder.jpg,nb,36544.16667,-77.41345723,near,shoulder,-1
S1C15,32.84057153,-83.73697533,s,7/22/2018,6,Sunday,9:17:31,incident_stopped,2018-07-22_09-17-31_incident_stopped_zone_nb-shoulder.jpg,nb,36557.51667,-46.47309774,nb,shoulder,-1
N2C39,32.95177015,-83.81217745,n,7/22/2018,6,Sunday,10:00:52,incident_stopped,2018-07-22_10-00-52_incident_stopped_zone_near-shoulder.jpg,nb,36600.86667,-2.4510298,near,shoulder,-1
N2C26,32.88798194,-83.77607704,n,7/22/2018,6,Sunday,10:01:49,incident_stopped,2018-07-22_10-01-49_incident_stopped_zone_nb-lanes.jpg,nb,36601.81667,-26.75233619,nb,lanes,-1
S1C21,32.86987654,-83.75830175,s,7/22/2018,6,Sunday,10:25:12,incident_stopped,2018-07-22_10-25-12_incident_stopped_zone_nb-shoulder.jpg,nb,36625.2,-34.62822647,nb,shoulder,-1
N1C25,32.88361771,-83.77234944,n,7/22/2018,6,Sunday,10:34:00,incident_stopped,2018-07-22_10-34-00_incident_stopped_zone_ramp-shoulder.jpg,nb,36634,-28.57124979,ramp,shoulder,-1
S1C21,32.86987654,-83.75830175,s,7/22/2018,6,Sunday,12:34:26,incident_stopped,2018-07-22_12-34-26_incident_stopped_zone_nb-shoulder.jpg,nb,36754.43333,-34.62822647,nb,shoulder,-1
N1C01,32.76613511,-83.71030216,n,7/22/2018,6,Sunday,13:03:25,incident_stopped,2018-07-22_13-03-25_incident_stopped_zone_nb-shoulder.jpg,nb,36783.41667,-72.97440738,nb,shoulder,-1
N2C03,32.78071485,-83.71530658,n,7/22/2018,6,Sunday,14:10:06,incident_stopped,2018-07-22_14-10-06_incident_stopped_zone_nb-shoulder.jpg,nb,36850.1,-67.78810628,nb,shoulder,-1
N2C01,32.76613511,-83.71030216,n,7/22/2018,6,Sunday,14:14:06,incident_stopped,2018-07-22_14-14-06_incident_stopped_zone_nb-shoulder.jpg,nb,36854.1,-72.97440738,nb,shoulder,-1
S1C19,32.85919079,-83.74676747,s,7/22/2018,6,Sunday,15:06:22,incident_stopped,2018-07-22_15-06-22_incident_stopped_zone_nb-shoulder.jpg,nb,36906.36667,-39.46810985,nb,shoulder,-1
BIBB-CAM-027,32.85953942,-83.7465392,n,7/22/2018,6,Sunday,15:07:36,incident_congestion,2018-07-22_15-07-36_incident_congestion_zone_nb-lanes.jpg,nb,36907.6,-39.39570165,nb,lanes,-1
S1C21,32.86987654,-83.75830175,s,7/22/2018,6,Sunday,15:11:00,incident_stopped,2018-07-22_15-11-00_incident_stopped_zone_nb-shoulder.jpg,nb,36911,-34.62822647,nb,shoulder,-1
N1C25,32.88361771,-83.77234944,n,7/22/2018,6,Sunday,15:42:51,incident_stopped,2018-07-22_15-42-51_incident_stopped_zone_ramp-shoulder.jpg,nb,36942.85,-28.57124979,ramp,shoulder,-1
N1C39,32.95177015,-83.81217745,n,7/22/2018,6,Sunday,16:14:14,incident_stopped,2018-07-22_16-14-14_incident_stopped_zone_ramp-shoulder.jpg,nb,36974.23333,-2.4510298,ramp,shoulder,-1
N1C03,32.78071485,-83.71530658,n,7/22/2018,6,Sunday,16:30:42,incident_stopped,2018-07-22_16-30-42_incident_stopped_zone_nb-shoulder.jpg,nb,36990.7,-67.78810628,nb,shoulder,-1
N2C01,32.76613511,-83.71030216,n,7/22/2018,6,Sunday,17:26:04,incident_stopped,2018-07-22_17-26-04_incident_stopped_zone_nb-shoulder.jpg,nb,37046.06667,-72.97440738,nb,shoulder,-1
N1C01,32.76613511,-83.71030216,n,7/22/2018,6,Sunday,17:26:05,incident_stopped,2018-07-22_17-26-05_incident_stopped_zone_nb-shoulder.jpg,nb,37046.08333,-72.97440738,nb,shoulder,-1
BIBB-CAM-037,32.92513731,-83.80220611,s,7/22/2018,6,Sunday,17:34:05,incident_stopped,2018-07-22_17-34-05_incident_stopped_zone_nb-shoulder.jpg,nb,37054.08333,-12.07189332,nb,shoulder,-1
N1C21,32.86981764,-83.75767111,n,7/22/2018,6,Sunday,18:49:48,incident_stopped,2018-07-22_18-49-48_incident_stopped_zone_nb-shoulder.jpg,nb,37129.8,-34.7310666,nb,shoulder,-1
N1C11,32.82699902,-83.73109564,n,7/22/2018,6,Sunday,19:14:03,incident_stopped,2018-07-22_19-14-03_incident_stopped_zone_nb-shoulder.jpg,nb,37154.05,-51.41367576,nb,shoulder,-1
N2C11,32.82699902,-83.73109564,n,7/22/2018,6,Sunday,19:14:03,incident_stopped,2018-07-22_19-14-03_incident_stopped_zone_near-shoulder.jpg,nb,37154.05,-51.41367576,near,shoulder,-1
S1C33,32.92513731,-83.80220611,s,7/22/2018,6,Sunday,19:33:09,incident_stopped,2018-07-22_19-33-09_incident_stopped_zone_nb-shoulder.jpg,nb,37173.15,-12.07189332,nb,shoulder,-1
S1C28,32.90013203,-83.7863588,s,7/22/2018,6,Sunday,19:34:56,incident_stopped,2018-07-22_19-34-56_incident_stopped_zone_nb-shoulder.jpg,nb,37174.93333,-21.73107036,nb,shoulder,-1
S1C27,32.89654773,-83.78351592,s,7/22/2018,6,Sunday,19:47:56,incident_stopped,2018-07-22_19-47-56_incident_stopped_zone_nb-shoulder.jpg,nb,37187.93333,-23.1858178,nb,shoulder,-1
S2C18,32.85465632,-83.74348346,s,7/22/2018,6,Sunday,22:38:56,incident_stopped,2018-07-22_22-38-56_incident_stopped_zone_nb-shoulder.jpg,nb,37358.93333,-41.30069476,nb,shoulder,-1
N2C01,32.76613511,-83.71030216,n,7/22/2018,6,Sunday,23:24:56,incident_stopped,2018-07-22_23-24-56_incident_stopped_zone_nb-shoulder.jpg,nb,37404.93333,-72.97440738,nb,shoulder,-1
S1C21,32.86987654,-83.75830175,s,7/23/2018,0,Monday,3:00:13,incident_stopped,2018-07-23_03-00-13_incident_stopped_zone_nb-shoulder.jpg,nb,37620.21667,-34.62822647,nb,shoulder,-1
S1C21,32.86987654,-83.75830175,s,7/23/2018,0,Monday,4:56:32,incident_stopped,2018-07-23_04-56-32_incident_stopped_zone_nb-shoulder.jpg,nb,37736.53333,-34.62822647,nb,shoulder,-1
S2C19,32.85919079,-83.74676747,s,7/23/2018,0,Monday,5:30:11,incident_stopped,2018-07-23_05-30-11_incident_stopped_zone_nb-shoulder.jpg,nb,37770.18333,-39.46810985,nb,shoulder,-1
S2C18,32.85465632,-83.74348346,s,7/23/2018,0,Monday,7:13:08,incident_stopped,2018-07-23_07-13-08_incident_stopped_zone_nb-shoulder.jpg,nb,37873.13333,-41.30069476,nb,shoulder,-1
BIBB-CAM-024,32.8332442,-83.73284142,n,7/23/2018,0,Monday,7:46:26,incident_stopped,2018-07-23_07-46-26_incident_stopped.jpg,nb,37906.43333,-49.27056404,,,-1
N2C01,32.76613511,-83.71030216,n,7/23/2018,0,Monday,7:47:30,incident_stopped,2018-07-23_07-47-30_incident_stopped_zone_nb-shoulder.jpg,nb,37907.5,-72.97440738,nb,shoulder,-1
S1C21,32.86987654,-83.75830175,s,7/23/2018,0,Monday,8:37:52,incident_stopped,2018-07-23_08-37-52_incident_stopped_zone_nb-shoulder.jpg,nb,37957.86667,-34.62822647,nb,shoulder,-1
N1C21,32.86981764,-83.75767111,n,7/23/2018,0,Monday,8:44:34,incident_stopped,2018-07-23_08-44-34_incident_stopped_zone_nb-shoulder.jpg,nb,37964.56667,-34.7310666,nb,shoulder,-1
BIBB-CAM-030,32.86987654,-83.75830175,s,7/23/2018,0,Monday,9:07:59,incident_stopped,2018-07-23_09-07-59_incident_stopped_zone_far-shoulder.jpg,nb,37987.98333,-34.62822647,far,shoulder,-1
N2C01,32.76613511,-83.71030216,n,7/23/2018,0,Monday,9:23:46,incident_stopped,2018-07-23_09-23-46_incident_stopped_zone_nb-shoulder.jpg,nb,38003.76667,-72.97440738,nb,shoulder,-1
S2C18,32.85465632,-83.74348346,s,7/23/2018,0,Monday,10:03:43,incident_stopped,2018-07-23_10-03-43_incident_stopped_zone_nb-shoulder.jpg,nb,38043.71667,-41.30069476,nb,shoulder,-1
N1C20,32.86504559,-83.75232959,n,7/23/2018,0,Monday,10:11:09,incident_stopped,2018-07-23_10-11-09_incident_stopped_zone_nb-shoulder.jpg,nb,38051.15,-36.91653912,nb,shoulder,-1
N2C03,32.78071485,-83.71530658,n,7/23/2018,0,Monday,10:13:26,incident_stopped,2018-07-23_10-13-26_incident_stopped_zone_nb-shoulder.jpg,nb,38053.43333,-67.78810628,nb,shoulder,-1
S1C21,32.86987654,-83.75830175,s,7/23/2018,0,Monday,10:21:17,incident_stopped,2018-07-23_10-21-17_incident_stopped_zone_nb-shoulder.jpg,nb,38061.28333,-34.62822647,nb,shoulder,-1
N1C07,32.80647151,-83.72379194,n,7/23/2018,0,Monday,10:34:36,incident_stopped,2018-07-23_10-34-36_incident_stopped_zone_ramp-shoulder.jpg,nb,38074.6,-58.69634095,ramp,shoulder,-1
S1C14,32.83620205,-83.73500536,s,7/23/2018,0,Monday,10:53:26,incident_stopped,2018-07-23_10-53-26_incident_stopped_zone_nb-shoulder.jpg,nb,38093.43333,-48.07309629,nb,shoulder,-1
S1C19,32.85919079,-83.74676747,s,7/23/2018,0,Monday,11:02:57,incident_stopped,2018-07-23_11-02-57_incident_stopped_zone_nb-shoulder.jpg,nb,38102.95,-39.46810985,nb,shoulder,-1
N2C32,32.91549987,-83.79665373,n,7/23/2018,0,Monday,11:24:00,incident_stopped,2018-07-23_11-24-00_incident_stopped_zone_nb-shoulder.jpg,nb,38124,-15.72572861,nb,shoulder,-1
S2C12,32.82694969,-83.73158785,s,7/23/2018,0,Monday,11:51:26,incident_stopped,2018-07-23_11-51-26_incident_stopped_zone_nb-shoulder.jpg,nb,38151.43333,-51.36261191,nb,shoulder,-1
S1C21,32.86987654,-83.75830175,s,7/23/2018,0,Monday,11:56:07,incident_stopped,2018-07-23_11-56-07_incident_stopped_zone_nb-shoulder.jpg,nb,38156.11667,-34.62822647,nb,shoulder,-1
N1C01,32.76613511,-83.71030216,n,7/23/2018,0,Monday,12:12:19,incident_stopped,2018-07-23_12-12-19_incident_stopped_zone_nb-shoulder.jpg,nb,38172.31667,-72.97440738,nb,shoulder,-1
N2C01,32.76613511,-83.71030216,n,7/23/2018,0,Monday,12:12:20,incident_stopped,2018-07-23_12-12-20_incident_stopped_zone_nb-shoulder.jpg,nb,38172.33333,-72.97440738,nb,shoulder,-1
N1C06,32.79465366,-83.72010538,n,7/23/2018,0,Monday,12:41:53,incident_stopped,2018-07-23_12-41-53_incident_stopped_zone_nb-shoulder.jpg,nb,38201.88333,-62.83684554,nb,shoulder,-1
N1C25,32.88361771,-83.77234944,n,7/23/2018,0,Monday,13:32:19,incident_stopped,2018-07-23_13-32-19_incident_stopped_zone_ramp-shoulder.jpg,nb,38252.31667,-28.57124979,ramp,shoulder,-1
BIBB-CAM-012,32.77593588,-83.71230837,n,7/23/2018,0,Monday,13:34:29,incident_stopped,2018-07-23_13-34-29_incident_stopped_zone_nb-lanes.jpg,nb,38254.48333,-69.65221113,nb,lanes,-1
S1C21,32.86987654,-83.75830175,s,7/23/2018,0,Monday,14:24:34,incident_stopped,2018-07-23_14-24-34_incident_stopped_zone_nb-shoulder.jpg,nb,38304.56667,-34.62822647,nb,shoulder,-1
N2C01,32.76613511,-83.71030216,n,7/23/2018,0,Monday,15:38:52,incident_stopped,2018-07-23_15-38-52_incident_stopped_zone_nb-shoulder.jpg,nb,38378.86667,-72.97440738,nb,shoulder,-1
N1C01,32.76613511,-83.71030216,n,7/23/2018,0,Monday,15:38:53,incident_stopped,2018-07-23_15-38-53_incident_stopped_zone_nb-shoulder.jpg,nb,38378.88333,-72.97440738,nb,shoulder,-1
N2C01,32.76613511,-83.71030216,n,7/23/2018,0,Monday,17:14:03,incident_stopped,2018-07-23_17-14-03_incident_stopped_zone_nb-shoulder.jpg,nb,38474.05,-72.97440738,nb,shoulder,-1
N2C03,32.78071485,-83.71530658,n,7/23/2018,0,Monday,17:26:33,incident_stopped,2018-07-23_17-26-33_incident_stopped_zone_nb-shoulder.jpg,nb,38486.55,-67.78810628,nb,shoulder,-1
BIBB-CAM-016,32.78992515,-83.7196095,n,7/23/2018,0,Monday,17:50:36,incident_stopped,2018-07-23_17-50-36_incident_stopped_zone_nb-shoulder.jpg,nb,38510.6,-64.37580962,nb,shoulder,-1
N1C39,32.95177015,-83.81217745,n,7/23/2018,0,Monday,18:06:35,incident_stopped,2018-07-23_18-06-35_incident_stopped_zone_ramp-shoulder.jpg,nb,38526.58333,-2.4510298,ramp,shoulder,-1
N1C07,32.80647151,-83.72379194,n,7/23/2018,0,Monday,18:15:57,incident_stopped,2018-07-23_18-15-57_incident_stopped_zone_ramp-shoulder.jpg,nb,38535.95,-58.69634095,ramp,shoulder,-1
BIBB-CAM-018,32.79962746,-83.72080704,n,7/23/2018,0,Monday,18:38:15,incident_congestion,2018-07-23_18-38-15_incident_congestion_zone_nb-lanes.jpg,nb,38558.25,-61.20075294,nb,lanes,-1
N2C33,32.92077604,-83.79943309,n,7/23/2018,0,Monday,18:40:38,incident_stopped,2018-07-23_18-40-38_incident_stopped_zone_nb-shoulder.jpg,nb,38560.63333,-13.74452878,nb,shoulder,-1
N2C14,32.83648848,-83.73452853,n,7/23/2018,0,Monday,19:00:38,incident_stopped,2018-07-23_19-00-38_incident_stopped_zone_nb-shoulder.jpg,nb,38580.63333,-48.05166032,nb,shoulder,-1
N1C29,32.89985331,-83.78559794,n,7/23/2018,0,Monday,19:03:42,incident_stopped,2018-07-23_19-03-42_incident_stopped_zone_nb-lanes.jpg,nb,38583.7,-21.901237,nb,lanes,-1
N1C39,32.95177015,-83.81217745,n,7/23/2018,0,Monday,19:38:37,incident_stopped,2018-07-23_19-38-37_incident_stopped_zone_ramp-shoulder.jpg,nb,38618.61667,-2.4510298,ramp,shoulder,-1
N1C25,32.88361771,-83.77234944,n,7/23/2018,0,Monday,20:15:01,incident_stopped,2018-07-23_20-15-01_incident_stopped_zone_ramp-shoulder.jpg,nb,38655.01667,-28.57124979,ramp,shoulder,-1
N2C25,32.88361771,-83.77234944,n,7/23/2018,0,Monday,20:15:02,incident_stopped,2018-07-23_20-15-02_incident_stopped_zone_nb-shoulder.jpg,nb,38655.03333,-28.57124979,nb,shoulder,-1
BIBB-CAM-018,32.79962746,-83.72080704,n,7/23/2018,0,Monday,20:22:00,incident_congestion,2018-07-23_20-22-00_incident_congestion_zone_nb-lanes.jpg,nb,38662,-61.20075294,nb,lanes,-1
S2C11,32.82254015,-83.73046915,s,7/23/2018,0,Monday,20:31:22,incident_stopped,2018-07-23_20-31-22_incident_stopped_zone_nb-shoulder.jpg,nb,38671.36667,-52.86537408,nb,shoulder,-1
N1C03,32.78071485,-83.71530658,n,7/23/2018,0,Monday,20:46:23,incident_stopped,2018-07-23_20-46-23_incident_stopped_zone_nb-shoulder.jpg,nb,38686.38333,-67.78810628,nb,shoulder,-1
N2C42,32.759892,-83.709757,n,7/23/2018,0,Monday,20:54:09,incident_stopped,2018-07-23_20-54-09_incident_stopped_zone_nb-lanes.jpg,nb,38694.15,-75.01044884,nb,lanes,-1
N1C07,32.80647151,-83.72379194,n,7/23/2018,0,Monday,22:10:31,incident_stopped,2018-07-23_22-10-31_incident_stopped_zone_ramp-shoulder.jpg,nb,38770.51667,-58.69634095,ramp,shoulder,-1
N1C03,32.78071485,-83.71530658,n,7/23/2018,0,Monday,22:29:45,incident_stopped,2018-07-23_22-29-45_incident_stopped_zone_nb-shoulder.jpg,nb,38789.75,-67.78810628,nb,shoulder,-1
N2C33,32.92077604,-83.79943309,n,7/24/2018,1,Tuesday,1:33:34,incident_stopped,2018-07-24_01-33-34_incident_stopped_zone_nb-shoulder.jpg,nb,38973.56667,-13.74452878,nb,shoulder,-1
N1C07,32.80647151,-83.72379194,n,7/24/2018,1,Tuesday,1:45:12,incident_stopped,2018-07-24_01-45-12_incident_stopped_zone_ramp-shoulder.jpg,nb,38985.2,-58.69634095,ramp,shoulder,-1
BIBB-CAM-030,32.86987654,-83.75830175,s,7/24/2018,1,Tuesday,1:52:45,incident_stopped,2018-07-24_01-52-45_incident_stopped_zone_far-shoulder.jpg,nb,38992.75,-34.62822647,far,shoulder,-1
N1C07,32.80647151,-83.72379194,n,7/24/2018,1,Tuesday,5:33:45,incident_stopped,2018-07-24_05-33-45_incident_stopped_zone_ramp-shoulder.jpg,nb,39213.75,-58.69634095,ramp,shoulder,-1
BIBB-CAM-021,32.81775622,-83.72926956,s,7/24/2018,1,Tuesday,7:28:34,incident_stopped,2018-07-24_07-28-34_incident_stopped_zone_nb-shoulder.jpg,nb,39328.56667,-54.4973914,nb,shoulder,-1
N1C20,32.86504559,-83.75232959,n,7/24/2018,1,Tuesday,7:34:16,incident_stopped,2018-07-24_07-34-16_incident_stopped_zone_nb-shoulder.jpg,nb,39334.26667,-36.91653912,nb,shoulder,-1
N2C33,32.92077604,-83.79943309,n,7/24/2018,1,Tuesday,7:52:27,incident_stopped,2018-07-24_07-52-27_incident_stopped_zone_nb-shoulder.jpg,nb,39352.45,-13.74452878,nb,shoulder,-1
S1C21,32.86987654,-83.75830175,s,7/24/2018,1,Tuesday,7:53:45,incident_stopped,2018-07-24_07-53-45_incident_stopped_zone_nb-shoulder.jpg,nb,39353.75,-34.62822647,nb,shoulder,-1
N2C03,32.78071485,-83.71530658,n,7/24/2018,1,Tuesday,8:33:25,incident_stopped,2018-07-24_08-33-25_incident_stopped_zone_nb-shoulder.jpg,nb,39393.41667,-67.78810628,nb,shoulder,-1
S2C26,32.88776313,-83.77647583,s,7/24/2018,1,Tuesday,9:11:57,incident_stopped,2018-07-24_09-11-57_incident_stopped_zone_nb-shoulder.jpg,nb,39431.95,-26.77497584,nb,shoulder,-1
N1C25,32.88361771,-83.77234944,n,7/24/2018,1,Tuesday,9:12:16,incident_stopped,2018-07-24_09-12-16_incident_stopped_zone_ramp-shoulder.jpg,nb,39432.26667,-28.57124979,ramp,shoulder,-1
BIBB-CAM-028,32.86504559,-83.75232959,n,7/24/2018,1,Tuesday,9:50:03,incident_stopped,2018-07-24_09-50-03_incident_stopped_zone_nb-shoulder.jpg,nb,39470.05,-36.91653912,nb,shoulder,-1
N2C33,32.92077604,-83.79943309,n,7/24/2018,1,Tuesday,9:55:55,incident_stopped,2018-07-24_09-55-55_incident_stopped_zone_nb-shoulder.jpg,nb,39475.91667,-13.74452878,nb,shoulder,-1
N2C01,32.76613511,-83.71030216,n,7/24/2018,1,Tuesday,10:35:22,incident_stopped,2018-07-24_10-35-22_incident_stopped_zone_nb-shoulder.jpg,nb,39515.36667,-72.97440738,nb,shoulder,-1
N2C03,32.78071485,-83.71530658,n,7/24/2018,1,Tuesday,10:41:25,incident_stopped,2018-07-24_10-41-25_incident_stopped_zone_nb-shoulder.jpg,nb,39521.41667,-67.78810628,nb,shoulder,-1
S1C30,32.91200591,-83.79524157,s,7/24/2018,1,Tuesday,10:48:10,incident_stopped,2018-07-24_10-48-10_incident_stopped_zone_nb-shoulder.jpg,nb,39528.16667,-17.00028257,nb,shoulder,-1
N1C16,32.84577945,-83.73888874,n,7/24/2018,1,Tuesday,11:30:43,incident_stopped,2018-07-24_11-30-43_incident_stopped_zone_near-shoulder.jpg,nb,39570.71667,-44.6283787,near,shoulder,-1
S1C21,32.86987654,-83.75830175,s,7/24/2018,1,Tuesday,11:44:30,incident_stopped,2018-07-24_11-44-30_incident_stopped_zone_nb-shoulder.jpg,nb,39584.5,-34.62822647,nb,shoulder,-1
N1C06,32.79465366,-83.72010538,n,7/24/2018,1,Tuesday,11:53:59,incident_stopped,2018-07-24_11-53-59_incident_stopped_zone_nb-shoulder.jpg,nb,39593.98333,-62.83684554,nb,shoulder,-1
N1C03,32.78071485,-83.71530658,n,7/24/2018,1,Tuesday,12:00:40,incident_stopped,2018-07-24_12-00-40_incident_stopped_zone_nb-shoulder.jpg,nb,39600.66667,-67.78810628,nb,shoulder,-1
N1C21,32.86981764,-83.75767111,n,7/24/2018,1,Tuesday,12:33:50,incident_stopped,2018-07-24_12-33-50_incident_stopped_zone_nb-shoulder.jpg,nb,39633.83333,-34.7310666,nb,shoulder,-1
N1C07,32.80647151,-83.72379194,n,7/24/2018,1,Tuesday,12:48:45,incident_stopped,2018-07-24_12-48-45_incident_stopped_zone_ramp-shoulder.jpg,nb,39648.75,-58.69634095,ramp,shoulder,-1
N2C17,32.84958885,-83.74065988,n,7/24/2018,1,Tuesday,13:01:24,incident_stopped,2018-07-24_13-01-24_incident_stopped_zone_nb-shoulder.jpg,nb,39661.4,-43.22840936,nb,shoulder,-1
BIBB-CAM-028,32.86504559,-83.75232959,n,7/24/2018,1,Tuesday,13:05:40,incident_stopped,2018-07-24_13-05-40_incident_stopped_zone_nb-shoulder.jpg,nb,39665.66667,-36.91653912,nb,shoulder,-1
BIBB-CAM-030,32.86987654,-83.75830175,s,7/24/2018,1,Tuesday,13:31:39,incident_stopped,2018-07-24_13-31-39_incident_stopped_zone_far-shoulder.jpg,nb,39691.65,-34.62822647,far,shoulder,-1
S1C30,32.91200591,-83.79524157,s,7/24/2018,1,Tuesday,13:39:51,incident_stopped,2018-07-24_13-39-51_incident_stopped_zone_nb-shoulder.jpg,nb,39699.85,-17.00028257,nb,shoulder,-1
N1C20,32.86504559,-83.75232959,n,7/24/2018,1,Tuesday,14:13:14,incident_stopped,2018-07-24_14-13-14_incident_stopped_zone_nb-shoulder.jpg,nb,39733.23333,-36.91653912,nb,shoulder,-1
N2C03,32.78071485,-83.71530658,n,7/24/2018,1,Tuesday,14:34:41,incident_stopped,2018-07-24_14-34-41_incident_stopped_zone_nb-shoulder.jpg,nb,39754.68333,-67.78810628,nb,shoulder,-1
N1C17,32.84958885,-83.74065988,n,7/24/2018,1,Tuesday,14:51:16,incident_stopped,2018-07-24_14-51-16_incident_stopped_zone_nb-shoulder.jpg,nb,39771.26667,-43.22840936,nb,shoulder,-1
N1C07,32.80647151,-83.72379194,n,7/24/2018,1,Tuesday,14:56:25,incident_stopped,2018-07-24_14-56-25_incident_stopped_zone_ramp-shoulder.jpg,nb,39776.41667,-58.69634095,ramp,shoulder,-1
N1C21,32.86981764,-83.75767111,n,7/24/2018,1,Tuesday,15:01:48,incident_stopped,2018-07-24_15-01-48_incident_stopped_zone_nb-shoulder.jpg,nb,39781.8,-34.7310666,nb,shoulder,-1
N2C01,32.76613511,-83.71030216,n,7/24/2018,1,Tuesday,15:05:52,incident_stopped,2018-07-24_15-05-52_incident_stopped_zone_nb-shoulder.jpg,nb,39785.86667,-72.97440738,nb,shoulder,-1
BIBB-CAM-018,32.79962746,-83.72080704,n,7/24/2018,1,Tuesday,15:39:44,incident_congestion,2018-07-24_15-39-44_incident_congestion_zone_nb-lanes.jpg,nb,39819.73333,-61.20075294,nb,lanes,-1
N3C07,32.80647151,-83.72379194,n,7/24/2018,1,Tuesday,15:56:44,incident_stopped,2018-07-24_15-56-44_incident_stopped_zone_near-shoulder.jpg,nb,39836.73333,-58.69634095,near,shoulder,-1
S2C08,32.80622138,-83.72432815,s,7/24/2018,1,Tuesday,15:58:20,incident_stopped,2018-07-24_15-58-20_incident_stopped_zone_nb-shoulder.jpg,nb,39838.33333,-58.705165,nb,shoulder,-1
BIBB-CAM-018,32.79962746,-83.72080704,n,7/24/2018,1,Tuesday,16:19:41,incident_stopped,2018-07-24_16-19-41_incident_stopped.jpg,nb,39859.68333,-61.20075294,,,-1
N1C07,32.80647151,-83.72379194,n,7/24/2018,1,Tuesday,16:41:33,incident_stopped,2018-07-24_16-41-33_incident_stopped_zone_ramp-shoulder.jpg,nb,39881.55,-58.69634095,ramp,shoulder,-1
N1C31,32.90737428,-83.79168212,n,7/24/2018,1,Tuesday,16:54:31,incident_congestion,2018-07-24_16-54-31_incident_congestion_zone_nb-lanes.jpg,nb,39894.51667,-18.84792303,nb,lanes,-1
BIBB-CAM-023,32.82699902,-83.73109564,n,7/24/2018,1,Tuesday,16:57:39,incident_stopped,2018-07-24_16-57-39_incident_stopped_zone_nb-shoulder.jpg,nb,39897.65,-51.41367576,nb,shoulder,-1
N1C39,32.95177015,-83.81217745,n,7/24/2018,1,Tuesday,17:00:53,incident_stopped,2018-07-24_17-00-53_incident_stopped_zone_ramp-shoulder.jpg,nb,39900.88333,-2.4510298,ramp,shoulder,-1
BIBB-CAM-018,32.79962746,-83.72080704,n,7/24/2018,1,Tuesday,17:48:13,incident_congestion,2018-07-24_17-48-13_incident_congestion_zone_nb-lanes.jpg,nb,39948.21667,-61.20075294,nb,lanes,-1
BIBB-CAM-032,32.88240434,-83.7719413,s,7/24/2018,1,Tuesday,18:08:44,incident_stopped,2018-07-24_18-08-44_incident_stopped_zone_nb-shoulder.jpg,nb,39968.73333,-29.00171497,nb,shoulder,-1
N1C21,32.86981764,-83.75767111,n,7/24/2018,1,Tuesday,18:31:34,incident_stopped,2018-07-24_18-31-34_incident_stopped_zone_nb-shoulder.jpg,nb,39991.56667,-34.7310666,nb,shoulder,-1
BIBB-CAM-028,32.86504559,-83.75232959,n,7/24/2018,1,Tuesday,18:48:40,incident_stopped,2018-07-24_18-48-40_incident_stopped_zone_nb-lanes.jpg,nb,40008.66667,-36.91653912,nb,lanes,-1
N2C01,32.76613511,-83.71030216,n,7/24/2018,1,Tuesday,19:14:29,incident_stopped,2018-07-24_19-14-29_incident_stopped_zone_nb-shoulder.jpg,nb,40034.48333,-72.97440738,nb,shoulder,-1
N1C01,32.76613511,-83.71030216,n,7/24/2018,1,Tuesday,19:14:39,incident_stopped,2018-07-24_19-14-39_incident_stopped_zone_nb-shoulder.jpg,nb,40034.65,-72.97440738,nb,shoulder,-1
BIBB-CAM-018,32.79962746,-83.72080704,n,7/24/2018,1,Tuesday,19:21:36,incident_congestion,2018-07-24_19-21-36_incident_congestion_zone_nb-lanes.jpg,nb,40041.6,-61.20075294,nb,lanes,-1
N1C21,32.86981764,-83.75767111,n,7/24/2018,1,Tuesday,20:04:55,incident_stopped,2018-07-24_20-04-55_incident_stopped_zone_nb-shoulder.jpg,nb,40084.91667,-34.7310666,nb,shoulder,-1
N1C20,32.86504559,-83.75232959,n,7/24/2018,1,Tuesday,20:05:28,incident_stopped,2018-07-24_20-05-28_incident_stopped_zone_nb-shoulder.jpg,nb,40085.46667,-36.91653912,nb,shoulder,-1
S1C21,32.86987654,-83.75830175,s,7/24/2018,1,Tuesday,21:55:51,incident_stopped,2018-07-24_21-55-51_incident_stopped_zone_nb-shoulder.jpg,nb,40195.85,-34.62822647,nb,shoulder,-1
S2C08,32.80622138,-83.72432815,s,7/25/2018,2,Wednesday,0:34:14,incident_stopped,2018-07-25_00-34-14_incident_stopped_zone_nb-shoulder.jpg,nb,40354.23333,-58.705165,nb,shoulder,-1
N1C21,32.86981764,-83.75767111,n,7/25/2018,2,Wednesday,1:33:28,incident_stopped,2018-07-25_01-33-28_incident_stopped_zone_nb-shoulder.jpg,nb,40413.46667,-34.7310666,nb,shoulder,-1
S1C21,32.86987654,-83.75830175,s,7/25/2018,2,Wednesday,1:33:36,incident_stopped,2018-07-25_01-33-36_incident_stopped_zone_nb-shoulder.jpg,nb,40413.6,-34.62822647,nb,shoulder,-1
N1C03,32.78071485,-83.71530658,n,7/25/2018,2,Wednesday,5:35:32,incident_stopped,2018-07-25_05-35-32_incident_stopped_zone_nb-shoulder.jpg,nb,40655.53333,-67.78810628,nb,shoulder,-1
BIBB-CAM-034,32.90013203,-83.7863588,s,7/25/2018,2,Wednesday,6:53:59,incident_stopped,2018-07-25_06-53-59_incident_stopped_zone_nb-shoulder.jpg,nb,40733.98333,-21.73107036,nb,shoulder,-1
S1C15,32.84057153,-83.73697533,s,7/25/2018,2,Wednesday,7:13:32,incident_stopped,2018-07-25_07-13-32_incident_stopped_zone_nb-shoulder.jpg,nb,40753.53333,-46.47309774,nb,shoulder,-1
N1C01,32.76613511,-83.71030216,n,7/25/2018,2,Wednesday,7:13:58,incident_stopped,2018-07-25_07-13-58_incident_stopped_zone_nb-shoulder.jpg,nb,40753.96667,-72.97440738,nb,shoulder,-1
N2C01,32.76613511,-83.71030216,n,7/25/2018,2,Wednesday,7:13:59,incident_stopped,2018-07-25_07-13-59_incident_stopped_zone_nb-shoulder.jpg,nb,40753.98333,-72.97440738,nb,shoulder,-1
N1C16,32.84577945,-83.73888874,n,7/25/2018,2,Wednesday,7:28:32,incident_stopped,2018-07-25_07-28-32_incident_stopped_zone_near-shoulder.jpg,nb,40768.53333,-44.6283787,near,shoulder,-1
BIBB-CAM-018,32.79962746,-83.72080704,n,7/25/2018,2,Wednesday,7:33:35,incident_congestion,2018-07-25_07-33-35_incident_congestion_zone_nb-lanes.jpg,nb,40773.58333,-61.20075294,nb,lanes,-1
N2C02,32.76990531,-83.71029631,n,7/25/2018,2,Wednesday,7:55:53,incident_stopped,2018-07-25_07-55-53_incident_stopped_zone_nb-shoulder.jpg,nb,40795.88333,-71.78891913,nb,shoulder,-1
N3C02,32.76990531,-83.71029631,n,7/25/2018,2,Wednesday,7:58:23,incident_stopped,2018-07-25_07-58-23_incident_stopped_zone_nb-shoulder.jpg,nb,40798.38333,-71.78891913,nb,shoulder,-1
BIBB-CAM-012,32.77593588,-83.71230837,n,7/25/2018,2,Wednesday,8:11:45,incident_stopped,2018-07-25_08-11-45_incident_stopped_zone_nb-shoulder.jpg,nb,40811.75,-69.65221113,nb,shoulder,-1
BIBB-CAM-013,32.77567367,-83.7128245,s,7/25/2018,2,Wednesday,8:11:47,incident_stopped,2018-07-25_08-11-47_incident_stopped_zone_nb-shoulder.jpg,nb,40811.78333,-69.6715058,nb,shoulder,-1
BIBB-CAM-023,32.82699902,-83.73109564,n,7/25/2018,2,Wednesday,8:43:12,incident_stopped,2018-07-25_08-43-12_incident_stopped_zone_nb-shoulder.jpg,nb,40843.2,-51.41367576,nb,shoulder,-1
N1C13,32.8332442,-83.73284142,n,7/25/2018,2,Wednesday,8:51:49,incident_stopped,2018-07-25_08-51-49_incident_stopped_zone_nb-shoulder.jpg,nb,40851.81667,-49.27056404,nb,shoulder,-1
N2C15,32.84068577,-83.73653266,n,7/25/2018,2,Wednesday,8:56:23,incident_stopped,2018-07-25_08-56-23_incident_stopped_zone_nb-shoulder.jpg,nb,40856.38333,-46.49987236,nb,shoulder,-1
BIBB-CAM-025,32.84057153,-83.73697533,s,7/25/2018,2,Wednesday,8:56:29,incident_stopped,2018-07-25_08-56-29_incident_stopped_zone_nb-shoulder.jpg,nb,40856.48333,-46.47309774,nb,shoulder,-1
S1C16,32.84561646,-83.73933607,s,7/25/2018,2,Wednesday,9:32:21,incident_stopped,2018-07-25_09-32-21_incident_stopped_zone_nb-shoulder.jpg,nb,40892.35,-44.61500342,nb,shoulder,-1
N2C11,32.82699902,-83.73109564,n,7/25/2018,2,Wednesday,9:43:24,incident_stopped,2018-07-25_09-43-24_incident_stopped_zone_near-shoulder.jpg,nb,40903.4,-51.41367576,near,shoulder,-1
N1C21,32.86981764,-83.75767111,n,7/25/2018,2,Wednesday,9:47:57,incident_stopped,2018-07-25_09-47-57_incident_stopped_zone_nb-shoulder.jpg,nb,40907.95,-34.7310666,nb,shoulder,-1
N1C25,32.88361771,-83.77234944,n,7/25/2018,2,Wednesday,10:01:46,incident_stopped,2018-07-25_10-01-46_incident_stopped_zone_ramp-shoulder.jpg,nb,40921.76667,-28.57124979,ramp,shoulder,-1
BIBB-CAM-030,32.86987654,-83.75830175,s,7/25/2018,2,Wednesday,10:17:42,incident_stopped,2018-07-25_10-17-42_incident_stopped_zone_far-shoulder.jpg,nb,40937.7,-34.62822647,far,shoulder,-1
N1C20,32.86504559,-83.75232959,n,7/25/2018,2,Wednesday,10:26:30,incident_stopped,2018-07-25_10-26-30_incident_stopped_zone_nb-shoulder.jpg,nb,40946.5,-36.91653912,nb,shoulder,-1
BIBB-CAM-018,32.79962746,-83.72080704,n,7/25/2018,2,Wednesday,10:31:04,incident_stopped,2018-07-25_10-31-04_incident_stopped.jpg,nb,40951.06667,-61.20075294,,,-1
N3C42,32.759892,-83.709757,n,7/25/2018,2,Wednesday,10:38:26,incident_stopped,2018-07-25_10-38-26_incident_stopped_zone_nb-shoulder.jpg,nb,40958.43333,-75.01044884,nb,shoulder,-1
BIBB-CAM-018,32.79962746,-83.72080704,n,7/25/2018,2,Wednesday,10:39:16,incident_congestion,2018-07-25_10-39-16_incident_congestion_zone_nb-lanes.jpg,nb,40959.26667,-61.20075294,nb,lanes,-1
S1C09,32.81017134,-83.72613824,s,7/25/2018,2,Wednesday,10:52:15,incident_stopped,2018-07-25_10-52-15_incident_stopped_zone_nb-shoulder.jpg,nb,40972.25,-57.24864799,nb,shoulder,-1
N1C19,32.85953942,-83.7465392,n,7/25/2018,2,Wednesday,11:14:49,incident_stopped,2018-07-25_11-14-49_incident_stopped_zone_nb-shoulder.jpg,nb,40994.81667,-39.39570165,nb,shoulder,-1
N2C03,32.78071485,-83.71530658,n,7/25/2018,2,Wednesday,11:21:30,incident_stopped,2018-07-25_11-21-30_incident_stopped_zone_nb-shoulder.jpg,nb,41001.5,-67.78810628,nb,shoulder,-1
N1C21,32.86981764,-83.75767111,n,7/25/2018,2,Wednesday,11:30:13,incident_stopped,2018-07-25_11-30-13_incident_stopped_zone_nb-shoulder.jpg,nb,41010.21667,-34.7310666,nb,shoulder,-1
N3C01,32.76613511,-83.71030216,n,7/25/2018,2,Wednesday,11:38:07,incident_stopped,2018-07-25_11-38-07_incident_stopped_zone_nb-shoulder.jpg,nb,41018.11667,-72.97440738,nb,shoulder,-1
BIBB-CAM-024,32.8332442,-83.73284142,n,7/25/2018,2,Wednesday,12:07:58,incident_stopped,2018-07-25_12-07-58_incident_stopped.jpg,nb,41047.96667,-49.27056404,,,-1
N2C42,32.759892,-83.709757,n,7/25/2018,2,Wednesday,12:24:09,incident_stopped,2018-07-25_12-24-09_incident_stopped_zone_nb-shoulder.jpg,nb,41064.15,-75.01044884,nb,shoulder,-1
N3C02,32.76990531,-83.71029631,n,7/25/2018,2,Wednesday,12:33:30,incident_stopped,2018-07-25_12-33-30_incident_stopped_zone_nb-shoulder.jpg,nb,41073.5,-71.78891913,nb,shoulder,-1
N1C17,32.84958885,-83.74065988,n,7/25/2018,2,Wednesday,12:56:43,incident_stopped,2018-07-25_12-56-43_incident_stopped_zone_nb-shoulder.jpg,nb,41096.71667,-43.22840936,nb,shoulder,-1
S1C30,32.91200591,-83.79524157,s,7/25/2018,2,Wednesday,12:58:08,incident_stopped,2018-07-25_12-58-08_incident_stopped_zone_nb-shoulder.jpg,nb,41098.13333,-17.00028257,nb,shoulder,-1
N2C03,32.78071485,-83.71530658,n,7/25/2018,2,Wednesday,13:01:45,incident_stopped,2018-07-25_13-01-45_incident_stopped_zone_nb-shoulder.jpg,nb,41101.75,-67.78810628,nb,shoulder,-1
S1C21,32.86987654,-83.75830175,s,7/25/2018,2,Wednesday,13:03:22,incident_stopped,2018-07-25_13-03-22_incident_stopped_zone_nb-shoulder.jpg,nb,41103.36667,-34.62822647,nb,shoulder,-1
N3C01,32.76613511,-83.71030216,n,7/25/2018,2,Wednesday,13:11:54,incident_stopped,2018-07-25_13-11-54_incident_stopped_zone_nb-shoulder.jpg,nb,41111.9,-72.97440738,nb,shoulder,-1
BIBB-CAM-023,32.82699902,-83.73109564,n,7/25/2018,2,Wednesday,13:19:51,incident_stopped,2018-07-25_13-19-51_incident_stopped_zone_nb-shoulder.jpg,nb,41119.85,-51.41367576,nb,shoulder,-1
N1C21,32.86981764,-83.75767111,n,7/25/2018,2,Wednesday,13:45:22,incident_stopped,2018-07-25_13-45-22_incident_stopped_zone_nb-shoulder.jpg,nb,41145.36667,-34.7310666,nb,shoulder,-1
BIBB-CAM-036,32.91536047,-83.79703412,s,7/25/2018,2,Wednesday,13:50:37,incident_stopped,2018-07-25_13-50-37_incident_stopped_zone_far-shoulder.jpg,nb,41150.61667,-15.73785658,far,shoulder,-1
BIBB-CAM-037,32.92513731,-83.80220611,s,7/25/2018,2,Wednesday,13:50:49,incident_stopped,2018-07-25_13-50-49_incident_stopped_zone_nb-shoulder.jpg,nb,41150.81667,-12.07189332,nb,shoulder,-1
BIBB-CAM-025,32.84057153,-83.73697533,s,7/25/2018,2,Wednesday,14:33:25,incident_stopped,2018-07-25_14-33-25_incident_stopped_zone_nb-shoulder.jpg,nb,41193.41667,-46.47309774,nb,shoulder,-1
N2C15,32.84068577,-83.73653266,n,7/25/2018,2,Wednesday,14:33:33,incident_stopped,2018-07-25_14-33-33_incident_stopped_zone_nb-shoulder.jpg,nb,41193.55,-46.49987236,nb,shoulder,-1
BIBB-CAM-018,32.79962746,-83.72080704,n,7/25/2018,2,Wednesday,14:38:20,incident_congestion,2018-07-25_14-38-20_incident_congestion_zone_nb-lanes.jpg,nb,41198.33333,-61.20075294,nb,lanes,-1
BIBB-CAM-028,32.86504559,-83.75232959,n,7/25/2018,2,Wednesday,14:44:46,incident_stopped,2018-07-25_14-44-46_incident_stopped_zone_nb-shoulder.jpg,nb,41204.76667,-36.91653912,nb,shoulder,-1
S1C30,32.91200591,-83.79524157,s,7/25/2018,2,Wednesday,14:51:37,incident_stopped,2018-07-25_14-51-37_incident_stopped_zone_nb-shoulder.jpg,nb,41211.61667,-17.00028257,nb,shoulder,-1
S1C15,32.84057153,-83.73697533,s,7/25/2018,2,Wednesday,14:54:18,incident_stopped,2018-07-25_14-54-18_incident_stopped_zone_nb-shoulder.jpg,nb,41214.3,-46.47309774,nb,shoulder,-1
N1C38,32.94876151,-83.81228301,n,7/25/2018,2,Wednesday,15:23:06,incident_stopped,2018-07-25_15-23-06_incident_stopped_zone_ramp-shoulder.jpg,nb,41243.1,-3.479229064,ramp,shoulder,-1
N1C39,32.95177015,-83.81217745,n,7/25/2018,2,Wednesday,15:29:08,incident_stopped,2018-07-25_15-29-08_incident_stopped_zone_ramp-shoulder.jpg,nb,41249.13333,-2.4510298,ramp,shoulder,-1
S1C21,32.86987654,-83.75830175,s,7/25/2018,2,Wednesday,15:43:00,incident_stopped,2018-07-25_15-43-00_incident_stopped_zone_nb-shoulder.jpg,nb,41263,-34.62822647,nb,shoulder,-1
N2C40,32.751099,-83.713281,n,7/25/2018,2,Wednesday,15:45:57,incident_stopped,2018-07-25_15-45-57_incident_stopped_zone_near-shoulder.jpg,nb,41265.95,-77.41345723,near,shoulder,-1
N1C40,32.751099,-83.713281,n,7/25/2018,2,Wednesday,15:45:58,incident_stopped,2018-07-25_15-45-58_incident_stopped_zone_nb-shoulder.jpg,nb,41265.96667,-77.41345723,nb,shoulder,-1
N2C03,32.78071485,-83.71530658,n,7/25/2018,2,Wednesday,15:52:38,incident_stopped,2018-07-25_15-52-38_incident_stopped_zone_nb-shoulder.jpg,nb,41272.63333,-67.78810628,nb,shoulder,-1
N2C01,32.76613511,-83.71030216,n,7/25/2018,2,Wednesday,16:34:29,incident_stopped,2018-07-25_16-34-29_incident_stopped_zone_nb-shoulder.jpg,nb,41314.48333,-72.97440738,nb,shoulder,-1
N1C01,32.76613511,-83.71030216,n,7/25/2018,2,Wednesday,16:34:30,incident_stopped,2018-07-25_16-34-30_incident_stopped_zone_nb-shoulder.jpg,nb,41314.5,-72.97440738,nb,shoulder,-1
N2C33,32.92077604,-83.79943309,n,7/25/2018,2,Wednesday,16:36:01,incident_stopped,2018-07-25_16-36-01_incident_stopped_zone_nb-shoulder.jpg,nb,41316.01667,-13.74452878,nb,shoulder,-1
BIBB-CAM-036,32.91536047,-83.79703412,s,7/25/2018,2,Wednesday,18:07:59,incident_stopped,2018-07-25_18-07-59_incident_stopped_zone_far-shoulder.jpg,nb,41407.98333,-15.73785658,far,shoulder,-1
N2C42,32.759892,-83.709757,n,7/25/2018,2,Wednesday,19:09:09,incident_stopped,2018-07-25_19-09-09_incident_stopped_zone_nb-lanes.jpg,nb,41469.15,-75.01044884,nb,lanes,-1
N1C11,32.82699902,-83.73109564,n,7/25/2018,2,Wednesday,19:33:02,incident_stopped,2018-07-25_19-33-02_incident_stopped_zone_nb-shoulder.jpg,nb,41493.03333,-51.41367576,nb,shoulder,-1
S1C16,32.84561646,-83.73933607,s,7/25/2018,2,Wednesday,21:01:32,incident_stopped,2018-07-25_21-01-32_incident_stopped_zone_nb-shoulder.jpg,nb,41581.53333,-44.61500342,nb,shoulder,-1
S2C23,32.8774369,-83.7665846,s,7/25/2018,2,Wednesday,22:15:41,incident_stopped,2018-07-25_22-15-41_incident_stopped_zone_far-shoulder.jpg,nb,41655.68333,-31.21570867,far,shoulder,-1
N2C25,32.88361771,-83.77234944,n,7/25/2018,2,Wednesday,22:17:33,incident_stopped,2018-07-25_22-17-33_incident_stopped_zone_nb-shoulder.jpg,nb,41657.55,-28.57124979,nb,shoulder,-1
BIBB-CAM-032,32.88240434,-83.7719413,s,7/25/2018,2,Wednesday,22:17:36,incident_stopped,2018-07-25_22-17-36_incident_stopped_zone_nb-shoulder.jpg,nb,41657.6,-29.00171497,nb,shoulder,-1
S1C33,32.92513731,-83.80220611,s,7/26/2018,3,Thursday,0:58:52,incident_stopped,2018-07-26_00-58-52_incident_stopped_zone_nb-shoulder.jpg,nb,41818.86667,-12.07189332,nb,shoulder,-1
N1C26,32.88798194,-83.77607704,n,7/26/2018,3,Thursday,2:25:48,incident_stopped,2018-07-26_02-25-48_incident_stopped_zone_nb-shoulder.jpg,nb,41905.8,-26.75233619,nb,shoulder,-1
N1C16,32.84577945,-83.73888874,n,7/26/2018,3,Thursday,2:56:40,incident_stopped,2018-07-26_02-56-40_incident_stopped_zone_near-shoulder.jpg,nb,41936.66667,-44.6283787,near,shoulder,-1
N1C21,32.86981764,-83.75767111,n,7/26/2018,3,Thursday,5:18:50,incident_stopped,2018-07-26_05-18-50_incident_stopped_zone_nb-shoulder.jpg,nb,42078.83333,-34.7310666,nb,shoulder,-1
BIBB-CAM-012,32.77593588,-83.71230837,n,7/26/2018,3,Thursday,5:57:42,incident_stopped,2018-07-26_05-57-42_incident_stopped_zone_nb-shoulder.jpg,nb,42117.7,-69.65221113,nb,shoulder,-1
N2C02,32.76990531,-83.71029631,n,7/26/2018,3,Thursday,6:25:13,incident_stopped,2018-07-26_06-25-13_incident_stopped_zone_nb-shoulder.jpg,nb,42145.21667,-71.78891913,nb,shoulder,-1
N2C14,32.83648848,-83.73452853,n,7/26/2018,3,Thursday,6:27:09,incident_stopped,2018-07-26_06-27-09_incident_stopped_zone_nb-shoulder.jpg,nb,42147.15,-48.05166032,nb,shoulder,-1
S2C08,32.80622138,-83.72432815,s,7/26/2018,3,Thursday,6:44:56,incident_stopped,2018-07-26_06-44-56_incident_stopped_zone_nb-shoulder.jpg,nb,42164.93333,-58.705165,nb,shoulder,-1
N1C01,32.76613511,-83.71030216,n,7/26/2018,3,Thursday,8:27:31,incident_stopped,2018-07-26_08-27-31_incident_stopped_zone_nb-shoulder.jpg,nb,42267.51667,-72.97440738,nb,shoulder,-1
N2C01,32.76613511,-83.71030216,n,7/26/2018,3,Thursday,8:27:32,incident_stopped,2018-07-26_08-27-32_incident_stopped_zone_nb-shoulder.jpg,nb,42267.53333,-72.97440738,nb,shoulder,-1
BIBB-CAM-018,32.79962746,-83.72080704,n,7/26/2018,3,Thursday,9:30:48,incident_congestion,2018-07-26_09-30-48_incident_congestion_zone_nb-lanes.jpg,nb,42330.8,-61.20075294,nb,lanes,-1
S1C21,32.86987654,-83.75830175,s,7/26/2018,3,Thursday,9:48:18,incident_stopped,2018-07-26_09-48-18_incident_stopped_zone_nb-shoulder.jpg,nb,42348.3,-34.62822647,nb,shoulder,-1
BIBB-CAM-018,32.79962746,-83.72080704,n,7/26/2018,3,Thursday,10:00:25,incident_stopped,2018-07-26_10-00-25_incident_stopped.jpg,nb,42360.41667,-61.20075294,,,-1
N2C33,32.92077604,-83.79943309,n,7/26/2018,3,Thursday,10:06:10,incident_stopped,2018-07-26_10-06-10_incident_stopped_zone_nb-shoulder.jpg,nb,42366.16667,-13.74452878,nb,shoulder,-1
N2C01,32.76613511,-83.71030216,n,7/26/2018,3,Thursday,10:08:20,incident_stopped,2018-07-26_10-08-20_incident_stopped_zone_nb-shoulder.jpg,nb,42368.33333,-72.97440738,nb,shoulder,-1
BIBB-CAM-028,32.86504559,-83.75232959,n,7/26/2018,3,Thursday,10:39:09,incident_stopped,2018-07-26_10-39-09_incident_stopped_zone_nb-shoulder.jpg,nb,42399.15,-36.91653912,nb,shoulder,-1
S1C21,32.86987654,-83.75830175,s,7/26/2018,3,Thursday,11:23:51,incident_stopped,2018-07-26_11-23-51_incident_stopped_zone_nb-shoulder.jpg,nb,42443.85,-34.62822647,nb,shoulder,-1
N1C33,32.92077604,-83.79943309,n,7/26/2018,3,Thursday,12:42:21,incident_congestion,2018-07-26_12-42-21_incident_congestion_zone_nb-lanes.jpg,nb,42522.35,-13.74452878,nb,lanes,-1
BIBB-CAM-028,32.86504559,-83.75232959,n,7/26/2018,3,Thursday,12:53:27,incident_stopped,2018-07-26_12-53-27_incident_stopped.jpg,nb,42533.45,-36.91653912,,,-1
N3C02,32.76990531,-83.71029631,n,7/26/2018,3,Thursday,12:57:53,incident_stopped,2018-07-26_12-57-53_incident_stopped_zone_nb-shoulder.jpg,nb,42537.88333,-71.78891913,nb,shoulder,-1
S1C21,32.86987654,-83.75830175,s,7/26/2018,3,Thursday,12:59:37,incident_stopped,2018-07-26_12-59-37_incident_stopped_zone_nb-shoulder.jpg,nb,42539.61667,-34.62822647,nb,shoulder,-1
S2C26,32.88776313,-83.77647583,s,7/26/2018,3,Thursday,13:00:40,incident_stopped,2018-07-26_13-00-40_incident_stopped_zone_nb-shoulder.jpg,nb,42540.66667,-26.77497584,nb,shoulder,-1
N1C21,32.86981764,-83.75767111,n,7/26/2018,3,Thursday,13:01:44,incident_stopped,2018-07-26_13-01-44_incident_stopped_zone_nb-shoulder.jpg,nb,42541.73333,-34.7310666,nb,shoulder,-1
BIBB-CAM-033,32.89075559,-83.77887713,s,7/26/2018,3,Thursday,13:03:29,incident_stopped,2018-07-26_13-03-29_incident_stopped_zone_nb-shoulder.jpg,nb,42543.48333,-25.54978527,nb,shoulder,-1
BIBB-CAM-030,32.86987654,-83.75830175,s,7/26/2018,3,Thursday,13:51:16,incident_stopped,2018-07-26_13-51-16_incident_stopped_zone_far-shoulder.jpg,nb,42591.26667,-34.62822647,far,shoulder,-1
S1C02,32.77015102,-83.71101814,s,7/26/2018,3,Thursday,14:12:05,incident_stopped,2018-07-26_14-12-05_incident_stopped_zone_nb-shoulder.jpg,nb,42612.08333,-71.62458863,nb,shoulder,-1
N2C03,32.78071485,-83.71530658,n,7/26/2018,3,Thursday,14:19:50,incident_stopped,2018-07-26_14-19-50_incident_stopped_zone_nb-shoulder.jpg,nb,42619.83333,-67.78810628,nb,shoulder,-1
BIBB-CAM-018,32.79962746,-83.72080704,n,7/26/2018,3,Thursday,14:40:57,incident_congestion,2018-07-26_14-40-57_incident_congestion_zone_nb-lanes.jpg,nb,42640.95,-61.20075294,nb,lanes,-1
N2C01,32.76613511,-83.71030216,n,7/26/2018,3,Thursday,14:48:21,incident_stopped,2018-07-26_14-48-21_incident_stopped_zone_nb-shoulder.jpg,nb,42648.35,-72.97440738,nb,shoulder,-1
BIBB-CAM-018,32.79962746,-83.72080704,n,7/26/2018,3,Thursday,15:01:26,incident_stopped,2018-07-26_15-01-26_incident_stopped.jpg,nb,42661.43333,-61.20075294,,,-1
N2C26,32.88798194,-83.77607704,n,7/26/2018,3,Thursday,15:09:25,incident_stopped,2018-07-26_15-09-25_incident_stopped_zone_nb-shoulder.jpg,nb,42669.41667,-26.75233619,nb,shoulder,-1
BIBB-CAM-037,32.92513731,-83.80220611,s,7/26/2018,3,Thursday,15:15:13,incident_stopped,2018-07-26_15-15-13_incident_stopped_zone_nb-shoulder.jpg,nb,42675.21667,-12.07189332,nb,shoulder,-1
S2C24,32.87958032,-83.76886573,s,7/26/2018,3,Thursday,15:16:23,incident_stopped,2018-07-26_15-16-23_incident_stopped_zone_nb-shoulder.jpg,nb,42676.38333,-30.26227087,nb,shoulder,-1
N1C07,32.80647151,-83.72379194,n,7/26/2018,3,Thursday,15:34:18,incident_stopped,2018-07-26_15-34-18_incident_stopped_zone_ramp-shoulder.jpg,nb,42694.3,-58.69634095,ramp,shoulder,-1
N1C25,32.88361771,-83.77234944,n,7/26/2018,3,Thursday,15:41:34,incident_stopped,2018-07-26_15-41-34_incident_stopped_zone_ramp-shoulder.jpg,nb,42701.56667,-28.57124979,ramp,shoulder,-1
N1C39,32.95177015,-83.81217745,n,7/26/2018,3,Thursday,15:50:36,incident_stopped,2018-07-26_15-50-36_incident_stopped_zone_ramp-shoulder.jpg,nb,42710.6,-2.4510298,ramp,shoulder,-1
N1C42,32.759892,-83.709757,n,7/26/2018,3,Thursday,16:52:32,incident_stopped,2018-07-26_16-52-32_incident_stopped_zone_nb-shoulder.jpg,nb,42772.53333,-75.01044884,nb,shoulder,-1
N1C21,32.86981764,-83.75767111,n,7/26/2018,3,Thursday,17:05:46,incident_stopped,2018-07-26_17-05-46_incident_stopped_zone_nb-shoulder.jpg,nb,42785.76667,-34.7310666,nb,shoulder,-1
N1C10,32.82260317,-83.73001566,n,7/26/2018,3,Thursday,18:10:13,incident_stopped,2018-07-26_18-10-13_incident_stopped_zone_nb-shoulder.jpg,nb,42850.21667,-52.90603101,nb,shoulder,-1
S2C12,32.82694969,-83.73158785,s,7/26/2018,3,Thursday,18:10:15,incident_stopped,2018-07-26_18-10-15_incident_stopped_zone_nb-shoulder.jpg,nb,42850.25,-51.36261191,nb,shoulder,-1
N1C01,32.76613511,-83.71030216,n,7/26/2018,3,Thursday,19:03:13,incident_stopped,2018-07-26_19-03-13_incident_stopped_zone_nb-shoulder.jpg,nb,42903.21667,-72.97440738,nb,shoulder,-1
N2C03,32.78071485,-83.71530658,n,7/26/2018,3,Thursday,19:27:03,incident_stopped,2018-07-26_19-27-03_incident_stopped_zone_nb-shoulder.jpg,nb,42927.05,-67.78810628,nb,shoulder,-1
BIBB-CAM-018,32.79962746,-83.72080704,n,7/26/2018,3,Thursday,19:30:38,incident_congestion,2018-07-26_19-30-38_incident_congestion_zone_nb-lanes.jpg,nb,42930.63333,-61.20075294,nb,lanes,-1
BIBB-CAM-038,32.93499248,-83.80738753,s,7/26/2018,3,Thursday,19:41:27,incident_stopped,2018-07-26_19-41-27_incident_stopped_zone_far-shoulder.jpg,nb,42941.45,-8.404850441,far,shoulder,-1
S1C21,32.86987654,-83.75830175,s,7/26/2018,3,Thursday,20:19:03,incident_stopped,2018-07-26_20-19-03_incident_stopped_zone_nb-shoulder.jpg,nb,42979.05,-34.62822647,nb,shoulder,-1
S1C14,32.83620205,-83.73500536,s,7/27/2018,4,Friday,1:04:54,incident_stopped,2018-07-27_01-04-54_incident_stopped_zone_nb-shoulder.jpg,nb,43264.9,-48.07309629,nb,shoulder,-1
N2C14,32.83648848,-83.73452853,n,7/27/2018,4,Friday,1:04:57,incident_stopped,2018-07-27_01-04-57_incident_stopped_zone_nb-shoulder.jpg,nb,43264.95,-48.05166032,nb,shoulder,-1
N1C14,32.83648848,-83.73452853,n,7/27/2018,4,Friday,1:04:57,incident_stopped,2018-07-27_01-04-57_incident_stopped_zone_ramp-shoulder.jpg,nb,43264.95,-48.05166032,ramp,shoulder,-1
N2C33,32.92077604,-83.79943309,n,7/27/2018,4,Friday,2:56:38,incident_stopped,2018-07-27_02-56-38_incident_stopped_zone_nb-shoulder.jpg,nb,43376.63333,-13.74452878,nb,shoulder,-1
BIBB-CAM-013,32.77567367,-83.7128245,s,7/27/2018,4,Friday,3:46:04,incident_stopped,2018-07-27_03-46-04_incident_stopped_zone_nb-shoulder.jpg,nb,43426.06667,-69.6715058,nb,shoulder,-1
N1C19,32.85953942,-83.7465392,n,7/27/2018,4,Friday,4:05:30,incident_stopped,2018-07-27_04-05-30_incident_stopped_zone_nb-shoulder.jpg,nb,43445.5,-39.39570165,nb,shoulder,-1
N1C20,32.86504559,-83.75232959,n,7/27/2018,4,Friday,4:21:44,incident_stopped,2018-07-27_04-21-44_incident_stopped_zone_nb-shoulder.jpg,nb,43461.73333,-36.91653912,nb,shoulder,-1
N1C41,32.7558,-83.709193,n,7/27/2018,4,Friday,5:05:03,incident_stopped,2018-07-27_05-05-03_incident_stopped.jpg,nb,43505.05,-76.37247586,,,-1
N3C38,32.94876151,-83.81228301,n,7/27/2018,4,Friday,6:10:06,incident_stopped,2018-07-27_06-10-06_incident_stopped_zone_nb-shoulder.jpg,nb,43570.1,-3.479229064,nb,shoulder,-1
N2C01,32.76613511,-83.71030216,n,7/27/2018,4,Friday,6:25:39,incident_stopped,2018-07-27_06-25-39_incident_stopped_zone_nb-shoulder.jpg,nb,43585.65,-72.97440738,nb,shoulder,-1
N1C20,32.86504559,-83.75232959,n,7/27/2018,4,Friday,6:34:01,incident_stopped,2018-07-27_06-34-01_incident_stopped_zone_nb-shoulder.jpg,nb,43594.01667,-36.91653912,nb,shoulder,-1
N1C14,32.83648848,-83.73452853,n,7/27/2018,4,Friday,8:01:45,incident_stopped,2018-07-27_08-01-45_incident_stopped_zone_ramp-shoulder.jpg,nb,43681.75,-48.05166032,ramp,shoulder,-1
N1C21,32.86981764,-83.75767111,n,7/27/2018,4,Friday,8:12:53,incident_stopped,2018-07-27_08-12-53_incident_stopped_zone_nb-shoulder.jpg,nb,43692.88333,-34.7310666,nb,shoulder,-1
BIBB-CAM-018,32.79962746,-83.72080704,n,7/27/2018,4,Friday,8:18:37,incident_congestion,2018-07-27_08-18-37_incident_congestion_zone_nb-lanes.jpg,nb,43698.61667,-61.20075294,nb,lanes,-1
N1C20,32.86504559,-83.75232959,n,7/27/2018,4,Friday,8:59:02,incident_stopped,2018-07-27_08-59-02_incident_stopped_zone_nb-shoulder.jpg,nb,43739.03333,-36.91653912,nb,shoulder,-1
S2C17,32.84950348,-83.74113514,s,7/27/2018,4,Friday,9:16:02,incident_stopped,2018-07-27_09-16-02_incident_stopped_zone_nb-shoulder.jpg,nb,43756.03333,-43.18705025,nb,shoulder,-1
N1C19,32.85953942,-83.7465392,n,7/27/2018,4,Friday,9:23:02,incident_stopped,2018-07-27_09-23-02_incident_stopped_zone_nb-shoulder.jpg,nb,43763.03333,-39.39570165,nb,shoulder,-1
N2C01,32.76613511,-83.71030216,n,7/27/2018,4,Friday,9:58:06,incident_stopped,2018-07-27_09-58-06_incident_stopped_zone_nb-shoulder.jpg,nb,43798.1,-72.97440738,nb,shoulder,-1
S2C38,32.95157525,-83.81265346,s,7/27/2018,4,Friday,10:29:14,incident_stopped,2018-07-27_10-29-14_incident_stopped_zone_north-shoulder.jpg,nb,43829.23333,-2.501382112,north,shoulder,-1
N2C03,32.78071485,-83.71530658,n,7/27/2018,4,Friday,10:33:32,incident_stopped,2018-07-27_10-33-32_incident_stopped_zone_nb-shoulder.jpg,nb,43833.53333,-67.78810628,nb,shoulder,-1
S1C21,32.86987654,-83.75830175,s,7/27/2018,4,Friday,10:49:56,incident_stopped,2018-07-27_10-49-56_incident_stopped_zone_nb-shoulder.jpg,nb,43849.93333,-34.62822647,nb,shoulder,-1
N1C08,32.81331958,-83.72706597,n,7/27/2018,4,Friday,11:13:17,incident_stopped,2018-07-27_11-13-17_incident_stopped_zone_ramp-shoulder.jpg,nb,43873.28333,-56.15448649,ramp,shoulder,-1
N1C20,32.86504559,-83.75232959,n,7/27/2018,4,Friday,11:23:31,incident_stopped,2018-07-27_11-23-31_incident_stopped_zone_nb-shoulder.jpg,nb,43883.51667,-36.91653912,nb,shoulder,-1
BIBB-CAM-025,32.84057153,-83.73697533,s,7/27/2018,4,Friday,11:26:41,incident_stopped,2018-07-27_11-26-41_incident_stopped_zone_nb-shoulder.jpg,nb,43886.68333,-46.47309774,nb,shoulder,-1
BIBB-CAM-026,32.84958885,-83.74065988,n,7/27/2018,4,Friday,11:35:08,incident_stopped,2018-07-27_11-35-08_incident_stopped_zone_nb-shoulder.jpg,nb,43895.13333,-43.22840936,nb,shoulder,-1
N2C33,32.92077604,-83.79943309,n,7/27/2018,4,Friday,11:49:53,incident_stopped,2018-07-27_11-49-53_incident_stopped_zone_nb-shoulder.jpg,nb,43909.88333,-13.74452878,nb,shoulder,-1
BIBB-CAM-028,32.86504559,-83.75232959,n,7/27/2018,4,Friday,11:56:19,incident_stopped,2018-07-27_11-56-19_incident_stopped.jpg,nb,43916.31667,-36.91653912,,,-1
S1C21,32.86987654,-83.75830175,s,7/27/2018,4,Friday,12:23:39,incident_stopped,2018-07-27_12-23-39_incident_stopped_zone_nb-shoulder.jpg,nb,43943.65,-34.62822647,nb,shoulder,-1
BIBB-CAM-037,32.92513731,-83.80220611,s,7/27/2018,4,Friday,12:28:29,incident_stopped,2018-07-27_12-28-29_incident_stopped_zone_nb-shoulder.jpg,nb,43948.48333,-12.07189332,nb,shoulder,-1
N3C38,32.94876151,-83.81228301,n,7/27/2018,4,Friday,12:28:44,incident_stopped,2018-07-27_12-28-44_incident_stopped_zone_nb-shoulder.jpg,nb,43948.73333,-3.479229064,nb,shoulder,-1
S2C38,32.95157525,-83.81265346,s,7/27/2018,4,Friday,12:28:49,incident_stopped,2018-07-27_12-28-49_incident_stopped_zone_north-shoulder.jpg,nb,43948.81667,-2.501382112,north,shoulder,-1
N2C03,32.78071485,-83.71530658,n,7/27/2018,4,Friday,12:35:48,incident_stopped,2018-07-27_12-35-48_incident_stopped_zone_nb-shoulder.jpg,nb,43955.8,-67.78810628,nb,shoulder,-1
N2C01,32.76613511,-83.71030216,n,7/27/2018,4,Friday,12:39:16,incident_stopped,2018-07-27_12-39-16_incident_stopped_zone_nb-shoulder.jpg,nb,43959.26667,-72.97440738,nb,shoulder,-1
BIBB-CAM-014,32.7850913,-83.71806273,n,7/27/2018,4,Friday,12:53:13,incident_stopped,2018-07-27_12-53-13_incident_stopped_zone_nb-shoulder.jpg,nb,43973.21667,-66.07987571,nb,shoulder,-1
N1C03,32.78071485,-83.71530658,n,7/27/2018,4,Friday,13:49:19,incident_stopped,2018-07-27_13-49-19_incident_stopped_zone_nb-shoulder.jpg,nb,44029.31667,-67.78810628,nb,shoulder,-1
BIBB-CAM-025,32.84057153,-83.73697533,s,7/27/2018,4,Friday,13:57:26,incident_stopped,2018-07-27_13-57-26_incident_stopped_zone_nb-shoulder.jpg,nb,44037.43333,-46.47309774,nb,shoulder,-1
N2C03,32.78071485,-83.71530658,n,7/27/2018,4,Friday,14:41:19,incident_stopped,2018-07-27_14-41-19_incident_stopped_zone_nb-shoulder.jpg,nb,44081.31667,-67.78810628,nb,shoulder,-1
BIBB-CAM-018,32.79962746,-83.72080704,n,7/27/2018,4,Friday,14:42:01,incident_congestion,2018-07-27_14-42-01_incident_congestion_zone_nb-lanes.jpg,nb,44082.01667,-61.20075294,nb,lanes,-1
N1C41,32.7558,-83.709193,n,7/27/2018,4,Friday,15:18:32,incident_stopped,2018-07-27_15-18-32_incident_stopped_zone_nb-shoulder.jpg,nb,44118.53333,-76.37247586,nb,shoulder,-1
N1C07,32.80647151,-83.72379194,n,7/27/2018,4,Friday,15:40:14,incident_stopped,2018-07-27_15-40-14_incident_stopped_zone_ramp-shoulder.jpg,nb,44140.23333,-58.69634095,ramp,shoulder,-1
N2C01,32.76613511,-83.71030216,n,7/27/2018,4,Friday,16:08:51,incident_stopped,2018-07-27_16-08-51_incident_stopped_zone_nb-shoulder.jpg,nb,44168.85,-72.97440738,nb,shoulder,-1
N1C25,32.88361771,-83.77234944,n,7/27/2018,4,Friday,16:10:47,incident_stopped,2018-07-27_16-10-47_incident_stopped_zone_ramp-shoulder.jpg,nb,44170.78333,-28.57124979,ramp,shoulder,-1
N2C08,32.81331958,-83.72706597,n,7/27/2018,4,Friday,16:18:48,incident_stopped,2018-07-27_16-18-48_incident_stopped_zone_nb-shoulder.jpg,nb,44178.8,-56.15448649,nb,shoulder,-1
BIBB-CAM-037,32.92513731,-83.80220611,s,7/27/2018,4,Friday,16:22:28,incident_stopped,2018-07-27_16-22-28_incident_stopped_zone_nb-shoulder.jpg,nb,44182.46667,-12.07189332,nb,shoulder,-1
N3C41,32.7558,-83.709193,n,7/27/2018,4,Friday,16:23:30,incident_stopped,2018-07-27_16-23-30_incident_stopped_zone_nb-shoulder.jpg,nb,44183.5,-76.37247586,nb,shoulder,-1
N1C10,32.82260317,-83.73001566,n,7/27/2018,4,Friday,16:23:47,incident_stopped,2018-07-27_16-23-47_incident_stopped_zone_nb-shoulder.jpg,nb,44183.78333,-52.90603101,nb,shoulder,-1
N2C11,32.82699902,-83.73109564,n,7/27/2018,4,Friday,16:25:21,incident_stopped,2018-07-27_16-25-21_incident_stopped_zone_near-shoulder.jpg,nb,44185.35,-51.41367576,near,shoulder,-1
S2C11,32.82254015,-83.73046915,s,7/27/2018,4,Friday,16:25:28,incident_stopped,2018-07-27_16-25-28_incident_stopped_zone_far-shoulder.jpg,nb,44185.46667,-52.86537408,far,shoulder,-1
S2C12,32.82694969,-83.73158785,s,7/27/2018,4,Friday,16:25:28,incident_stopped,2018-07-27_16-25-28_incident_stopped_zone_nb-shoulder.jpg,nb,44185.46667,-51.36261191,nb,shoulder,-1
S1C09,32.81017134,-83.72613824,s,7/27/2018,4,Friday,16:45:11,incident_stopped,2018-07-27_16-45-11_incident_stopped_zone_nb-shoulder.jpg,nb,44205.18333,-57.24864799,nb,shoulder,-1
N1C39,32.95177015,-83.81217745,n,7/27/2018,4,Friday,16:59:41,incident_stopped,2018-07-27_16-59-41_incident_stopped_zone_ramp-shoulder.jpg,nb,44219.68333,-2.4510298,ramp,shoulder,-1
N2C03,32.78071485,-83.71530658,n,7/27/2018,4,Friday,17:02:28,incident_stopped,2018-07-27_17-02-28_incident_stopped_zone_nb-shoulder.jpg,nb,44222.46667,-67.78810628,nb,shoulder,-1
BIBB-CAM-013,32.77567367,-83.7128245,s,7/27/2018,4,Friday,17:19:25,incident_stopped,2018-07-27_17-19-25_incident_stopped_zone_nb-shoulder.jpg,nb,44239.41667,-69.6715058,nb,shoulder,-1
S2C17,32.84950348,-83.74113514,s,7/27/2018,4,Friday,17:21:30,incident_stopped,2018-07-27_17-21-30_incident_stopped_zone_nb-shoulder.jpg,nb,44241.5,-43.18705025,nb,shoulder,-1
BIBB-CAM-012,32.77593588,-83.71230837,n,7/27/2018,4,Friday,18:32:47,incident_stopped,2018-07-27_18-32-47_incident_stopped_zone_nb-shoulder.jpg,nb,44312.78333,-69.65221113,nb,shoulder,-1
BIBB-CAM-018,32.79962746,-83.72080704,n,7/27/2018,4,Friday,19:02:38,incident_congestion,2018-07-27_19-02-38_incident_congestion_zone_nb-lanes.jpg,nb,44342.63333,-61.20075294,nb,lanes,-1
N2C14,32.83648848,-83.73452853,n,7/27/2018,4,Friday,19:05:55,incident_stopped,2018-07-27_19-05-55_incident_stopped_zone_nb-shoulder.jpg,nb,44345.91667,-48.05166032,nb,shoulder,-1
S1C16,32.84561646,-83.73933607,s,7/27/2018,4,Friday,20:29:40,incident_stopped,2018-07-27_20-29-40_incident_stopped_zone_nb-shoulder.jpg,nb,44429.66667,-44.61500342,nb,shoulder,-1
N2C03,32.78071485,-83.71530658,n,7/27/2018,4,Friday,22:25:04,incident_stopped,2018-07-27_22-25-04_incident_stopped_zone_nb-shoulder.jpg,nb,44545.06667,-67.78810628,nb,shoulder,-1
N2C33,32.92077604,-83.79943309,n,7/28/2018,5,Saturday,1:28:24,incident_stopped,2018-07-28_01-28-24_incident_stopped_zone_nb-shoulder.jpg,nb,44728.4,-13.74452878,nb,shoulder,-1
N2C03,32.78071485,-83.71530658,n,7/28/2018,5,Saturday,1:36:13,incident_stopped,2018-07-28_01-36-13_incident_stopped_zone_nb-shoulder.jpg,nb,44736.21667,-67.78810628,nb,shoulder,-1
S2C09,32.81017134,-83.72613824,s,7/28/2018,5,Saturday,2:15:30,incident_stopped,2018-07-28_02-15-30_incident_stopped_zone_nb-shoulder.jpg,nb,44775.5,-57.24864799,nb,shoulder,-1
N1C14,32.83648848,-83.73452853,n,7/28/2018,5,Saturday,3:20:03,incident_stopped,2018-07-28_03-20-03_incident_stopped_zone_ramp-shoulder.jpg,nb,44840.05,-48.05166032,ramp,shoulder,-1
N1C07,32.80647151,-83.72379194,n,7/28/2018,5,Saturday,3:44:40,incident_stopped,2018-07-28_03-44-40_incident_stopped_zone_ramp-shoulder.jpg,nb,44864.66667,-58.69634095,ramp,shoulder,-1
BIBB-CAM-028,32.86504559,-83.75232959,n,7/28/2018,5,Saturday,6:38:57,incident_stopped,2018-07-28_06-38-57_incident_stopped_zone_nb-shoulder.jpg,nb,45038.95,-36.91653912,nb,shoulder,-1
N2C01,32.76613511,-83.71030216,n,7/28/2018,5,Saturday,6:57:20,incident_stopped,2018-07-28_06-57-20_incident_stopped_zone_nb-shoulder.jpg,nb,45057.33333,-72.97440738,nb,shoulder,-1
S1C28,32.90013203,-83.7863588,s,7/28/2018,5,Saturday,7:02:22,incident_stopped,2018-07-28_07-02-22_incident_stopped_zone_nb-shoulder.jpg,nb,45062.36667,-21.73107036,nb,shoulder,-1
N3C38,32.94876151,-83.81228301,n,7/28/2018,5,Saturday,7:52:20,incident_stopped,2018-07-28_07-52-20_incident_stopped_zone_nb-shoulder.jpg,nb,45112.33333,-3.479229064,nb,shoulder,-1
BIBB-CAM-026,32.84958885,-83.74065988,n,7/28/2018,5,Saturday,8:08:42,incident_stopped,2018-07-28_08-08-42_incident_stopped_zone_nb-shoulder.jpg,nb,45128.7,-43.22840936,nb,shoulder,-1
N2C33,32.92077604,-83.79943309,n,7/28/2018,5,Saturday,8:32:36,incident_stopped,2018-07-28_08-32-36_incident_stopped_zone_nb-shoulder.jpg,nb,45152.6,-13.74452878,nb,shoulder,-1
N1C01,32.76613511,-83.71030216,n,7/28/2018,5,Saturday,8:37:18,incident_stopped,2018-07-28_08-37-18_incident_stopped_zone_nb-shoulder.jpg,nb,45157.3,-72.97440738,nb,shoulder,-1
N2C01,32.76613511,-83.71030216,n,7/28/2018,5,Saturday,8:48:41,incident_stopped,2018-07-28_08-48-41_incident_stopped_zone_nb-shoulder.jpg,nb,45168.68333,-72.97440738,nb,shoulder,-1
N3C41,32.7558,-83.709193,n,7/28/2018,5,Saturday,9:05:24,incident_stopped,2018-07-28_09-05-24_incident_stopped_zone_nb-shoulder.jpg,nb,45185.4,-76.37247586,nb,shoulder,-1
BIBB-CAM-018,32.79962746,-83.72080704,n,7/28/2018,5,Saturday,9:25:06,incident_congestion,2018-07-28_09-25-06_incident_congestion_zone_nb-lanes.jpg,nb,45205.1,-61.20075294,nb,lanes,-1
N1C21,32.86981764,-83.75767111,n,7/28/2018,5,Saturday,9:30:47,incident_stopped,2018-07-28_09-30-47_incident_stopped_zone_nb-shoulder.jpg,nb,45210.78333,-34.7310666,nb,shoulder,-1
N1C42,32.759892,-83.709757,n,7/28/2018,5,Saturday,9:52:25,incident_stopped,2018-07-28_09-52-25_incident_stopped_zone_nb-shoulder.jpg,nb,45232.41667,-75.01044884,nb,shoulder,-1
BIBB-CAM-018,32.79962746,-83.72080704,n,7/28/2018,5,Saturday,10:42:24,incident_congestion,2018-07-28_10-42-24_incident_congestion_zone_nb-lanes.jpg,nb,45282.4,-61.20075294,nb,lanes,-1
N1C16,32.84577945,-83.73888874,n,7/28/2018,5,Saturday,11:11:03,incident_stopped,2018-07-28_11-11-03_incident_stopped_zone_near-shoulder.jpg,nb,45311.05,-44.6283787,near,shoulder,-1
N2C03,32.78071485,-83.71530658,n,7/28/2018,5,Saturday,11:15:30,incident_stopped,2018-07-28_11-15-30_incident_stopped_zone_nb-shoulder.jpg,nb,45315.5,-67.78810628,nb,shoulder,-1
S1C21,32.86987654,-83.75830175,s,7/28/2018,5,Saturday,11:49:05,incident_stopped,2018-07-28_11-49-05_incident_stopped_zone_nb-shoulder.jpg,nb,45349.08333,-34.62822647,nb,shoulder,-1
BIBB-CAM-023,32.82699902,-83.73109564,n,7/28/2018,5,Saturday,11:58:41,incident_stopped,2018-07-28_11-58-41_incident_stopped_zone_nb-shoulder.jpg,nb,45358.68333,-51.41367576,nb,shoulder,-1
S1C12,32.82694969,-83.73158785,s,7/28/2018,5,Saturday,11:58:42,incident_stopped,2018-07-28_11-58-42_incident_stopped_zone_nb-shoulder.jpg,nb,45358.7,-51.36261191,nb,shoulder,-1
N1C21,32.86981764,-83.75767111,n,7/28/2018,5,Saturday,11:59:19,incident_stopped,2018-07-28_11-59-19_incident_stopped_zone_nb-shoulder.jpg,nb,45359.31667,-34.7310666,nb,shoulder,-1
BIBB-CAM-018,32.79962746,-83.72080704,n,7/28/2018,5,Saturday,12:14:18,incident_stopped,2018-07-28_12-14-18_incident_stopped.jpg,nb,45374.3,-61.20075294,,,-1
N2C02,32.76990531,-83.71029631,n,7/28/2018,5,Saturday,12:21:24,incident_stopped,2018-07-28_12-21-24_incident_stopped_zone_nb-shoulder.jpg,nb,45381.4,-71.78891913,nb,shoulder,-1
N2C09,32.81772219,-83.72879532,n,7/28/2018,5,Saturday,12:46:11,incident_stopped,2018-07-28_12-46-11_incident_stopped_zone_nb-shoulder.jpg,nb,45406.18333,-54.56967025,nb,shoulder,-1
BIBB-CAM-021,32.81775622,-83.72926956,s,7/28/2018,5,Saturday,12:46:20,incident_stopped,2018-07-28_12-46-20_incident_stopped_zone_nb-shoulder.jpg,nb,45406.33333,-54.4973914,nb,shoulder,-1
N1C16,32.84577945,-83.73888874,n,7/28/2018,5,Saturday,12:59:50,incident_stopped,2018-07-28_12-59-50_incident_stopped_zone_near-shoulder.jpg,nb,45419.83333,-44.6283787,near,shoulder,-1
S1C21,32.86987654,-83.75830175,s,7/28/2018,5,Saturday,13:20:32,incident_stopped,2018-07-28_13-20-32_incident_stopped_zone_nb-shoulder.jpg,nb,45440.53333,-34.62822647,nb,shoulder,-1
S3C23,32.8774369,-83.7665846,s,7/28/2018,5,Saturday,13:27:26,incident_stopped,2018-07-28_13-27-26_incident_stopped_zone_nb-shoulder.jpg,nb,45447.43333,-31.21570867,nb,shoulder,-1
N2C03,32.78071485,-83.71530658,n,7/28/2018,5,Saturday,14:15:57,incident_stopped,2018-07-28_14-15-57_incident_stopped_zone_nb-shoulder.jpg,nb,45495.95,-67.78810628,nb,shoulder,-1
BIBB-CAM-012,32.77593588,-83.71230837,n,7/28/2018,5,Saturday,14:45:36,incident_stopped,2018-07-28_14-45-36_incident_stopped_zone_nb-shoulder.jpg,nb,45525.6,-69.65221113,nb,shoulder,-1
N2C33,32.92077604,-83.79943309,n,7/28/2018,5,Saturday,15:52:56,incident_stopped,2018-07-28_15-52-56_incident_stopped_zone_nb-shoulder.jpg,nb,45592.93333,-13.74452878,nb,shoulder,-1
BIBB-CAM-037,32.92513731,-83.80220611,s,7/28/2018,5,Saturday,16:15:45,incident_stopped,2018-07-28_16-15-45_incident_stopped_zone_nb-shoulder.jpg,nb,45615.75,-12.07189332,nb,shoulder,-1
N1C33,32.92077604,-83.79943309,n,7/28/2018,5,Saturday,16:34:01,incident_congestion,2018-07-28_16-34-01_incident_congestion_zone_nb-lanes.jpg,nb,45634.01667,-13.74452878,nb,lanes,-1
BIBB-CAM-027,32.85953942,-83.7465392,n,7/28/2018,5,Saturday,18:03:05,incident_stopped,2018-07-28_18-03-05_incident_stopped_zone_nb-shoulder.jpg,nb,45723.08333,-39.39570165,nb,shoulder,-1
N2C09,32.81772219,-83.72879532,n,7/28/2018,5,Saturday,18:31:31,incident_stopped,2018-07-28_18-31-31_incident_stopped_zone_nb-shoulder.jpg,nb,45751.51667,-54.56967025,nb,shoulder,-1
BIBB-CAM-018,32.79962746,-83.72080704,n,7/28/2018,5,Saturday,19:16:21,incident_congestion,2018-07-28_19-16-21_incident_congestion_zone_nb-lanes.jpg,nb,45796.35,-61.20075294,nb,lanes,-1
N2C01,32.76613511,-83.71030216,n,7/28/2018,5,Saturday,19:24:12,incident_stopped,2018-07-28_19-24-12_incident_stopped_zone_nb-shoulder.jpg,nb,45804.2,-72.97440738,nb,shoulder,-1
BIBB-CAM-030,32.86987654,-83.75830175,s,7/28/2018,5,Saturday,19:43:34,incident_stopped,2018-07-28_19-43-34_incident_stopped_zone_far-shoulder.jpg,nb,45823.56667,-34.62822647,far,shoulder,-1
S1C30,32.91200591,-83.79524157,s,7/28/2018,5,Saturday,19:53:23,incident_stopped,2018-07-28_19-53-23_incident_stopped_zone_nb-shoulder.jpg,nb,45833.38333,-17.00028257,nb,shoulder,-1
N1C21,32.86981764,-83.75767111,n,7/28/2018,5,Saturday,20:31:22,incident_stopped,2018-07-28_20-31-22_incident_stopped_zone_nb-shoulder.jpg,nb,45871.36667,-34.7310666,nb,shoulder,-1
BIBB-CAM-022,32.82254015,-83.73046915,s,7/28/2018,5,Saturday,20:38:41,incident_stopped,2018-07-28_20-38-41_incident_stopped_zone_nb-shoulder.jpg,nb,45878.68333,-52.86537408,nb,shoulder,-1
N2C33,32.92077604,-83.79943309,n,7/28/2018,5,Saturday,22:54:08,incident_stopped,2018-07-28_22-54-08_incident_stopped_zone_nb-shoulder.jpg,nb,46014.13333,-13.74452878,nb,shoulder,-1
BIBB-CAM-031,32.87958032,-83.76886573,s,7/29/2018,6,Sunday,2:17:15,incident_stopped,2018-07-29_02-17-15_incident_stopped_zone_nb-shoulder.jpg,nb,46217.25,-30.26227087,nb,shoulder,-1
S2C17,32.84950348,-83.74113514,s,7/29/2018,6,Sunday,6:10:48,incident_stopped,2018-07-29_06-10-48_incident_stopped_zone_nb-shoulder.jpg,nb,46450.8,-43.18705025,nb,shoulder,-1
S2C08,32.80622138,-83.72432815,s,7/29/2018,6,Sunday,6:26:30,incident_stopped,2018-07-29_06-26-30_incident_stopped_zone_nb-shoulder.jpg,nb,46466.5,-58.705165,nb,shoulder,-1
N1C20,32.86504559,-83.75232959,n,7/29/2018,6,Sunday,7:58:59,incident_stopped,2018-07-29_07-58-59_incident_stopped_zone_nb-shoulder.jpg,nb,46558.98333,-36.91653912,nb,shoulder,-1
N1C03,32.78071485,-83.71530658,n,7/29/2018,6,Sunday,8:13:33,incident_stopped,2018-07-29_08-13-33_incident_stopped_zone_nb-shoulder.jpg,nb,46573.55,-67.78810628,nb,shoulder,-1
S1C04,32.78488999,-83.71869237,s,7/29/2018,6,Sunday,8:13:34,incident_stopped,2018-07-29_08-13-34_incident_stopped_zone_nb-shoulder.jpg,nb,46573.56667,-66.06682308,nb,shoulder,-1
N2C33,32.92077604,-83.79943309,n,7/29/2018,6,Sunday,8:28:39,incident_stopped,2018-07-29_08-28-39_incident_stopped_zone_nb-shoulder.jpg,nb,46588.65,-13.74452878,nb,shoulder,-1
BIBB-CAM-018,32.79962746,-83.72080704,n,7/29/2018,6,Sunday,8:30:30,incident_stopped,2018-07-29_08-30-30_incident_stopped.jpg,nb,46590.5,-61.20075294,,,-1
S2C09,32.81017134,-83.72613824,s,7/29/2018,6,Sunday,9:27:38,incident_stopped,2018-07-29_09-27-38_incident_stopped_zone_nb-shoulder.jpg,nb,46647.63333,-57.24864799,nb,shoulder,-1
N2C01,32.76613511,-83.71030216,n,7/29/2018,6,Sunday,9:27:54,incident_stopped,2018-07-29_09-27-54_incident_stopped_zone_nb-shoulder.jpg,nb,46647.9,-72.97440738,nb,shoulder,-1
N1C26,32.88798194,-83.77607704,n,7/29/2018,6,Sunday,9:52:46,incident_stopped,2018-07-29_09-52-46_incident_stopped_zone_nb-shoulder.jpg,nb,46672.76667,-26.75233619,nb,shoulder,-1
BIBB-CAM-018,32.79962746,-83.72080704,n,7/29/2018,6,Sunday,9:58:46,incident_congestion,2018-07-29_09-58-46_incident_congestion_zone_nb-lanes.jpg,nb,46678.76667,-61.20075294,nb,lanes,-1
S1C21,32.86987654,-83.75830175,s,7/29/2018,6,Sunday,11:02:35,incident_stopped,2018-07-29_11-02-35_incident_stopped_zone_nb-shoulder.jpg,nb,46742.58333,-34.62822647,nb,shoulder,-1
N3C41,32.7558,-83.709193,n,7/29/2018,6,Sunday,11:06:29,incident_stopped,2018-07-29_11-06-29_incident_stopped_zone_nb-shoulder.jpg,nb,46746.48333,-76.37247586,nb,shoulder,-1
S2C09,32.81017134,-83.72613824,s,7/29/2018,6,Sunday,11:18:00,incident_stopped,2018-07-29_11-18-00_incident_stopped_zone_nb-shoulder.jpg,nb,46758,-57.24864799,nb,shoulder,-1
S1C15,32.84057153,-83.73697533,s,7/29/2018,6,Sunday,11:22:50,incident_stopped,2018-07-29_11-22-50_incident_stopped_zone_nb-shoulder.jpg,nb,46762.83333,-46.47309774,nb,shoulder,-1
N1C21,32.86981764,-83.75767111,n,7/29/2018,6,Sunday,11:23:33,incident_stopped,2018-07-29_11-23-33_incident_stopped_zone_nb-shoulder.jpg,nb,46763.55,-34.7310666,nb,shoulder,-1
BIBB-CAM-025,32.84057153,-83.73697533,s,7/29/2018,6,Sunday,11:41:14,incident_stopped,2018-07-29_11-41-14_incident_stopped_zone_nb-shoulder.jpg,nb,46781.23333,-46.47309774,nb,shoulder,-1
BIBB-CAM-028,32.86504559,-83.75232959,n,7/29/2018,6,Sunday,11:51:24,incident_stopped,2018-07-29_11-51-24_incident_stopped_zone_nb-shoulder.jpg,nb,46791.4,-36.91653912,nb,shoulder,-1
BIBB-CAM-030,32.86987654,-83.75830175,s,7/29/2018,6,Sunday,12:43:37,incident_stopped,2018-07-29_12-43-37_incident_stopped_zone_far-shoulder.jpg,nb,46843.61667,-34.62822647,far,shoulder,-1
N1C09,32.81772219,-83.72879532,n,7/29/2018,6,Sunday,13:01:26,incident_stopped,2018-07-29_13-01-26_incident_stopped_zone_nb-shoulder.jpg,nb,46861.43333,-54.56967025,nb,shoulder,-1
S1C21,32.86987654,-83.75830175,s,7/29/2018,6,Sunday,13:01:51,incident_stopped,2018-07-29_13-01-51_incident_stopped_zone_nb-shoulder.jpg,nb,46861.85,-34.62822647,nb,shoulder,-1
N1C07,32.80647151,-83.72379194,n,7/29/2018,6,Sunday,13:18:04,incident_stopped,2018-07-29_13-18-04_incident_stopped_zone_ramp-shoulder.jpg,nb,46878.06667,-58.69634095,ramp,shoulder,-1
BIBB-CAM-026,32.84958885,-83.74065988,n,7/29/2018,6,Sunday,13:40:28,incident_stopped,2018-07-29_13-40-28_incident_stopped_zone_nb-shoulder.jpg,nb,46900.46667,-43.22840936,nb,shoulder,-1
N2C01,32.76613511,-83.71030216,n,7/29/2018,6,Sunday,13:43:17,incident_stopped,2018-07-29_13-43-17_incident_stopped_zone_nb-shoulder.jpg,nb,46903.28333,-72.97440738,nb,shoulder,-1
BIBB-CAM-018,32.79962746,-83.72080704,n,7/29/2018,6,Sunday,14:01:52,incident_congestion,2018-07-29_14-01-52_incident_congestion_zone_nb-lanes.jpg,nb,46921.86667,-61.20075294,nb,lanes,-1
N2C03,32.78071485,-83.71530658,n,7/29/2018,6,Sunday,14:08:44,incident_stopped,2018-07-29_14-08-44_incident_stopped_zone_nb-shoulder.jpg,nb,46928.73333,-67.78810628,nb,shoulder,-1
S3C03,32.78046082,-83.71590778,s,7/29/2018,6,Sunday,14:08:48,incident_stopped,2018-07-29_14-08-48_incident_stopped_zone_nb-shoulder.jpg,nb,46928.8,-67.79477411,nb,shoulder,-1
N2C33,32.92077604,-83.79943309,n,7/29/2018,6,Sunday,14:24:20,incident_stopped,2018-07-29_14-24-20_incident_stopped_zone_nb-shoulder.jpg,nb,46944.33333,-13.74452878,nb,shoulder,-1
S2C24,32.87958032,-83.76886573,s,7/29/2018,6,Sunday,14:32:59,incident_stopped,2018-07-29_14-32-59_incident_stopped_zone_nb-lanes.jpg,nb,46952.98333,-30.26227087,nb,lanes,-1
S1C30,32.91200591,-83.79524157,s,7/29/2018,6,Sunday,15:05:11,incident_stopped,2018-07-29_15-05-11_incident_stopped_zone_nb-lanes.jpg,nb,46985.18333,-17.00028257,nb,lanes,-1
N1C33,32.92077604,-83.79943309,n,7/29/2018,6,Sunday,15:35:11,incident_stopped,2018-07-29_15-35-11_incident_stopped_zone_nb-shoulder.jpg,nb,47015.18333,-13.74452878,nb,shoulder,-1
S2C17,32.84950348,-83.74113514,s,7/29/2018,6,Sunday,16:16:49,incident_stopped,2018-07-29_16-16-49_incident_stopped_zone_nb-shoulder.jpg,nb,47056.81667,-43.18705025,nb,shoulder,-1
N1C09,32.81772219,-83.72879532,n,7/29/2018,6,Sunday,16:18:09,incident_stopped,2018-07-29_16-18-09_incident_stopped_zone_nb-shoulder.jpg,nb,47058.15,-54.56967025,nb,shoulder,-1
N1C07,32.80647151,-83.72379194,n,7/29/2018,6,Sunday,18:01:52,incident_stopped,2018-07-29_18-01-52_incident_stopped_zone_ramp-shoulder.jpg,nb,47161.86667,-58.69634095,ramp,shoulder,-1
N3C02,32.76990531,-83.71029631,n,7/29/2018,6,Sunday,18:08:08,incident_stopped,2018-07-29_18-08-08_incident_stopped_zone_nb-shoulder.jpg,nb,47168.13333,-71.78891913,nb,shoulder,-1
N1C25,32.88361771,-83.77234944,n,7/29/2018,6,Sunday,18:11:13,incident_stopped,2018-07-29_18-11-13_incident_stopped_zone_ramp-shoulder.jpg,nb,47171.21667,-28.57124979,ramp,shoulder,-1
BIBB-CAM-018,32.79962746,-83.72080704,n,7/29/2018,6,Sunday,18:27:43,incident_congestion,2018-07-29_18-27-43_incident_congestion_zone_nb-lanes.jpg,nb,47187.71667,-61.20075294,nb,lanes,-1
BIBB-CAM-022,32.82254015,-83.73046915,s,7/29/2018,6,Sunday,18:58:09,incident_stopped,2018-07-29_18-58-09_incident_stopped_zone_nb-shoulder.jpg,nb,47218.15,-52.86537408,nb,shoulder,-1
N1C14,32.83648848,-83.73452853,n,7/29/2018,6,Sunday,19:02:13,incident_stopped,2018-07-29_19-02-13_incident_stopped_zone_ramp-shoulder.jpg,nb,47222.21667,-48.05166032,ramp,shoulder,-1
N1C21,32.86981764,-83.75767111,n,7/29/2018,6,Sunday,19:44:27,incident_stopped,2018-07-29_19-44-27_incident_stopped_zone_nb-shoulder.jpg,nb,47264.45,-34.7310666,nb,shoulder,-1
S1C30,32.91200591,-83.79524157,s,7/29/2018,6,Sunday,22:16:14,incident_stopped,2018-07-29_22-16-14_incident_stopped_zone_nb-shoulder.jpg,nb,47416.23333,-17.00028257,nb,shoulder,-1
S1C21,32.86987654,-83.75830175,s,7/30/2018,0,Monday,0:43:37,incident_stopped,2018-07-30_00-43-37_incident_stopped_zone_nb-shoulder.jpg,nb,47563.61667,-34.62822647,nb,shoulder,-1
N2C14,32.83648848,-83.73452853,n,7/30/2018,0,Monday,0:47:18,incident_stopped,2018-07-30_00-47-18_incident_stopped_zone_nb-shoulder.jpg,nb,47567.3,-48.05166032,nb,shoulder,-1
S2C14,32.83620205,-83.73500536,s,7/30/2018,0,Monday,0:47:22,incident_stopped,2018-07-30_00-47-22_incident_stopped_zone_far-shoulder.jpg,nb,47567.36667,-48.07309629,far,shoulder,-1
N1C14,32.83648848,-83.73452853,n,7/30/2018,0,Monday,0:47:23,incident_stopped,2018-07-30_00-47-23_incident_stopped_zone_ramp-shoulder.jpg,nb,47567.38333,-48.05166032,ramp,shoulder,-1
S2C09,32.81017134,-83.72613824,s,7/30/2018,0,Monday,0:49:48,incident_stopped,2018-07-30_00-49-48_incident_stopped_zone_nb-shoulder.jpg,nb,47569.8,-57.24864799,nb,shoulder,-1
N3C38,32.94876151,-83.81228301,n,7/30/2018,0,Monday,1:45:55,incident_stopped,2018-07-30_01-45-55_incident_stopped_zone_nb-shoulder.jpg,nb,47625.91667,-3.479229064,nb,shoulder,-1
N1C01,32.76613511,-83.71030216,n,7/30/2018,0,Monday,2:38:33,incident_stopped,2018-07-30_02-38-33_incident_stopped_zone_nb-shoulder.jpg,nb,47678.55,-72.97440738,nb,shoulder,-1
N2C01,32.76613511,-83.71030216,n,7/30/2018,0,Monday,2:38:34,incident_stopped,2018-07-30_02-38-34_incident_stopped_zone_nb-shoulder.jpg,nb,47678.56667,-72.97440738,nb,shoulder,-1
BIBB-CAM-018,32.79962746,-83.72080704,n,7/30/2018,0,Monday,7:53:06,incident_stopped,2018-07-30_07-53-06_incident_stopped.jpg,nb,47993.1,-61.20075294,,,-1
N1C09,32.81772219,-83.72879532,n,7/30/2018,0,Monday,8:37:09,incident_stopped,2018-07-30_08-37-09_incident_stopped_zone_nb-shoulder.jpg,nb,48037.15,-54.56967025,nb,shoulder,-1
BIBB-CAM-018,32.79962746,-83.72080704,n,7/30/2018,0,Monday,8:48:28,incident_congestion,2018-07-30_08-48-28_incident_congestion_zone_nb-lanes.jpg,nb,48048.46667,-61.20075294,nb,lanes,-1
S1C30,32.91200591,-83.79524157,s,7/30/2018,0,Monday,8:48:29,incident_stopped,2018-07-30_08-48-29_incident_stopped_zone_nb-shoulder.jpg,nb,48048.48333,-17.00028257,nb,shoulder,-1
S1C21,32.86987654,-83.75830175,s,7/30/2018,0,Monday,8:59:46,incident_stopped,2018-07-30_08-59-46_incident_stopped_zone_nb-shoulder.jpg,nb,48059.76667,-34.62822647,nb,shoulder,-1
S1C15,32.84057153,-83.73697533,s,7/30/2018,0,Monday,9:07:23,incident_stopped,2018-07-30_09-07-23_incident_stopped_zone_nb-shoulder.jpg,nb,48067.38333,-46.47309774,nb,shoulder,-1
BIBB-CAM-025,32.84057153,-83.73697533,s,7/30/2018,0,Monday,9:07:24,incident_stopped,2018-07-30_09-07-24_incident_stopped_zone_nb-shoulder.jpg,nb,48067.4,-46.47309774,nb,shoulder,-1
N2C03,32.78071485,-83.71530658,n,7/30/2018,0,Monday,9:10:50,incident_stopped,2018-07-30_09-10-50_incident_stopped_zone_nb-shoulder.jpg,nb,48070.83333,-67.78810628,nb,shoulder,-1
BIBB-CAM-014,32.7850913,-83.71806273,n,7/30/2018,0,Monday,9:11:14,incident_stopped,2018-07-30_09-11-14_incident_stopped_zone_nb-shoulder.jpg,nb,48071.23333,-66.07987571,nb,shoulder,-1
N2C17,32.84958885,-83.74065988,n,7/30/2018,0,Monday,9:15:42,incident_stopped,2018-07-30_09-15-42_incident_stopped_zone_nb-shoulder.jpg,nb,48075.7,-43.22840936,nb,shoulder,-1
N2C08,32.81331958,-83.72706597,n,7/30/2018,0,Monday,9:52:40,incident_stopped,2018-07-30_09-52-40_incident_stopped_zone_nb-shoulder.jpg,nb,48112.66667,-56.15448649,nb,shoulder,-1
S2C09,32.81017134,-83.72613824,s,7/30/2018,0,Monday,10:00:09,incident_stopped,2018-07-30_10-00-09_incident_stopped_zone_nb-shoulder.jpg,nb,48120.15,-57.24864799,nb,shoulder,-1
N2C14,32.83648848,-83.73452853,n,7/30/2018,0,Monday,11:19:59,incident_stopped,2018-07-30_11-19-59_incident_stopped_zone_nb-shoulder.jpg,nb,48199.98333,-48.05166032,nb,shoulder,-1
N2C01,32.76613511,-83.71030216,n,7/30/2018,0,Monday,12:02:01,incident_stopped,2018-07-30_12-02-01_incident_stopped_zone_nb-shoulder.jpg,nb,48242.01667,-72.97440738,nb,shoulder,-1
S1C09,32.81017134,-83.72613824,s,7/30/2018,0,Monday,12:13:49,incident_stopped,2018-07-30_12-13-49_incident_stopped_zone_nb-shoulder.jpg,nb,48253.81667,-57.24864799,nb,shoulder,-1
BIBB-CAM-018,32.79962746,-83.72080704,n,7/30/2018,0,Monday,12:15:08,incident_congestion,2018-07-30_12-15-08_incident_congestion_zone_nb-lanes.jpg,nb,48255.13333,-61.20075294,nb,lanes,-1
BIBB-CAM-014,32.7850913,-83.71806273,n,7/30/2018,0,Monday,12:25:29,incident_stopped,2018-07-30_12-25-29_incident_stopped_zone_nb-shoulder.jpg,nb,48265.48333,-66.07987571,nb,shoulder,-1
S1C32,32.92026721,-83.79963273,s,7/30/2018,0,Monday,12:36:18,incident_stopped,2018-07-30_12-36-18_incident_stopped_zone_nb-shoulder.jpg,nb,48276.3,-13.89579256,nb,shoulder,-1
N1C04,32.7850913,-83.71806273,n,7/30/2018,0,Monday,12:53:47,incident_congestion,2018-07-30_12-53-47_incident_congestion_zone_nb-lanes.jpg,nb,48293.78333,-66.07987571,nb,lanes,-1
S2C23,32.8774369,-83.7665846,s,7/30/2018,0,Monday,13:10:02,incident_stopped,2018-07-30_13-10-02_incident_stopped_zone_far-shoulder.jpg,nb,48310.03333,-31.21570867,far,shoulder,-1
N1C21,32.86981764,-83.75767111,n,7/30/2018,0,Monday,13:31:59,incident_stopped,2018-07-30_13-31-59_incident_stopped_zone_nb-shoulder.jpg,nb,48331.98333,-34.7310666,nb,shoulder,-1
S1C21,32.86987654,-83.75830175,s,7/30/2018,0,Monday,13:33:07,incident_stopped,2018-07-30_13-33-07_incident_stopped_zone_nb-shoulder.jpg,nb,48333.11667,-34.62822647,nb,shoulder,-1
BIBB-CAM-018,32.79962746,-83.72080704,n,7/30/2018,0,Monday,13:33:23,incident_congestion,2018-07-30_13-33-23_incident_congestion_zone_nb-lanes.jpg,nb,48333.38333,-61.20075294,nb,lanes,-1
N2C32,32.91549987,-83.79665373,n,7/30/2018,0,Monday,13:59:35,incident_stopped,2018-07-30_13-59-35_incident_stopped_zone_nb-shoulder.jpg,nb,48359.58333,-15.72572861,nb,shoulder,-1
N2C01,32.76613511,-83.71030216,n,7/30/2018,0,Monday,14:11:34,incident_stopped,2018-07-30_14-11-34_incident_stopped_zone_nb-shoulder.jpg,nb,48371.56667,-72.97440738,nb,shoulder,-1
S1C30,32.91200591,-83.79524157,s,7/30/2018,0,Monday,14:54:18,incident_stopped,2018-07-30_14-54-18_incident_stopped_zone_nb-shoulder.jpg,nb,48414.3,-17.00028257,nb,shoulder,-1
S2C24,32.87958032,-83.76886573,s,7/30/2018,0,Monday,15:17:33,incident_stopped,2018-07-30_15-17-33_incident_stopped_zone_nb-shoulder.jpg,nb,48437.55,-30.26227087,nb,shoulder,-1
BIBB-CAM-018,32.79962746,-83.72080704,n,7/30/2018,0,Monday,15:17:55,incident_congestion,2018-07-30_15-17-55_incident_congestion_zone_nb-lanes.jpg,nb,48437.91667,-61.20075294,nb,lanes,-1
N2C42,32.759892,-83.709757,n,7/30/2018,0,Monday,16:20:20,incident_stopped,2018-07-30_16-20-20_incident_stopped_zone_nb-shoulder.jpg,nb,48500.33333,-75.01044884,nb,shoulder,-1
N1C01,32.76613511,-83.71030216,n,7/30/2018,0,Monday,16:26:02,incident_stopped,2018-07-30_16-26-02_incident_stopped_zone_nb-shoulder.jpg,nb,48506.03333,-72.97440738,nb,shoulder,-1
N2C01,32.76613511,-83.71030216,n,7/30/2018,0,Monday,16:26:03,incident_stopped,2018-07-30_16-26-03_incident_stopped_zone_nb-shoulder.jpg,nb,48506.05,-72.97440738,nb,shoulder,-1
S1C20,32.86504559,-83.75232959,s,7/30/2018,0,Monday,16:26:31,incident_stopped,2018-07-30_16-26-31_incident_stopped_zone_far-lanes.jpg,nb,48506.51667,-36.91653912,far,lanes,-1
S1C20,32.86504559,-83.75232959,s,7/30/2018,0,Monday,16:26:32,incident_slow,2018-07-30_16-26-32_incident_slow_zone_far-lanes.jpg,nb,48506.53333,-36.91653912,far,lanes,-1
N2C03,32.78071485,-83.71530658,n,7/30/2018,0,Monday,17:06:37,incident_stopped,2018-07-30_17-06-37_incident_stopped_zone_nb-shoulder.jpg,nb,48546.61667,-67.78810628,nb,shoulder,-1
BIBB-CAM-030,32.86987654,-83.75830175,s,7/30/2018,0,Monday,17:15:02,incident_stopped,2018-07-30_17-15-02_incident_stopped_zone_far-shoulder.jpg,nb,48555.03333,-34.62822647,far,shoulder,-1
BIBB-CAM-018,32.79962746,-83.72080704,n,7/30/2018,0,Monday,17:21:56,incident_congestion,2018-07-30_17-21-56_incident_congestion_zone_nb-lanes.jpg,nb,48561.93333,-61.20075294,nb,lanes,-1
BIBB-CAM-013,32.77567367,-83.7128245,s,7/30/2018,0,Monday,17:56:30,incident_stopped,2018-07-30_17-56-30_incident_stopped_zone_nb-shoulder.jpg,nb,48596.5,-69.6715058,nb,shoulder,-1
S1C20,32.86504559,-83.75232959,s,7/30/2018,0,Monday,18:08:33,incident_slow,2018-07-30_18-08-33_incident_slow_zone_far-lanes.jpg,nb,48608.55,-36.91653912,far,lanes,-1
BIBB-CAM-036,32.91536047,-83.79703412,s,7/30/2018,0,Monday,18:18:42,incident_stopped,2018-07-30_18-18-42_incident_stopped_zone_far-shoulder.jpg,nb,48618.7,-15.73785658,far,shoulder,-1
N1C17,32.84958885,-83.74065988,n,7/30/2018,0,Monday,18:22:13,incident_stopped,2018-07-30_18-22-13_incident_stopped_zone_nb-shoulder.jpg,nb,48622.21667,-43.22840936,nb,shoulder,-1
N2C17,32.84958885,-83.74065988,n,7/30/2018,0,Monday,18:23:40,incident_stopped,2018-07-30_18-23-40_incident_stopped_zone_nb-shoulder.jpg,nb,48623.66667,-43.22840936,nb,shoulder,-1
N2C01,32.76613511,-83.71030216,n,7/30/2018,0,Monday,18:33:28,incident_stopped,2018-07-30_18-33-28_incident_stopped_zone_nb-shoulder.jpg,nb,48633.46667,-72.97440738,nb,shoulder,-1
N1C01,32.76613511,-83.71030216,n,7/30/2018,0,Monday,18:45:00,incident_stopped,2018-07-30_18-45-00_incident_stopped_zone_nb-shoulder.jpg,nb,48645,-72.97440738,nb,shoulder,-1
BIBB-CAM-012,32.77593588,-83.71230837,n,7/30/2018,0,Monday,18:53:03,incident_stopped,2018-07-30_18-53-03_incident_stopped_zone_nb-shoulder.jpg,nb,48653.05,-69.65221113,nb,shoulder,-1
BIBB-CAM-018,32.79962746,-83.72080704,n,7/30/2018,0,Monday,19:10:56,incident_congestion,2018-07-30_19-10-56_incident_congestion_zone_nb-lanes.jpg,nb,48670.93333,-61.20075294,nb,lanes,-1
N1C42,32.759892,-83.709757,n,7/30/2018,0,Monday,19:31:11,incident_stopped,2018-07-30_19-31-11_incident_stopped_zone_nb-shoulder.jpg,nb,48691.18333,-75.01044884,nb,shoulder,-1
S1C20,32.86504559,-83.75232959,s,7/30/2018,0,Monday,19:34:33,incident_slow,2018-07-30_19-34-33_incident_slow_zone_far-lanes.jpg,nb,48694.55,-36.91653912,far,lanes,-1
N1C09,32.81772219,-83.72879532,n,7/30/2018,0,Monday,19:42:45,incident_stopped,2018-07-30_19-42-45_incident_stopped_zone_nb-shoulder.jpg,nb,48702.75,-54.56967025,nb,shoulder,-1
N3C01,32.76613511,-83.71030216,n,7/30/2018,0,Monday,20:06:24,incident_stopped,2018-07-30_20-06-24_incident_stopped_zone_nb-lanes.jpg,nb,48726.4,-72.97440738,nb,lanes,-1
N2C03,32.78071485,-83.71530658,n,7/30/2018,0,Monday,20:14:17,incident_stopped,2018-07-30_20-14-17_incident_stopped_zone_nb-shoulder.jpg,nb,48734.28333,-67.78810628,nb,shoulder,-1
BIBB-CAM-009,32.76613511,-83.71030216,n,7/30/2018,0,Monday,20:25:31,incident_stopped,2018-07-30_20-25-31_incident_stopped.jpg,nb,48745.51667,-72.97440738,,,-1
N1C01,32.76613511,-83.71030216,n,7/30/2018,0,Monday,20:26:36,incident_stopped,2018-07-30_20-26-36_incident_stopped_zone_nb-shoulder.jpg,nb,48746.6,-72.97440738,nb,shoulder,-1
BIBB-CAM-025,32.84057153,-83.73697533,s,7/30/2018,0,Monday,20:30:27,incident_stopped,2018-07-30_20-30-27_incident_stopped_zone_nb-shoulder.jpg,nb,48750.45,-46.47309774,nb,shoulder,-1
N3C01,32.76613511,-83.71030216,n,7/30/2018,0,Monday,20:30:53,incident_congestion,2018-07-30_20-30-53_incident_congestion_zone_nb-lanes.jpg,nb,48750.88333,-72.97440738,nb,lanes,-1
N1C01,32.76613511,-83.71030216,n,7/30/2018,0,Monday,20:32:36,incident_congestion,2018-07-30_20-32-36_incident_congestion_zone_nb-lanes.jpg,nb,48752.6,-72.97440738,nb,lanes,-1
N1C02,32.76990531,-83.71029631,n,7/30/2018,0,Monday,20:34:17,incident_stopped,2018-07-30_20-34-17_incident_stopped_zone_nb-shoulder.jpg,nb,48754.28333,-71.78891913,nb,shoulder,-1
S1C02,32.77015102,-83.71101814,s,7/30/2018,0,Monday,20:34:36,incident_stopped,2018-07-30_20-34-36_incident_stopped_zone_nb-shoulder.jpg,nb,48754.6,-71.62458863,nb,shoulder,-1
N2C01,32.76613511,-83.71030216,n,7/30/2018,0,Monday,20:35:33,incident_slow,2018-07-30_20-35-33_incident_slow_zone_nb-lanes.jpg,nb,48755.55,-72.97440738,nb,lanes,-1
N2C01,32.76613511,-83.71030216,n,7/30/2018,0,Monday,20:36:03,incident_stopped,2018-07-30_20-36-03_incident_stopped_zone_nb-lanes.jpg,nb,48756.05,-72.97440738,nb,lanes,-1
S1C15,32.84057153,-83.73697533,s,7/30/2018,0,Monday,20:39:23,incident_stopped,2018-07-30_20-39-23_incident_stopped_zone_nb-shoulder.jpg,nb,48759.38333,-46.47309774,nb,shoulder,-1
S2C09,32.81017134,-83.72613824,s,7/30/2018,0,Monday,20:40:44,incident_stopped,2018-07-30_20-40-44_incident_stopped_zone_nb-shoulder.jpg,nb,48760.73333,-57.24864799,nb,shoulder,-1
N3C07,32.80647151,-83.72379194,n,7/30/2018,0,Monday,20:46:45,incident_stopped,2018-07-30_20-46-45_incident_stopped_zone_near-shoulder.jpg,nb,48766.75,-58.69634095,near,shoulder,-1
S2C08,32.80622138,-83.72432815,s,7/30/2018,0,Monday,20:52:57,incident_stopped,2018-07-30_20-52-57_incident_stopped_zone_nb-shoulder.jpg,nb,48772.95,-58.705165,nb,shoulder,-1
N2C09,32.81772219,-83.72879532,n,7/30/2018,0,Monday,21:09:00,incident_stopped,2018-07-30_21-09-00_incident_stopped_zone_nb-shoulder.jpg,nb,48789,-54.56967025,nb,shoulder,-1
N2C02,32.76990531,-83.71029631,n,7/30/2018,0,Monday,21:46:38,incident_stopped,2018-07-30_21-46-38_incident_stopped_zone_nb-lanes.jpg,nb,48826.63333,-71.78891913,nb,lanes,-1
N3C01,32.76613511,-83.71030216,n,7/30/2018,0,Monday,21:50:46,incident_stopped,2018-07-30_21-50-46_incident_stopped_zone_nb-lanes.jpg,nb,48830.76667,-72.97440738,nb,lanes,-1
N2C01,32.76613511,-83.71030216,n,7/30/2018,0,Monday,22:28:33,incident_stopped,2018-07-30_22-28-33_incident_stopped_zone_nb-lanes.jpg,nb,48868.55,-72.97440738,nb,lanes,-1
N1C21,32.86981764,-83.75767111,n,7/30/2018,0,Monday,22:29:04,incident_stopped,2018-07-30_22-29-04_incident_stopped_zone_nb-shoulder.jpg,nb,48869.06667,-34.7310666,nb,shoulder,-1
BIBB-CAM-012,32.77593588,-83.71230837,n,7/30/2018,0,Monday,22:30:28,incident_stopped,2018-07-30_22-30-28_incident_stopped_zone_nb-shoulder.jpg,nb,48870.46667,-69.65221113,nb,shoulder,-1
BIBB-CAM-020,32.81017134,-83.72613824,s,7/30/2018,0,Monday,22:48:33,incident_stopped,2018-07-30_22-48-33_incident_stopped_zone_far-shoulder.jpg,nb,48888.55,-57.24864799,far,shoulder,-1
N2C03,32.78071485,-83.71530658,n,7/30/2018,0,Monday,22:59:57,incident_stopped,2018-07-30_22-59-57_incident_stopped_zone_nb-shoulder.jpg,nb,48899.95,-67.78810628,nb,shoulder,-1
N1C25,32.88361771,-83.77234944,n,7/30/2018,0,Monday,23:39:52,incident_stopped,2018-07-30_23-39-52_incident_stopped_zone_ramp-shoulder.jpg,nb,48939.86667,-28.57124979,ramp,shoulder,-1
BIBB-CAM-012,32.77593588,-83.71230837,n,7/31/2018,1,Tuesday,0:01:54,incident_stopped,2018-07-31_00-01-54_incident_stopped_zone_nb-lanes.jpg,nb,48961.9,-69.65221113,nb,lanes,-1
N3C02,32.76990531,-83.71029631,n,7/31/2018,1,Tuesday,0:05:37,incident_stopped,2018-07-31_00-05-37_incident_stopped_zone_nb-lanes.jpg,nb,48965.61667,-71.78891913,nb,lanes,-1
N2C02,32.76990531,-83.71029631,n,7/31/2018,1,Tuesday,0:05:43,incident_stopped,2018-07-31_00-05-43_incident_stopped_zone_nb-lanes.jpg,nb,48965.71667,-71.78891913,nb,lanes,-1
N1C08,32.81331958,-83.72706597,n,7/31/2018,1,Tuesday,0:31:05,incident_stopped,2018-07-31_00-31-05_incident_stopped_zone_ramp-lanes.jpg,nb,48991.08333,-56.15448649,ramp,lanes,-1
S1C09,32.81017134,-83.72613824,s,7/31/2018,1,Tuesday,0:35:03,incident_stopped,2018-07-31_00-35-03_incident_stopped_zone_nb-shoulder.jpg,nb,48995.05,-57.24864799,nb,shoulder,-1
N2C09,32.81772219,-83.72879532,n,7/31/2018,1,Tuesday,0:52:12,incident_stopped,2018-07-31_00-52-12_incident_stopped_zone_nb-shoulder.jpg,nb,49012.2,-54.56967025,nb,shoulder,-1
N1C01,32.76613511,-83.71030216,n,7/31/2018,1,Tuesday,0:59:09,incident_stopped,2018-07-31_00-59-09_incident_stopped_zone_nb-shoulder.jpg,nb,49019.15,-72.97440738,nb,shoulder,-1
N2C03,32.78071485,-83.71530658,n,7/31/2018,1,Tuesday,1:21:18,incident_stopped,2018-07-31_01-21-18_incident_stopped_zone_nb-shoulder.jpg,nb,49041.3,-67.78810628,nb,shoulder,-1
BIBB-CAM-020,32.81017134,-83.72613824,s,7/31/2018,1,Tuesday,1:29:59,incident_stopped,2018-07-31_01-29-59_incident_stopped_zone_far-lanes.jpg,nb,49049.98333,-57.24864799,far,lanes,-1
N2C08,32.81331958,-83.72706597,n,7/31/2018,1,Tuesday,1:32:29,incident_stopped,2018-07-31_01-32-29_incident_stopped_zone_nb-shoulder.jpg,nb,49052.48333,-56.15448649,nb,shoulder,-1
BIBB-CAM-012,32.77593588,-83.71230837,n,7/31/2018,1,Tuesday,1:47:23,incident_stopped,2018-07-31_01-47-23_incident_stopped_zone_nb-shoulder.jpg,nb,49067.38333,-69.65221113,nb,shoulder,-1
S3C03,32.78046082,-83.71590778,s,7/31/2018,1,Tuesday,1:47:57,incident_stopped,2018-07-31_01-47-57_incident_stopped_zone_nb-shoulder.jpg,nb,49067.95,-67.79477411,nb,shoulder,-1
BIBB-CAM-030,32.86987654,-83.75830175,s,7/31/2018,1,Tuesday,1:55:15,incident_stopped,2018-07-31_01-55-15_incident_stopped_zone_far-shoulder.jpg,nb,49075.25,-34.62822647,far,shoulder,-1
N2C22,32.87317142,-83.76128066,n,7/31/2018,1,Tuesday,1:55:16,incident_stopped,2018-07-31_01-55-16_incident_stopped_zone_nb-shoulder.jpg,nb,49075.26667,-33.22037987,nb,shoulder,-1
N1C08,32.81331958,-83.72706597,n,7/31/2018,1,Tuesday,2:10:54,incident_stopped,2018-07-31_02-10-54_incident_stopped_zone_ramp-shoulder.jpg,nb,49090.9,-56.15448649,ramp,shoulder,-1
BIBB-CAM-018,32.79962746,-83.72080704,n,7/31/2018,1,Tuesday,2:28:06,incident_stopped,2018-07-31_02-28-06_incident_stopped.jpg,nb,49108.1,-61.20075294,,,-1
N2C09,32.81772219,-83.72879532,n,7/31/2018,1,Tuesday,2:30:28,incident_stopped,2018-07-31_02-30-28_incident_stopped_zone_nb-shoulder.jpg,nb,49110.46667,-54.56967025,nb,shoulder,-1
N1C14,32.83648848,-83.73452853,n,7/31/2018,1,Tuesday,2:41:04,incident_stopped,2018-07-31_02-41-04_incident_stopped_zone_ramp-shoulder.jpg,nb,49121.06667,-48.05166032,ramp,shoulder,-1
S1C09,32.81017134,-83.72613824,s,7/31/2018,1,Tuesday,2:47:08,incident_stopped,2018-07-31_02-47-08_incident_stopped_zone_nb-shoulder.jpg,nb,49127.13333,-57.24864799,nb,shoulder,-1
N2C11,32.82699902,-83.73109564,n,7/31/2018,1,Tuesday,3:12:52,incident_stopped,2018-07-31_03-12-52_incident_stopped_zone_near-shoulder.jpg,nb,49152.86667,-51.41367576,near,shoulder,-1
N1C11,32.82699902,-83.73109564,n,7/31/2018,1,Tuesday,3:12:54,incident_stopped,2018-07-31_03-12-54_incident_stopped_zone_nb-shoulder.jpg,nb,49152.9,-51.41367576,nb,shoulder,-1
S1C12,32.82694969,-83.73158785,s,7/31/2018,1,Tuesday,3:42:15,incident_stopped,2018-07-31_03-42-15_incident_stopped_zone_nb-shoulder.jpg,nb,49182.25,-51.36261191,nb,shoulder,-1
N2C09,32.81772219,-83.72879532,n,7/31/2018,1,Tuesday,4:01:26,incident_stopped,2018-07-31_04-01-26_incident_stopped_zone_nb-shoulder.jpg,nb,49201.43333,-54.56967025,nb,shoulder,-1
S2C09,32.81017134,-83.72613824,s,7/31/2018,1,Tuesday,4:01:42,incident_stopped,2018-07-31_04-01-42_incident_stopped_zone_nb-shoulder.jpg,nb,49201.7,-57.24864799,nb,shoulder,-1
N1C06,32.79465366,-83.72010538,n,7/31/2018,1,Tuesday,4:45:05,incident_stopped,2018-07-31_04-45-05_incident_stopped_zone_nb-shoulder.jpg,nb,49245.08333,-62.83684554,nb,shoulder,-1
N1C11,32.82699902,-83.73109564,n,7/31/2018,1,Tuesday,6:26:50,incident_stopped,2018-07-31_06-26-50_incident_stopped_zone_nb-shoulder.jpg,nb,49346.83333,-51.41367576,nb,shoulder,-1
N1C21,32.86981764,-83.75767111,n,7/31/2018,1,Tuesday,6:44:30,incident_stopped,2018-07-31_06-44-30_incident_stopped_zone_nb-shoulder.jpg,nb,49364.5,-34.7310666,nb,shoulder,-1
BIBB-CAM-028,32.86504559,-83.75232959,n,7/31/2018,1,Tuesday,6:50:51,incident_stopped,2018-07-31_06-50-51_incident_stopped_zone_nb-shoulder.jpg,nb,49370.85,-36.91653912,nb,shoulder,-1
S1C21,32.86987654,-83.75830175,s,7/31/2018,1,Tuesday,7:29:48,incident_stopped,2018-07-31_07-29-48_incident_stopped_zone_nb-shoulder.jpg,nb,49409.8,-34.62822647,nb,shoulder,-1
BIBB-CAM-030,32.86987654,-83.75830175,s,7/31/2018,1,Tuesday,7:36:34,incident_stopped,2018-07-31_07-36-34_incident_stopped_zone_far-shoulder.jpg,nb,49416.56667,-34.62822647,far,shoulder,-1
N2C03,32.78071485,-83.71530658,n,7/31/2018,1,Tuesday,7:46:21,incident_stopped,2018-07-31_07-46-21_incident_stopped_zone_nb-shoulder.jpg,nb,49426.35,-67.78810628,nb,shoulder,-1
S1C30,32.91200591,-83.79524157,s,7/31/2018,1,Tuesday,7:56:31,incident_stopped,2018-07-31_07-56-31_incident_stopped_zone_nb-shoulder.jpg,nb,49436.51667,-17.00028257,nb,shoulder,-1
BIBB-CAM-018,32.79962746,-83.72080704,n,7/31/2018,1,Tuesday,8:31:15,incident_congestion,2018-07-31_08-31-15_incident_congestion_zone_nb-lanes.jpg,nb,49471.25,-61.20075294,nb,lanes,-1
BIBB-CAM-027,32.85953942,-83.7465392,n,7/31/2018,1,Tuesday,9:18:50,incident_stopped,2018-07-31_09-18-50_incident_stopped_zone_nb-shoulder.jpg,nb,49518.83333,-39.39570165,nb,shoulder,-1
S2C19,32.85919079,-83.74676747,s,7/31/2018,1,Tuesday,9:19:00,incident_stopped,2018-07-31_09-19-00_incident_stopped_zone_nb-shoulder.jpg,nb,49519,-39.46810985,nb,shoulder,-1
S1C20,32.86504559,-83.75232959,s,7/31/2018,1,Tuesday,9:19:14,incident_stopped,2018-07-31_09-19-14_incident_stopped_zone_far-lanes.jpg,nb,49519.23333,-36.91653912,far,lanes,-1
S2C09,32.81017134,-83.72613824,s,7/31/2018,1,Tuesday,9:22:51,incident_stopped,2018-07-31_09-22-51_incident_stopped_zone_nb-shoulder.jpg,nb,49522.85,-57.24864799,nb,shoulder,-1
BIBB-CAM-018,32.79962746,-83.72080704,n,7/31/2018,1,Tuesday,9:39:33,incident_congestion,2018-07-31_09-39-33_incident_congestion_zone_nb-lanes.jpg,nb,49539.55,-61.20075294,nb,lanes,-1
BIBB-CAM-028,32.86504559,-83.75232959,n,7/31/2018,1,Tuesday,10:00:18,incident_stopped,2018-07-31_10-00-18_incident_stopped_zone_nb-shoulder.jpg,nb,49560.3,-36.91653912,nb,shoulder,-1
N1C21,32.86981764,-83.75767111,n,7/31/2018,1,Tuesday,10:03:47,incident_stopped,2018-07-31_10-03-47_incident_stopped_zone_nb-shoulder.jpg,nb,49563.78333,-34.7310666,nb,shoulder,-1
S1C21,32.86987654,-83.75830175,s,7/31/2018,1,Tuesday,10:03:53,incident_stopped,2018-07-31_10-03-53_incident_stopped_zone_nb-shoulder.jpg,nb,49563.88333,-34.62822647,nb,shoulder,-1
S1C20,32.86504559,-83.75232959,s,7/31/2018,1,Tuesday,10:17:33,incident_slow,2018-07-31_10-17-33_incident_slow_zone_far-lanes.jpg,nb,49577.55,-36.91653912,far,lanes,-1
N1C09,32.81772219,-83.72879532,n,7/31/2018,1,Tuesday,10:29:59,incident_stopped,2018-07-31_10-29-59_incident_stopped_zone_nb-shoulder.jpg,nb,49589.98333,-54.56967025,nb,shoulder,-1
BIBB-CAM-018,32.79962746,-83.72080704,n,7/31/2018,1,Tuesday,10:45:15,incident_stopped,2018-07-31_10-45-15_incident_stopped.jpg,nb,49605.25,-61.20075294,,,-1
N1C11,32.82699902,-83.73109564,n,7/31/2018,1,Tuesday,10:56:46,incident_stopped,2018-07-31_10-56-46_incident_stopped_zone_nb-shoulder.jpg,nb,49616.76667,-51.41367576,nb,shoulder,-1
N2C11,32.82699902,-83.73109564,n,7/31/2018,1,Tuesday,10:56:47,incident_stopped,2018-07-31_10-56-47_incident_stopped_zone_near-shoulder.jpg,nb,49616.78333,-51.41367576,near,shoulder,-1
N2C01,32.76613511,-83.71030216,n,7/31/2018,1,Tuesday,11:03:21,incident_stopped,2018-07-31_11-03-21_incident_stopped_zone_nb-shoulder.jpg,nb,49623.35,-72.97440738,nb,shoulder,-1
N2C33,32.92077604,-83.79943309,n,7/31/2018,1,Tuesday,11:10:33,incident_stopped,2018-07-31_11-10-33_incident_stopped_zone_nb-shoulder.jpg,nb,49630.55,-13.74452878,nb,shoulder,-1
N2C32,32.91549987,-83.79665373,n,7/31/2018,1,Tuesday,11:17:06,incident_stopped,2018-07-31_11-17-06_incident_stopped_zone_nb-shoulder.jpg,nb,49637.1,-15.72572861,nb,shoulder,-1
BIBB-CAM-018,32.79962746,-83.72080704,n,7/31/2018,1,Tuesday,11:20:53,incident_congestion,2018-07-31_11-20-53_incident_congestion_zone_nb-lanes.jpg,nb,49640.88333,-61.20075294,nb,lanes,-1
N1C02,32.76990531,-83.71029631,n,7/31/2018,1,Tuesday,11:29:13,incident_stopped,2018-07-31_11-29-13_incident_stopped_zone_nb-shoulder.jpg,nb,49649.21667,-71.78891913,nb,shoulder,-1
N3C01,32.76613511,-83.71030216,n,7/31/2018,1,Tuesday,11:29:14,incident_stopped,2018-07-31_11-29-14_incident_stopped_zone_nb-shoulder.jpg,nb,49649.23333,-72.97440738,nb,shoulder,-1
N1C03,32.78071485,-83.71530658,n,7/31/2018,1,Tuesday,11:40:42,incident_stopped,2018-07-31_11-40-42_incident_stopped_zone_nb-shoulder.jpg,nb,49660.7,-67.78810628,nb,shoulder,-1
N2C26,32.88798194,-83.77607704,n,7/31/2018,1,Tuesday,11:43:21,incident_stopped,2018-07-31_11-43-21_incident_stopped_zone_nb-shoulder.jpg,nb,49663.35,-26.75233619,nb,shoulder,-1
S1C20,32.86504559,-83.75232959,s,7/31/2018,1,Tuesday,11:58:33,incident_slow,2018-07-31_11-58-33_incident_slow_zone_far-lanes.jpg,nb,49678.55,-36.91653912,far,lanes,-1
BIBB-CAM-018,32.79962746,-83.72080704,n,7/31/2018,1,Tuesday,12:33:42,incident_congestion,2018-07-31_12-33-42_incident_congestion_zone_nb-lanes.jpg,nb,49713.7,-61.20075294,nb,lanes,-1
S1C24,32.87958032,-83.76886573,s,7/31/2018,1,Tuesday,12:38:53,incident_stopped,2018-07-31_12-38-53_incident_stopped_zone_far-shoulder.jpg,nb,49718.88333,-30.26227087,far,shoulder,-1
S2C23,32.8774369,-83.7665846,s,7/31/2018,1,Tuesday,12:38:54,incident_stopped,2018-07-31_12-38-54_incident_stopped_zone_far-shoulder.jpg,nb,49718.9,-31.21570867,far,shoulder,-1
N1C21,32.86981764,-83.75767111,n,7/31/2018,1,Tuesday,13:02:12,incident_stopped,2018-07-31_13-02-12_incident_stopped_zone_nb-shoulder.jpg,nb,49742.2,-34.7310666,nb,shoulder,-1
S1C16,32.84561646,-83.73933607,s,7/31/2018,1,Tuesday,13:16:59,incident_stopped,2018-07-31_13-16-59_incident_stopped_zone_nb-shoulder.jpg,nb,49756.98333,-44.61500342,nb,shoulder,-1
S1C20,32.86504559,-83.75232959,s,7/31/2018,1,Tuesday,13:39:33,incident_slow,2018-07-31_13-39-33_incident_slow_zone_far-lanes.jpg,nb,49779.55,-36.91653912,far,lanes,-1
BIBB-CAM-018,32.79962746,-83.72080704,n,7/31/2018,1,Tuesday,14:59:23,incident_congestion,2018-07-31_14-59-23_incident_congestion_zone_nb-lanes.jpg,nb,49859.38333,-61.20075294,nb,lanes,-1
S1C21,32.86987654,-83.75830175,s,7/31/2018,1,Tuesday,15:19:16,incident_stopped,2018-07-31_15-19-16_incident_stopped_zone_nb-shoulder.jpg,nb,49879.26667,-34.62822647,nb,shoulder,-1
N1C21,32.86981764,-83.75767111,n,7/31/2018,1,Tuesday,15:26:18,incident_stopped,2018-07-31_15-26-18_incident_stopped_zone_nb-shoulder.jpg,nb,49886.3,-34.7310666,nb,shoulder,-1
N1C09,32.81772219,-83.72879532,n,7/31/2018,1,Tuesday,15:41:06,incident_stopped,2018-07-31_15-41-06_incident_stopped_zone_nb-shoulder.jpg,nb,49901.1,-54.56967025,nb,shoulder,-1
N2C03,32.78071485,-83.71530658,n,7/31/2018,1,Tuesday,15:57:14,incident_stopped,2018-07-31_15-57-14_incident_stopped_zone_nb-shoulder.jpg,nb,49917.23333,-67.78810628,nb,shoulder,-1
N2C11,32.82699902,-83.73109564,n,7/31/2018,1,Tuesday,15:58:18,incident_stopped,2018-07-31_15-58-18_incident_stopped_zone_near-shoulder.jpg,nb,49918.3,-51.41367576,near,shoulder,-1
S2C11,32.82254015,-83.73046915,s,7/31/2018,1,Tuesday,15:58:19,incident_stopped,2018-07-31_15-58-19_incident_stopped_zone_far-shoulder.jpg,nb,49918.31667,-52.86537408,far,shoulder,-1
BIBB-CAM-028,32.86504559,-83.75232959,n,7/31/2018,1,Tuesday,16:02:25,incident_stopped,2018-07-31_16-02-25_incident_stopped_zone_nb-shoulder.jpg,nb,49922.41667,-36.91653912,nb,shoulder,-1
S1C15,32.84057153,-83.73697533,s,7/31/2018,1,Tuesday,16:02:49,incident_stopped,2018-07-31_16-02-49_incident_stopped_zone_nb-shoulder.jpg,nb,49922.81667,-46.47309774,nb,shoulder,-1
BIBB-CAM-023,32.82699902,-83.73109564,n,7/31/2018,1,Tuesday,16:08:27,incident_stopped,2018-07-31_16-08-27_incident_stopped_zone_nb-shoulder.jpg,nb,49928.45,-51.41367576,nb,shoulder,-1
S2C17,32.84950348,-83.74113514,s,7/31/2018,1,Tuesday,16:11:21,incident_stopped,2018-07-31_16-11-21_incident_stopped_zone_nb-shoulder.jpg,nb,49931.35,-43.18705025,nb,shoulder,-1
BIBB-CAM-035,32.90737428,-83.79168212,s,7/31/2018,1,Tuesday,16:20:44,incident_stopped,2018-07-31_16-20-44_incident_stopped_zone_nb-shoulder.jpg,nb,49940.73333,-18.84792303,nb,shoulder,-1
S2C09,32.81017134,-83.72613824,s,7/31/2018,1,Tuesday,16:24:26,incident_stopped,2018-07-31_16-24-26_incident_stopped_zone_nb-shoulder.jpg,nb,49944.43333,-57.24864799,nb,shoulder,-1
N1C10,32.82260317,-83.73001566,n,7/31/2018,1,Tuesday,16:49:48,incident_stopped,2018-07-31_16-49-48_incident_stopped_zone_nb-shoulder.jpg,nb,49969.8,-52.90603101,nb,shoulder,-1
N1C01,32.76613511,-83.71030216,n,7/31/2018,1,Tuesday,17:10:59,incident_stopped,2018-07-31_17-10-59_incident_stopped_zone_nb-shoulder.jpg,nb,49990.98333,-72.97440738,nb,shoulder,-1
BIBB-CAM-028,32.86504559,-83.75232959,n,7/31/2018,1,Tuesday,17:38:45,incident_stopped,2018-07-31_17-38-45_incident_stopped_zone_nb-shoulder.jpg,nb,50018.75,-36.91653912,nb,shoulder,-1
N2C07,32.80647151,-83.72379194,n,7/31/2018,1,Tuesday,17:47:51,incident_stopped,2018-07-31_17-47-51_incident_stopped_zone_nb-shoulder.jpg,nb,50027.85,-58.69634095,nb,shoulder,-1
N2C03,32.78071485,-83.71530658,n,7/31/2018,1,Tuesday,17:59:25,incident_stopped,2018-07-31_17-59-25_incident_stopped_zone_nb-shoulder.jpg,nb,50039.41667,-67.78810628,nb,shoulder,-1
S2C12,32.82694969,-83.73158785,s,7/31/2018,1,Tuesday,17:59:25,incident_stopped,2018-07-31_17-59-25_incident_stopped_zone_nb-shoulder.jpg,nb,50039.41667,-51.36261191,nb,shoulder,-1
S2C11,32.82254015,-83.73046915,s,7/31/2018,1,Tuesday,17:59:26,incident_stopped,2018-07-31_17-59-26_incident_stopped_zone_far-shoulder.jpg,nb,50039.43333,-52.86537408,far,shoulder,-1
N2C11,32.82699902,-83.73109564,n,7/31/2018,1,Tuesday,18:01:39,incident_stopped,2018-07-31_18-01-39_incident_stopped_zone_near-shoulder.jpg,nb,50041.65,-51.41367576,near,shoulder,-1
N2C09,32.81772219,-83.72879532,n,7/31/2018,1,Tuesday,18:04:15,incident_stopped,2018-07-31_18-04-15_incident_stopped_zone_nb-shoulder.jpg,nb,50044.25,-54.56967025,nb,shoulder,-1
BIBB-CAM-021,32.81775622,-83.72926956,s,7/31/2018,1,Tuesday,18:04:17,incident_stopped,2018-07-31_18-04-17_incident_stopped_zone_nb-lanes.jpg,nb,50044.28333,-54.4973914,nb,lanes,-1
S1C16,32.84561646,-83.73933607,s,7/31/2018,1,Tuesday,18:08:45,incident_stopped,2018-07-31_18-08-45_incident_stopped_zone_nb-shoulder.jpg,nb,50048.75,-44.61500342,nb,shoulder,-1
N1C16,32.84577945,-83.73888874,n,7/31/2018,1,Tuesday,18:17:08,incident_stopped,2018-07-31_18-17-08_incident_stopped_zone_near-shoulder.jpg,nb,50057.13333,-44.6283787,near,shoulder,-1
S1C17,32.84950348,-83.74113514,s,7/31/2018,1,Tuesday,18:28:55,incident_stopped,2018-07-31_18-28-55_incident_stopped_zone_nb-shoulder.jpg,nb,50068.91667,-43.18705025,nb,shoulder,-1
S1C21,32.86987654,-83.75830175,s,7/31/2018,1,Tuesday,18:51:33,incident_stopped,2018-07-31_18-51-33_incident_stopped_zone_nb-shoulder.jpg,nb,50091.55,-34.62822647,nb,shoulder,-1
S1C20,32.86504559,-83.75232959,s,7/31/2018,1,Tuesday,19:04:33,incident_slow,2018-07-31_19-04-33_incident_slow_zone_far-lanes.jpg,nb,50104.55,-36.91653912,far,lanes,-1
N1C11,32.82699902,-83.73109564,n,7/31/2018,1,Tuesday,19:05:13,incident_stopped,2018-07-31_19-05-13_incident_stopped_zone_nb-shoulder.jpg,nb,50105.21667,-51.41367576,nb,shoulder,-1
BIBB-CAM-018,32.79962746,-83.72080704,n,7/31/2018,1,Tuesday,19:11:31,incident_congestion,2018-07-31_19-11-31_incident_congestion_zone_nb-lanes.jpg,nb,50111.51667,-61.20075294,nb,lanes,-1
N1C14,32.83648848,-83.73452853,n,7/31/2018,1,Tuesday,19:23:15,incident_stopped,2018-07-31_19-23-15_incident_stopped_zone_ramp-shoulder.jpg,nb,50123.25,-48.05166032,ramp,shoulder,-1
N1C14,32.83648848,-83.73452853,n,7/31/2018,1,Tuesday,19:31:32,incident_slow,2018-07-31_19-31-32_incident_slow_zone_ramp-lanes.jpg,nb,50131.53333,-48.05166032,ramp,lanes,-1
N2C03,32.78071485,-83.71530658,n,7/31/2018,1,Tuesday,19:39:45,incident_stopped,2018-07-31_19-39-45_incident_stopped_zone_nb-shoulder.jpg,nb,50139.75,-67.78810628,nb,shoulder,-1
BIBB-CAM-018,32.79962746,-83.72080704,n,7/31/2018,1,Tuesday,20:01:27,incident_stopped,2018-07-31_20-01-27_incident_stopped.jpg,nb,50161.45,-61.20075294,,,-1
N1C06,32.79465366,-83.72010538,n,7/31/2018,1,Tuesday,20:01:28,incident_stopped,2018-07-31_20-01-28_incident_stopped_zone_nb-shoulder.jpg,nb,50161.46667,-62.83684554,nb,shoulder,-1
BIBB-CAM-023,32.82699902,-83.73109564,n,7/31/2018,1,Tuesday,20:02:48,incident_stopped,2018-07-31_20-02-48_incident_stopped_zone_nb-shoulder.jpg,nb,50162.8,-51.41367576,nb,shoulder,-1
BIBB-CAM-013,32.77567367,-83.7128245,s,7/31/2018,1,Tuesday,20:03:03,incident_stopped,2018-07-31_20-03-03_incident_stopped_zone_nb-lanes.jpg,nb,50163.05,-69.6715058,nb,lanes,-1
S2C17,32.84950348,-83.74113514,s,7/31/2018,1,Tuesday,20:08:07,incident_stopped,2018-07-31_20-08-07_incident_stopped_zone_nb-shoulder.jpg,nb,50168.11667,-43.18705025,nb,shoulder,-1
S1C14,32.83620205,-83.73500536,s,7/31/2018,1,Tuesday,20:08:57,incident_stopped,2018-07-31_20-08-57_incident_stopped_zone_nb-shoulder.jpg,nb,50168.95,-48.07309629,nb,shoulder,-1
N2C11,32.82699902,-83.73109564,n,7/31/2018,1,Tuesday,20:09:40,incident_stopped,2018-07-31_20-09-40_incident_stopped_zone_near-shoulder.jpg,nb,50169.66667,-51.41367576,near,shoulder,-1
S2C14,32.83620205,-83.73500536,s,7/31/2018,1,Tuesday,20:12:43,incident_stopped,2018-07-31_20-12-43_incident_stopped_zone_far-shoulder.jpg,nb,50172.71667,-48.07309629,far,shoulder,-1
N2C14,32.83648848,-83.73452853,n,7/31/2018,1,Tuesday,20:12:43,incident_stopped,2018-07-31_20-12-43_incident_stopped_zone_nb-shoulder.jpg,nb,50172.71667,-48.05166032,nb,shoulder,-1
S1C20,32.86504559,-83.75232959,s,7/31/2018,1,Tuesday,20:21:32,incident_slow,2018-07-31_20-21-32_incident_slow_zone_far-lanes.jpg,nb,50181.53333,-36.91653912,far,lanes,-1
BIBB-CAM-039,32.94243524,-83.81127376,s,7/31/2018,1,Tuesday,20:43:18,incident_stopped,2018-07-31_20-43-18_incident_stopped_zone_nb-shoulder.jpg,nb,50203.3,-5.683345579,nb,shoulder,-1
N1C14,32.83648848,-83.73452853,n,7/31/2018,1,Tuesday,20:57:42,incident_stopped,2018-07-31_20-57-42_incident_stopped_zone_ramp-lanes.jpg,nb,50217.7,-48.05166032,ramp,lanes,-1
N1C21,32.86981764,-83.75767111,n,7/31/2018,1,Tuesday,21:02:38,incident_stopped,2018-07-31_21-02-38_incident_stopped_zone_nb-shoulder.jpg,nb,50222.63333,-34.7310666,nb,shoulder,-1
N2C25,32.88361771,-83.77234944,n,7/31/2018,1,Tuesday,21:24:18,incident_stopped,2018-07-31_21-24-18_incident_stopped_zone_nb-lanes.jpg,nb,50244.3,-28.57124979,nb,lanes,-1
BIBB-CAM-025,32.84057153,-83.73697533,s,7/31/2018,1,Tuesday,21:25:52,incident_stopped,2018-07-31_21-25-52_incident_stopped_zone_nb-shoulder.jpg,nb,50245.86667,-46.47309774,nb,shoulder,-1
N2C15,32.84068577,-83.73653266,n,7/31/2018,1,Tuesday,21:28:09,incident_stopped,2018-07-31_21-28-09_incident_stopped_zone_nb-shoulder.jpg,nb,50248.15,-46.49987236,nb,shoulder,-1
S1C15,32.84057153,-83.73697533,s,7/31/2018,1,Tuesday,21:31:33,incident_stopped,2018-07-31_21-31-33_incident_stopped_zone_nb-shoulder.jpg,nb,50251.55,-46.47309774,nb,shoulder,-1
N2C22,32.87317142,-83.76128066,n,7/31/2018,1,Tuesday,21:53:26,incident_stopped,2018-07-31_21-53-26_incident_stopped_zone_nb-shoulder.jpg,nb,50273.43333,-33.22037987,nb,shoulder,-1
BIBB-CAM-030,32.86987654,-83.75830175,s,7/31/2018,1,Tuesday,22:00:13,incident_stopped,2018-07-31_22-00-13_incident_stopped_zone_far-shoulder.jpg,nb,50280.21667,-34.62822647,far,shoulder,-1
N2C03,32.78071485,-83.71530658,n,7/31/2018,1,Tuesday,22:05:56,incident_stopped,2018-07-31_22-05-56_incident_stopped_zone_nb-shoulder.jpg,nb,50285.93333,-67.78810628,nb,shoulder,-1
S2C23,32.8774369,-83.7665846,s,7/31/2018,1,Tuesday,22:14:49,incident_stopped,2018-07-31_22-14-49_incident_stopped_zone_far-shoulder.jpg,nb,50294.81667,-31.21570867,far,shoulder,-1
S2C22,32.87291783,-83.76154621,s,7/31/2018,1,Tuesday,22:19:50,incident_stopped,2018-07-31_22-19-50_incident_stopped_zone_nb-shoulder.jpg,nb,50299.83333,-33.26350279,nb,shoulder,-1
N1C14,32.83648848,-83.73452853,n,7/31/2018,1,Tuesday,22:52:17,incident_stopped,2018-07-31_22-52-17_incident_stopped_zone_ramp-shoulder.jpg,nb,50332.28333,-48.05166032,ramp,shoulder,-1
N2C15,32.84068577,-83.73653266,n,7/31/2018,1,Tuesday,23:13:09,incident_stopped,2018-07-31_23-13-09_incident_stopped_zone_nb-shoulder.jpg,nb,50353.15,-46.49987236,nb,shoulder,-1
S2C14,32.83620205,-83.73500536,s,7/31/2018,1,Tuesday,23:18:15,incident_stopped,2018-07-31_23-18-15_incident_stopped_zone_far-lanes.jpg,nb,50358.25,-48.07309629,far,lanes,-1
N2C14,32.83648848,-83.73452853,n,7/31/2018,1,Tuesday,23:18:18,incident_stopped,2018-07-31_23-18-18_incident_stopped_zone_nb-lanes.jpg,nb,50358.3,-48.05166032,nb,lanes,-1
N1C24,32.87982448,-83.7684812,n,7/31/2018,1,Tuesday,23:52:28,incident_stopped,2018-07-31_23-52-28_incident_stopped_zone_nb-shoulder.jpg,nb,50392.46667,-30.23393141,nb,shoulder,-1
S2C09,32.81017134,-83.72613824,s,7/31/2018,1,Tuesday,23:52:43,incident_stopped,2018-07-31_23-52-43_incident_stopped_zone_nb-shoulder.jpg,nb,50392.71667,-57.24864799,nb,shoulder,-1
N1C23,32.87756847,-83.76599732,n,7/31/2018,1,Tuesday,23:54:01,incident_stopped,2018-07-31_23-54-01_incident_stopped_zone_nb-lanes.jpg,nb,50394.01667,-31.24939169,nb,lanes,-1
BIBB-CAM-031,32.87958032,-83.76886573,s,7/31/2018,1,Tuesday,23:54:40,incident_stopped,2018-07-31_23-54-40_incident_stopped_zone_nb-lanes.jpg,nb,50394.66667,-30.26227087,nb,lanes,-1
N2C09,32.81772219,-83.72879532,n,7/31/2018,1,Tuesday,23:55:14,incident_stopped,2018-07-31_23-55-14_incident_stopped_zone_nb-shoulder.jpg,nb,50395.23333,-54.56967025,nb,shoulder,-1
S2C23,32.8774369,-83.7665846,s,7/31/2018,1,Tuesday,23:55:41,incident_stopped,2018-07-31_23-55-41_incident_stopped_zone_far-lanes.jpg,nb,50395.68333,-31.21570867,far,lanes,-1
N2C25,32.88361771,-83.77234944,n,7/31/2018,1,Tuesday,23:56:20,incident_stopped,2018-07-31_23-56-20_incident_stopped_zone_nb-shoulder.jpg,nb,50396.33333,-28.57124979,nb,shoulder,-1
S2C22,32.87291783,-83.76154621,s,8/1/2018,2,Wednesday,0:01:57,incident_stopped,2018-08-01_00-01-57_incident_stopped_zone_nb-shoulder.jpg,nb,50401.95,-33.26350279,nb,shoulder,-1
N1C22,32.87317142,-83.76128066,n,8/1/2018,2,Wednesday,0:17:47,incident_stopped,2018-08-01_00-17-47_incident_stopped_zone_nb-lanes.jpg,nb,50417.78333,-33.22037987,nb,lanes,-1
S2C24,32.87958032,-83.76886573,s,8/1/2018,2,Wednesday,0:22:50,incident_stopped,2018-08-01_00-22-50_incident_stopped_zone_nb-shoulder.jpg,nb,50422.83333,-30.26227087,nb,shoulder,-1
BIBB-CAM-032,32.88240434,-83.7719413,s,8/1/2018,2,Wednesday,0:30:33,incident_stopped,2018-08-01_00-30-33_incident_stopped_zone_nb-shoulder.jpg,nb,50430.55,-29.00171497,nb,shoulder,-1
N1C25,32.88361771,-83.77234944,n,8/1/2018,2,Wednesday,0:41:46,incident_stopped,2018-08-01_00-41-46_incident_stopped_zone_ramp-shoulder.jpg,nb,50441.76667,-28.57124979,ramp,shoulder,-1
N1C26,32.88798194,-83.77607704,n,8/1/2018,2,Wednesday,0:51:42,incident_stopped,2018-08-01_00-51-42_incident_stopped_zone_nb-shoulder.jpg,nb,50451.7,-26.75233619,nb,shoulder,-1
N1C21,32.86981764,-83.75767111,n,8/1/2018,2,Wednesday,0:53:47,incident_stopped,2018-08-01_00-53-47_incident_stopped_zone_nb-shoulder.jpg,nb,50453.78333,-34.7310666,nb,shoulder,-1
N1C27,32.89097522,-83.77848725,n,8/1/2018,2,Wednesday,1:06:52,incident_stopped,2018-08-01_01-06-52_incident_stopped_zone_nb-lanes.jpg,nb,50466.86667,-25.52467894,nb,lanes,-1
S2C26,32.88776313,-83.77647583,s,8/1/2018,2,Wednesday,1:09:12,incident_stopped,2018-08-01_01-09-12_incident_stopped_zone_nb-shoulder.jpg,nb,50469.2,-26.77497584,nb,shoulder,-1
N1C23,32.87756847,-83.76599732,n,8/1/2018,2,Wednesday,1:47:04,incident_stopped,2018-08-01_01-47-04_incident_stopped_zone_nb-lanes.jpg,nb,50507.06667,-31.24939169,nb,lanes,-1
S2C23,32.8774369,-83.7665846,s,8/1/2018,2,Wednesday,1:58:52,incident_stopped,2018-08-01_01-58-52_incident_stopped_zone_far-lanes.jpg,nb,50518.86667,-31.21570867,far,lanes,-1
N1C24,32.87982448,-83.7684812,n,8/1/2018,2,Wednesday,1:58:54,incident_stopped,2018-08-01_01-58-54_incident_stopped_zone_nb-shoulder.jpg,nb,50518.9,-30.23393141,nb,shoulder,-1
N2C26,32.88798194,-83.77607704,n,8/1/2018,2,Wednesday,2:04:24,incident_stopped,2018-08-01_02-04-24_incident_stopped_zone_nb-shoulder.jpg,nb,50524.4,-26.75233619,nb,shoulder,-1
S1C26,32.88776313,-83.77647583,s,8/1/2018,2,Wednesday,2:04:35,incident_stopped,2018-08-01_02-04-35_incident_stopped_zone_nb-shoulder.jpg,nb,50524.58333,-26.77497584,nb,shoulder,-1
N2C23,32.87756847,-83.76599732,n,8/1/2018,2,Wednesday,2:19:07,incident_stopped,2018-08-01_02-19-07_incident_stopped_zone_nb-shoulder.jpg,nb,50539.11667,-31.24939169,nb,shoulder,-1
S3C23,32.8774369,-83.7665846,s,8/1/2018,2,Wednesday,2:19:09,incident_stopped,2018-08-01_02-19-09_incident_stopped_zone_nb-shoulder.jpg,nb,50539.15,-31.21570867,nb,shoulder,-1
S2C24,32.87958032,-83.76886573,s,8/1/2018,2,Wednesday,2:31:08,incident_stopped,2018-08-01_02-31-08_incident_stopped_zone_nb-shoulder.jpg,nb,50551.13333,-30.26227087,nb,shoulder,-1
S1C30,32.91200591,-83.79524157,s,8/1/2018,2,Wednesday,2:37:12,incident_stopped,2018-08-01_02-37-12_incident_stopped_zone_nb-shoulder.jpg,nb,50557.2,-17.00028257,nb,shoulder,-1
S2C26,32.88776313,-83.77647583,s,8/1/2018,2,Wednesday,3:01:47,incident_stopped,2018-08-01_03-01-47_incident_stopped_zone_nb-shoulder.jpg,nb,50581.78333,-26.77497584,nb,shoulder,-1
N1C01,32.76613511,-83.71030216,n,8/1/2018,2,Wednesday,3:04:38,incident_stopped,2018-08-01_03-04-38_incident_stopped_zone_nb-shoulder.jpg,nb,50584.63333,-72.97440738,nb,shoulder,-1
N1C26,32.88798194,-83.77607704,n,8/1/2018,2,Wednesday,3:06:46,incident_stopped,2018-08-01_03-06-46_incident_stopped_zone_nb-lanes.jpg,nb,50586.76667,-26.75233619,nb,lanes,-1
BIBB-CAM-031,32.87958032,-83.76886573,s,8/1/2018,2,Wednesday,3:12:34,incident_stopped,2018-08-01_03-12-34_incident_stopped_zone_nb-lanes.jpg,nb,50592.56667,-30.26227087,nb,lanes,-1
N2C26,32.88798194,-83.77607704,n,8/1/2018,2,Wednesday,3:37:36,incident_stopped,2018-08-01_03-37-36_incident_stopped_zone_nb-lanes.jpg,nb,50617.6,-26.75233619,nb,lanes,-1
S1C26,32.88776313,-83.77647583,s,8/1/2018,2,Wednesday,3:38:56,incident_stopped,2018-08-01_03-38-56_incident_stopped_zone_nb-lanes.jpg,nb,50618.93333,-26.77497584,nb,lanes,-1
N1C25,32.88361771,-83.77234944,n,8/1/2018,2,Wednesday,3:39:15,incident_stopped,2018-08-01_03-39-15_incident_stopped_zone_ramp-shoulder.jpg,nb,50619.25,-28.57124979,ramp,shoulder,-1
N2C03,32.78071485,-83.71530658,n,8/1/2018,2,Wednesday,3:45:28,incident_stopped,2018-08-01_03-45-28_incident_stopped_zone_nb-shoulder.jpg,nb,50625.46667,-67.78810628,nb,shoulder,-1
N2C25,32.88361771,-83.77234944,n,8/1/2018,2,Wednesday,5:02:13,incident_stopped,2018-08-01_05-02-13_incident_stopped_zone_nb-shoulder.jpg,nb,50702.21667,-28.57124979,nb,shoulder,-1
N1C24,32.87982448,-83.7684812,n,8/1/2018,2,Wednesday,5:08:33,incident_stopped,2018-08-01_05-08-33_incident_stopped_zone_nb-lanes.jpg,nb,50708.55,-30.23393141,nb,lanes,-1
S2C18,32.85465632,-83.74348346,s,8/1/2018,2,Wednesday,5:52:37,incident_stopped,2018-08-01_05-52-37_incident_stopped_zone_nb-shoulder.jpg,nb,50752.61667,-41.30069476,nb,shoulder,-1
N2C33,32.92077604,-83.79943309,n,8/1/2018,2,Wednesday,6:08:53,incident_stopped,2018-08-01_06-08-53_incident_stopped_zone_nb-shoulder.jpg,nb,50768.88333,-13.74452878,nb,shoulder,-1
BIBB-CAM-014,32.7850913,-83.71806273,n,8/1/2018,2,Wednesday,7:01:13,incident_stopped,2018-08-01_07-01-13_incident_stopped_zone_nb-shoulder.jpg,nb,50821.21667,-66.07987571,nb,shoulder,-1
S1C20,32.86504559,-83.75232959,s,8/1/2018,2,Wednesday,7:03:33,incident_slow,2018-08-01_07-03-33_incident_slow_zone_far-lanes.jpg,nb,50823.55,-36.91653912,far,lanes,-1
BIBB-CAM-018,32.79962746,-83.72080704,n,8/1/2018,2,Wednesday,7:29:24,incident_congestion,2018-08-01_07-29-24_incident_congestion_zone_nb-lanes.jpg,nb,50849.4,-61.20075294,nb,lanes,-1
N1C21,32.86981764,-83.75767111,n,8/1/2018,2,Wednesday,7:33:30,incident_stopped,2018-08-01_07-33-30_incident_stopped_zone_nb-shoulder.jpg,nb,50853.5,-34.7310666,nb,shoulder,-1
S1C20,32.86504559,-83.75232959,s,8/1/2018,2,Wednesday,8:12:33,incident_slow,2018-08-01_08-12-33_incident_slow_zone_far-lanes.jpg,nb,50892.55,-36.91653912,far,lanes,-1
BIBB-CAM-018,32.79962746,-83.72080704,n,8/1/2018,2,Wednesday,8:21:39,incident_stopped,2018-08-01_08-21-39_incident_stopped.jpg,nb,50901.65,-61.20075294,,,-1
BIBB-CAM-018,32.79962746,-83.72080704,n,8/1/2018,2,Wednesday,8:56:45,incident_congestion,2018-08-01_08-56-45_incident_congestion_zone_nb-lanes.jpg,nb,50936.75,-61.20075294,nb,lanes,-1
S2C17,32.84950348,-83.74113514,s,8/1/2018,2,Wednesday,9:01:57,incident_stopped,2018-08-01_09-01-57_incident_stopped_zone_nb-shoulder.jpg,nb,50941.95,-43.18705025,nb,shoulder,-1
N1C14,32.83648848,-83.73452853,n,8/1/2018,2,Wednesday,9:19:57,incident_stopped,2018-08-01_09-19-57_incident_stopped_zone_ramp-shoulder.jpg,nb,50959.95,-48.05166032,ramp,shoulder,-1
S1C21,32.86987654,-83.75830175,s,8/1/2018,2,Wednesday,9:36:27,incident_stopped,2018-08-01_09-36-27_incident_stopped_zone_nb-shoulder.jpg,nb,50976.45,-34.62822647,nb,shoulder,-1
N1C21,32.86981764,-83.75767111,n,8/1/2018,2,Wednesday,9:50:30,incident_stopped,2018-08-01_09-50-30_incident_stopped_zone_nb-shoulder.jpg,nb,50990.5,-34.7310666,nb,shoulder,-1
N1C06,32.79465366,-83.72010538,n,8/1/2018,2,Wednesday,10:19:10,incident_stopped,2018-08-01_10-19-10_incident_stopped_zone_nb-shoulder.jpg,nb,51019.16667,-62.83684554,nb,shoulder,-1
S1C21,32.86987654,-83.75830175,s,8/1/2018,2,Wednesday,11:32:54,incident_stopped,2018-08-01_11-32-54_incident_stopped_zone_nb-shoulder.jpg,nb,51092.9,-34.62822647,nb,shoulder,-1
N1C25,32.88361771,-83.77234944,n,8/1/2018,2,Wednesday,12:15:15,incident_stopped,2018-08-01_12-15-15_incident_stopped_zone_ramp-shoulder.jpg,nb,51135.25,-28.57124979,ramp,shoulder,-1
N2C03,32.78071485,-83.71530658,n,8/1/2018,2,Wednesday,12:56:26,incident_stopped,2018-08-01_12-56-26_incident_stopped_zone_nb-shoulder.jpg,nb,51176.43333,-67.78810628,nb,shoulder,-1
S1C21,32.86987654,-83.75830175,s,8/1/2018,2,Wednesday,13:46:53,incident_stopped,2018-08-01_13-46-53_incident_stopped_zone_nb-shoulder.jpg,nb,51226.88333,-34.62822647,nb,shoulder,-1
N1C25,32.88361771,-83.77234944,n,8/1/2018,2,Wednesday,13:52:42,incident_stopped,2018-08-01_13-52-42_incident_stopped_zone_ramp-shoulder.jpg,nb,51232.7,-28.57124979,ramp,shoulder,-1
N1C33,32.92077604,-83.79943309,n,8/1/2018,2,Wednesday,14:31:52,incident_congestion,2018-08-01_14-31-52_incident_congestion_zone_nb-lanes.jpg,nb,51271.86667,-13.74452878,nb,lanes,-1
BIBB-CAM-014,32.7850913,-83.71806273,n,8/1/2018,2,Wednesday,14:46:18,incident_stopped,2018-08-01_14-46-18_incident_stopped_zone_nb-shoulder.jpg,nb,51286.3,-66.07987571,nb,shoulder,-1
N1C20,32.86504559,-83.75232959,n,8/1/2018,2,Wednesday,14:56:56,incident_stopped,2018-08-01_14-56-56_incident_stopped_zone_nb-shoulder.jpg,nb,51296.93333,-36.91653912,nb,shoulder,-1
BIBB-CAM-018,32.79962746,-83.72080704,n,8/1/2018,2,Wednesday,15:12:29,incident_congestion,2018-08-01_15-12-29_incident_congestion_zone_nb-lanes.jpg,nb,51312.48333,-61.20075294,nb,lanes,-1
N2C17,32.84958885,-83.74065988,n,8/1/2018,2,Wednesday,15:23:34,incident_stopped,2018-08-01_15-23-34_incident_stopped_zone_nb-shoulder.jpg,nb,51323.56667,-43.22840936,nb,shoulder,-1
S2C17,32.84950348,-83.74113514,s,8/1/2018,2,Wednesday,15:51:59,incident_stopped,2018-08-01_15-51-59_incident_stopped_zone_nb-shoulder.jpg,nb,51351.98333,-43.18705025,nb,shoulder,-1
N1C01,32.76613511,-83.71030216,n,8/1/2018,2,Wednesday,15:53:16,incident_stopped,2018-08-01_15-53-16_incident_stopped_zone_nb-shoulder.jpg,nb,51353.26667,-72.97440738,nb,shoulder,-1
N1C03,32.78071485,-83.71530658,n,8/1/2018,2,Wednesday,16:05:12,incident_stopped,2018-08-01_16-05-12_incident_stopped_zone_nb-shoulder.jpg,nb,51365.2,-67.78810628,nb,shoulder,-1
N1C06,32.79465366,-83.72010538,n,8/1/2018,2,Wednesday,17:00:52,incident_stopped,2018-08-01_17-00-52_incident_stopped_zone_nb-shoulder.jpg,nb,51420.86667,-62.83684554,nb,shoulder,-1
S1C15,32.84057153,-83.73697533,s,8/1/2018,2,Wednesday,17:20:34,incident_stopped,2018-08-01_17-20-34_incident_stopped_zone_nb-shoulder.jpg,nb,51440.56667,-46.47309774,nb,shoulder,-1
S1C30,32.91200591,-83.79524157,s,8/1/2018,2,Wednesday,17:41:28,incident_stopped,2018-08-01_17-41-28_incident_stopped_zone_nb-shoulder.jpg,nb,51461.46667,-17.00028257,nb,shoulder,-1
S2C17,32.84950348,-83.74113514,s,8/1/2018,2,Wednesday,17:52:55,incident_stopped,2018-08-01_17-52-55_incident_stopped_zone_nb-shoulder.jpg,nb,51472.91667,-43.18705025,nb,shoulder,-1
N1C41,32.7558,-83.709193,n,8/1/2018,2,Wednesday,18:32:36,incident_stopped,2018-08-01_18-32-36_incident_stopped_zone_nb-shoulder.jpg,nb,51512.6,-76.37247586,nb,shoulder,-1
S1C26,32.88776313,-83.77647583,s,8/1/2018,2,Wednesday,18:35:37,incident_stopped,2018-08-01_18-35-37_incident_stopped_zone_nb-lanes.jpg,nb,51515.61667,-26.77497584,nb,lanes,-1
BIBB-CAM-018,32.79962746,-83.72080704,n,8/1/2018,2,Wednesday,18:44:45,incident_congestion,2018-08-01_18-44-45_incident_congestion_zone_nb-lanes.jpg,nb,51524.75,-61.20075294,nb,lanes,-1
BIBB-CAM-028,32.86504559,-83.75232959,n,8/1/2018,2,Wednesday,18:51:39,incident_stopped,2018-08-01_18-51-39_incident_stopped.jpg,nb,51531.65,-36.91653912,,,-1
BIBB-CAM-014,32.7850913,-83.71806273,n,8/1/2018,2,Wednesday,18:56:39,incident_stopped,2018-08-01_18-56-39_incident_stopped_zone_nb-shoulder.jpg,nb,51536.65,-66.07987571,nb,shoulder,-1
BIBB-CAM-018,32.79962746,-83.72080704,n,8/1/2018,2,Wednesday,19:51:20,incident_stopped,2018-08-01_19-51-20_incident_stopped.jpg,nb,51591.33333,-61.20075294,,,-1
N1C21,32.86981764,-83.75767111,n,8/1/2018,2,Wednesday,20:11:09,incident_stopped,2018-08-01_20-11-09_incident_stopped_zone_nb-shoulder.jpg,nb,51611.15,-34.7310666,nb,shoulder,-1
N2C01,32.76613511,-83.71030216,n,8/1/2018,2,Wednesday,20:35:21,incident_stopped,2018-08-01_20-35-21_incident_stopped_zone_nb-shoulder.jpg,nb,51635.35,-72.97440738,nb,shoulder,-1
N1C01,32.76613511,-83.71030216,n,8/1/2018,2,Wednesday,20:35:26,incident_stopped,2018-08-01_20-35-26_incident_stopped_zone_nb-shoulder.jpg,nb,51635.43333,-72.97440738,nb,shoulder,-1
N1C03,32.78071485,-83.71530658,n,8/1/2018,2,Wednesday,22:43:54,incident_stopped,2018-08-01_22-43-54_incident_stopped_zone_nb-shoulder.jpg,nb,51763.9,-67.78810628,nb,shoulder,-1
N1C09,32.81772219,-83.72879532,n,8/1/2018,2,Wednesday,22:48:11,incident_stopped,2018-08-01_22-48-11_incident_stopped_zone_nb-shoulder.jpg,nb,51768.18333,-54.56967025,nb,shoulder,-1
S1C30,32.91200591,-83.79524157,s,8/2/2018,3,Thursday,1:15:25,incident_stopped,2018-08-02_01-15-25_incident_stopped_zone_nb-shoulder.jpg,nb,51915.41667,-17.00028257,nb,shoulder,-1
S1C20,32.86504559,-83.75232959,s,8/2/2018,3,Thursday,2:28:44,incident_stopped,2018-08-02_02-28-44_incident_stopped_zone_far-shoulder.jpg,nb,51988.73333,-36.91653912,far,shoulder,-1
BIBB-CAM-032,32.88240434,-83.7719413,s,8/2/2018,3,Thursday,3:20:22,incident_stopped,2018-08-02_03-20-22_incident_stopped_zone_nb-shoulder.jpg,nb,52040.36667,-29.00171497,nb,shoulder,-1
N1C25,32.88361771,-83.77234944,n,8/2/2018,3,Thursday,4:43:18,incident_stopped,2018-08-02_04-43-18_incident_stopped_zone_ramp-shoulder.jpg,nb,52123.3,-28.57124979,ramp,shoulder,-1
S1C19,32.85919079,-83.74676747,s,8/2/2018,3,Thursday,5:39:48,incident_stopped,2018-08-02_05-39-48_incident_stopped_zone_nb-shoulder.jpg,nb,52179.8,-39.46810985,nb,shoulder,-1
S1C09,32.81017134,-83.72613824,s,8/2/2018,3,Thursday,6:42:27,incident_stopped,2018-08-02_06-42-27_incident_stopped_zone_nb-shoulder.jpg,nb,52242.45,-57.24864799,nb,shoulder,-1
N1C14,32.83648848,-83.73452853,n,8/2/2018,3,Thursday,6:50:44,incident_stopped,2018-08-02_06-50-44_incident_stopped_zone_ramp-shoulder.jpg,nb,52250.73333,-48.05166032,ramp,shoulder,-1
N2C42,32.759892,-83.709757,n,8/2/2018,3,Thursday,7:48:27,incident_stopped,2018-08-02_07-48-27_incident_stopped_zone_nb-shoulder.jpg,nb,52308.45,-75.01044884,nb,shoulder,-1
N1C03,32.78071485,-83.71530658,n,8/2/2018,3,Thursday,8:00:12,incident_stopped,2018-08-02_08-00-12_incident_stopped_zone_nb-shoulder.jpg,nb,52320.2,-67.78810628,nb,shoulder,-1
N2C01,32.76613511,-83.71030216,n,8/2/2018,3,Thursday,8:50:11,incident_stopped,2018-08-02_08-50-11_incident_stopped_zone_nb-shoulder.jpg,nb,52370.18333,-72.97440738,nb,shoulder,-1
N1C01,32.76613511,-83.71030216,n,8/2/2018,3,Thursday,8:50:20,incident_stopped,2018-08-02_08-50-20_incident_stopped_zone_nb-shoulder.jpg,nb,52370.33333,-72.97440738,nb,shoulder,-1
N1C26,32.88798194,-83.77607704,n,8/2/2018,3,Thursday,9:13:26,incident_stopped,2018-08-02_09-13-26_incident_stopped_zone_nb-shoulder.jpg,nb,52393.43333,-26.75233619,nb,shoulder,-1
N1C20,32.86504559,-83.75232959,n,8/2/2018,3,Thursday,9:14:09,incident_congestion,2018-08-02_09-14-09_incident_congestion_zone_nb-lanes.jpg,nb,52394.15,-36.91653912,nb,lanes,-1
N1C20,32.86504559,-83.75232959,n,8/2/2018,3,Thursday,9:17:11,incident_stopped,2018-08-02_09-17-11_incident_stopped_zone_nb-shoulder.jpg,nb,52397.18333,-36.91653912,nb,shoulder,-1
S1C27,32.89654773,-83.78351592,s,8/2/2018,3,Thursday,9:18:09,incident_stopped,2018-08-02_09-18-09_incident_stopped_zone_nb-shoulder.jpg,nb,52398.15,-23.1858178,nb,shoulder,-1
S1C28,32.90013203,-83.7863588,s,8/2/2018,3,Thursday,9:18:10,incident_stopped,2018-08-02_09-18-10_incident_stopped_zone_nb-shoulder.jpg,nb,52398.16667,-21.73107036,nb,shoulder,-1
S1C19,32.85919079,-83.74676747,s,8/2/2018,3,Thursday,9:19:19,incident_congestion,2018-08-02_09-19-19_incident_congestion_zone_nb-lanes.jpg,nb,52399.31667,-39.46810985,nb,lanes,1
S1C19,32.85919079,-83.74676747,s,8/2/2018,3,Thursday,9:19:51,incident_stopped,2018-08-02_09-19-51_incident_stopped_zone_nb-shoulder.jpg,nb,52399.85,-39.46810985,nb,shoulder,1
N1C19,32.85953942,-83.7465392,n,8/2/2018,3,Thursday,9:21:10,incident_congestion,2018-08-02_09-21-10_incident_congestion_zone_nb-lanes.jpg,nb,52401.16667,-39.39570165,nb,lanes,1
N1C19,32.85953942,-83.7465392,n,8/2/2018,3,Thursday,9:21:57,incident_stopped,2018-08-02_09-21-57_incident_stopped_zone_nb-shoulder.jpg,nb,52401.95,-39.39570165,nb,shoulder,1
S2C19,32.85919079,-83.74676747,s,8/2/2018,3,Thursday,9:24:30,incident_stopped,2018-08-02_09-24-30_incident_stopped_zone_nb-lanes.jpg,nb,52404.5,-39.46810985,nb,lanes,1
BIBB-CAM-027,32.85953942,-83.7465392,n,8/2/2018,3,Thursday,9:24:30,incident_stopped,2018-08-02_09-24-30_incident_stopped_zone_nb-shoulder.jpg,nb,52404.5,-39.39570165,nb,shoulder,1
N1C19,32.85953942,-83.7465392,n,8/2/2018,3,Thursday,9:24:33,incident_slow,2018-08-02_09-24-33_incident_slow_zone_nb-lanes.jpg,nb,52404.55,-39.39570165,nb,lanes,1
BIBB-CAM-027,32.85953942,-83.7465392,n,8/2/2018,3,Thursday,9:25:31,incident_congestion,2018-08-02_09-25-31_incident_congestion_zone_nb-lanes.jpg,nb,52405.51667,-39.39570165,nb,lanes,1
N1C18,32.85482929,-83.74306675,n,8/2/2018,3,Thursday,9:26:15,incident_stopped,2018-08-02_09-26-15_incident_stopped_zone_nb-shoulder.jpg,nb,52406.25,-41.30822943,nb,shoulder,1
S1C20,32.86504559,-83.75232959,s,8/2/2018,3,Thursday,9:26:57,incident_stopped,2018-08-02_09-26-57_incident_stopped_zone_far-lanes.jpg,nb,52406.95,-36.91653912,far,lanes,1
S1C18,32.85465632,-83.74348346,s,8/2/2018,3,Thursday,9:27:32,incident_stopped,2018-08-02_09-27-32_incident_stopped_zone_nb-lanes.jpg,nb,52407.53333,-41.30069476,nb,lanes,1
N2C18,32.85482929,-83.74306675,n,8/2/2018,3,Thursday,9:29:24,incident_stopped,2018-08-02_09-29-24_incident_stopped_zone_nb-lanes.jpg,nb,52409.4,-41.30822943,nb,lanes,1
S2C18,32.85465632,-83.74348346,s,8/2/2018,3,Thursday,9:29:39,incident_stopped,2018-08-02_09-29-39_incident_stopped_zone_nb-lanes.jpg,nb,52409.65,-41.30069476,nb,lanes,1
S1C18,32.85465632,-83.74348346,s,8/2/2018,3,Thursday,9:30:57,incident_congestion,2018-08-02_09-30-57_incident_congestion_zone_nb-lanes.jpg,nb,52410.95,-41.30069476,nb,lanes,1
S2C19,32.85919079,-83.74676747,s,8/2/2018,3,Thursday,9:31:02,incident_congestion,2018-08-02_09-31-02_incident_congestion_zone_nb-lanes.jpg,nb,52411.03333,-39.46810985,nb,lanes,1
BIBB-CAM-028,32.86504559,-83.75232959,n,8/2/2018,3,Thursday,9:31:03,incident_stopped,2018-08-02_09-31-03_incident_stopped_zone_nb-shoulder.jpg,nb,52411.05,-36.91653912,nb,shoulder,1
N2C18,32.85482929,-83.74306675,n,8/2/2018,3,Thursday,9:33:24,incident_congestion,2018-08-02_09-33-24_incident_congestion_zone_nb-lanes.jpg,nb,52413.4,-41.30822943,nb,lanes,1
N1C17,32.84958885,-83.74065988,n,8/2/2018,3,Thursday,9:33:30,incident_congestion,2018-08-02_09-33-30_incident_congestion_zone_nb-lanes.jpg,nb,52413.5,-43.22840936,nb,lanes,1
S2C17,32.84950348,-83.74113514,s,8/2/2018,3,Thursday,9:34:07,incident_congestion,2018-08-02_09-34-07_incident_congestion_zone_nb-lanes.jpg,nb,52414.11667,-43.18705025,nb,lanes,1
N2C17,32.84958885,-83.74065988,n,8/2/2018,3,Thursday,9:34:56,incident_stopped,2018-08-02_09-34-56_incident_stopped_zone_nb-lanes.jpg,nb,52414.93333,-43.22840936,nb,lanes,1
S2C17,32.84950348,-83.74113514,s,8/2/2018,3,Thursday,9:35:17,incident_stopped,2018-08-02_09-35-17_incident_stopped_zone_nb-lanes.jpg,nb,52415.28333,-43.18705025,nb,lanes,1
N1C18,32.85482929,-83.74306675,n,8/2/2018,3,Thursday,9:36:31,incident_congestion,2018-08-02_09-36-31_incident_congestion_zone_nb-lanes.jpg,nb,52416.51667,-41.30822943,nb,lanes,1
N2C17,32.84958885,-83.74065988,n,8/2/2018,3,Thursday,9:36:32,incident_slow,2018-08-02_09-36-32_incident_slow_zone_nb-lanes.jpg,nb,52416.53333,-43.22840936,nb,lanes,1
S2C18,32.85465632,-83.74348346,s,8/2/2018,3,Thursday,9:37:45,incident_congestion,2018-08-02_09-37-45_incident_congestion_zone_nb-lanes.jpg,nb,52417.75,-41.30069476,nb,lanes,1
N2C17,32.84958885,-83.74065988,n,8/2/2018,3,Thursday,9:38:26,incident_congestion,2018-08-02_09-38-26_incident_congestion_zone_nb-lanes.jpg,nb,52418.43333,-43.22840936,nb,lanes,1
BIBB-CAM-028,32.86504559,-83.75232959,n,8/2/2018,3,Thursday,9:39:24,incident_congestion,2018-08-02_09-39-24_incident_congestion_zone_nb-lanes.jpg,nb,52419.4,-36.91653912,nb,lanes,-1
S2C19,32.85919079,-83.74676747,s,8/2/2018,3,Thursday,9:39:33,incident_slow,2018-08-02_09-39-33_incident_slow_zone_nb-lanes.jpg,nb,52419.55,-39.46810985,nb,lanes,-1
S1C18,32.85465632,-83.74348346,s,8/2/2018,3,Thursday,9:43:32,incident_slow,2018-08-02_09-43-32_incident_slow_zone_nb-lanes.jpg,nb,52423.53333,-41.30069476,nb,lanes,-1
S1C19,32.85919079,-83.74676747,s,8/2/2018,3,Thursday,9:43:33,incident_slow,2018-08-02_09-43-33_incident_slow_zone_nb-lanes.jpg,nb,52423.55,-39.46810985,nb,lanes,-1
N1C16,32.84577945,-83.73888874,n,8/2/2018,3,Thursday,9:44:32,incident_slow,2018-08-02_09-44-32_incident_slow_zone_near-lanes.jpg,nb,52424.53333,-44.6283787,near,lanes,-1
N1C18,32.85482929,-83.74306675,n,8/2/2018,3,Thursday,9:46:33,incident_slow,2018-08-02_09-46-33_incident_slow_zone_nb-lanes.jpg,nb,52426.55,-41.30822943,nb,lanes,-1
S1C16,32.84561646,-83.73933607,s,8/2/2018,3,Thursday,9:48:21,incident_stopped,2018-08-02_09-48-21_incident_stopped_zone_nb-lanes.jpg,nb,52428.35,-44.61500342,nb,lanes,1
N1C16,32.84577945,-83.73888874,n,8/2/2018,3,Thursday,9:48:23,incident_stopped,2018-08-02_09-48-23_incident_stopped_zone_near-lanes.jpg,nb,52428.38333,-44.6283787,near,lanes,1
N1C16,32.84577945,-83.73888874,n,8/2/2018,3,Thursday,9:51:05,incident_congestion,2018-08-02_09-51-05_incident_congestion_zone_near-lanes.jpg,nb,52431.08333,-44.6283787,near,lanes,1
S1C16,32.84561646,-83.73933607,s,8/2/2018,3,Thursday,9:51:06,incident_congestion,2018-08-02_09-51-06_incident_congestion_zone_nb-lanes.jpg,nb,52431.1,-44.61500342,nb,lanes,1
S1C16,32.84561646,-83.73933607,s,8/2/2018,3,Thursday,9:53:33,incident_slow,2018-08-02_09-53-33_incident_slow_zone_nb-lanes.jpg,nb,52433.55,-44.61500342,nb,lanes,1
S1C17,32.84950348,-83.74113514,s,8/2/2018,3,Thursday,9:55:04,incident_congestion,2018-08-02_09-55-04_incident_congestion_zone_nb-lanes.jpg,nb,52435.06667,-43.18705025,nb,lanes,1
S2C17,32.84950348,-83.74113514,s,8/2/2018,3,Thursday,9:55:33,incident_slow,2018-08-02_09-55-33_incident_slow_zone_nb-lanes.jpg,nb,52435.55,-43.18705025,nb,lanes,1
N1C17,32.84958885,-83.74065988,n,8/2/2018,3,Thursday,9:56:33,incident_slow,2018-08-02_09-56-33_incident_slow_zone_nb-lanes.jpg,nb,52436.55,-43.22840936,nb,lanes,1
BIBB-CAM-018,32.79962746,-83.72080704,n,8/2/2018,3,Thursday,10:22:49,incident_congestion,2018-08-02_10-22-49_incident_congestion_zone_nb-lanes.jpg,nb,52462.81667,-61.20075294,nb,lanes,-1
N2C03,32.78071485,-83.71530658,n,8/2/2018,3,Thursday,10:52:13,incident_stopped,2018-08-02_10-52-13_incident_stopped_zone_nb-shoulder.jpg,nb,52492.21667,-67.78810628,nb,shoulder,-1
S1C21,32.86987654,-83.75830175,s,8/2/2018,3,Thursday,10:54:57,incident_stopped,2018-08-02_10-54-57_incident_stopped_zone_nb-shoulder.jpg,nb,52494.95,-34.62822647,nb,shoulder,-1
N2C39,32.95177015,-83.81217745,n,8/2/2018,3,Thursday,11:25:58,incident_stopped,2018-08-02_11-25-58_incident_stopped_zone_near-shoulder.jpg,nb,52525.96667,-2.4510298,near,shoulder,-1
S2C38,32.95157525,-83.81265346,s,8/2/2018,3,Thursday,11:26:04,incident_stopped,2018-08-02_11-26-04_incident_stopped_zone_north-shoulder.jpg,nb,52526.06667,-2.501382112,north,shoulder,-1
N1C40,32.751099,-83.713281,n,8/2/2018,3,Thursday,11:27:05,incident_stopped,2018-08-02_11-27-05_incident_stopped_zone_nb-shoulder.jpg,nb,52527.08333,-77.41345723,nb,shoulder,-1
N3C38,32.94876151,-83.81228301,n,8/2/2018,3,Thursday,11:38:49,incident_stopped,2018-08-02_11-38-49_incident_stopped_zone_nb-shoulder.jpg,nb,52538.81667,-3.479229064,nb,shoulder,-1
N1C09,32.81772219,-83.72879532,n,8/2/2018,3,Thursday,11:38:52,incident_stopped,2018-08-02_11-38-52_incident_stopped_zone_nb-shoulder.jpg,nb,52538.86667,-54.56967025,nb,shoulder,-1
S1C30,32.91200591,-83.79524157,s,8/2/2018,3,Thursday,11:50:57,incident_stopped,2018-08-02_11-50-57_incident_stopped_zone_nb-shoulder.jpg,nb,52550.95,-17.00028257,nb,shoulder,-1
N2C33,32.92077604,-83.79943309,n,8/2/2018,3,Thursday,11:57:54,incident_stopped,2018-08-02_11-57-54_incident_stopped_zone_nb-shoulder.jpg,nb,52557.9,-13.74452878,nb,shoulder,-1
BIBB-CAM-018,32.79962746,-83.72080704,n,8/2/2018,3,Thursday,12:01:35,incident_congestion,2018-08-02_12-01-35_incident_congestion_zone_nb-lanes.jpg,nb,52561.58333,-61.20075294,nb,lanes,-1
N1C41,32.7558,-83.709193,n,8/2/2018,3,Thursday,12:13:34,incident_stopped,2018-08-02_12-13-34_incident_stopped.jpg,nb,52573.56667,-76.37247586,,,-1
N2C22,32.87317142,-83.76128066,n,8/2/2018,3,Thursday,12:37:42,incident_stopped,2018-08-02_12-37-42_incident_stopped_zone_nb-shoulder.jpg,nb,52597.7,-33.22037987,nb,shoulder,-1
N1C01,32.76613511,-83.71030216,n,8/2/2018,3,Thursday,12:58:23,incident_stopped,2018-08-02_12-58-23_incident_stopped_zone_nb-shoulder.jpg,nb,52618.38333,-72.97440738,nb,shoulder,-1
S1C21,32.86987654,-83.75830175,s,8/2/2018,3,Thursday,13:30:13,incident_stopped,2018-08-02_13-30-13_incident_stopped_zone_nb-shoulder.jpg,nb,52650.21667,-34.62822647,nb,shoulder,-1
N1C07,32.80647151,-83.72379194,n,8/2/2018,3,Thursday,13:47:41,incident_stopped,2018-08-02_13-47-41_incident_stopped_zone_ramp-shoulder.jpg,nb,52667.68333,-58.69634095,ramp,shoulder,-1
N1C20,32.86504559,-83.75232959,n,8/2/2018,3,Thursday,14:43:48,incident_stopped,2018-08-02_14-43-48_incident_stopped_zone_nb-shoulder.jpg,nb,52723.8,-36.91653912,nb,shoulder,-1
N2C03,32.78071485,-83.71530658,n,8/2/2018,3,Thursday,14:49:58,incident_congestion,2018-08-02_14-49-58_incident_congestion_zone_nb-lanes.jpg,nb,52729.96667,-67.78810628,nb,lanes,-1
N1C04,32.7850913,-83.71806273,n,8/2/2018,3,Thursday,14:50:12,incident_congestion,2018-08-02_14-50-12_incident_congestion_zone_nb-lanes.jpg,nb,52730.2,-66.07987571,nb,lanes,-1
N2C01,32.76613511,-83.71030216,n,8/2/2018,3,Thursday,15:03:44,incident_stopped,2018-08-02_15-03-44_incident_stopped_zone_nb-shoulder.jpg,nb,52743.73333,-72.97440738,nb,shoulder,-1
BIBB-CAM-009,32.76613511,-83.71030216,n,8/2/2018,3,Thursday,15:52:59,incident_stopped,2018-08-02_15-52-59_incident_stopped.jpg,nb,52792.98333,-72.97440738,,,-1
BIBB-CAM-037,32.92513731,-83.80220611,s,8/2/2018,3,Thursday,16:08:10,incident_stopped,2018-08-02_16-08-10_incident_stopped_zone_nb-shoulder.jpg,nb,52808.16667,-12.07189332,nb,shoulder,-1
S1C21,32.86987654,-83.75830175,s,8/2/2018,3,Thursday,16:09:40,incident_stopped,2018-08-02_16-09-40_incident_stopped_zone_nb-shoulder.jpg,nb,52809.66667,-34.62822647,nb,shoulder,-1
N1C07,32.80647151,-83.72379194,n,8/2/2018,3,Thursday,16:52:32,incident_stopped,2018-08-02_16-52-32_incident_stopped_zone_ramp-shoulder.jpg,nb,52852.53333,-58.69634095,ramp,shoulder,-1
BIBB-CAM-030,32.86987654,-83.75830175,s,8/2/2018,3,Thursday,17:02:23,incident_stopped,2018-08-02_17-02-23_incident_stopped_zone_far-shoulder.jpg,nb,52862.38333,-34.62822647,far,shoulder,-1
N1C06,32.79465366,-83.72010538,n,8/2/2018,3,Thursday,17:30:24,incident_stopped,2018-08-02_17-30-24_incident_stopped_zone_nb-shoulder.jpg,nb,52890.4,-62.83684554,nb,shoulder,-1
N2C03,32.78071485,-83.71530658,n,8/2/2018,3,Thursday,17:50:55,incident_stopped,2018-08-02_17-50-55_incident_stopped_zone_nb-shoulder.jpg,nb,52910.91667,-67.78810628,nb,shoulder,-1
N2C42,32.759892,-83.709757,n,8/2/2018,3,Thursday,18:14:30,incident_stopped,2018-08-02_18-14-30_incident_stopped_zone_nb-shoulder.jpg,nb,52934.5,-75.01044884,nb,shoulder,-1
BIBB-CAM-034,32.90013203,-83.7863588,s,8/2/2018,3,Thursday,18:24:41,incident_stopped,2018-08-02_18-24-41_incident_stopped_zone_nb-shoulder.jpg,nb,52944.68333,-21.73107036,nb,shoulder,-1
S1C21,32.86987654,-83.75830175,s,8/2/2018,3,Thursday,19:38:23,incident_stopped,2018-08-02_19-38-23_incident_stopped_zone_nb-shoulder.jpg,nb,53018.38333,-34.62822647,nb,shoulder,-1
S2C35,32.93764056,-83.80881181,s,8/2/2018,3,Thursday,19:57:11,incident_congestion,2018-08-02_19-57-11_incident_congestion_zone_far-lanes.jpg,nb,53037.18333,-7.427060674,far,lanes,-1
N1C20,32.86504559,-83.75232959,n,8/2/2018,3,Thursday,20:14:03,incident_stopped,2018-08-02_20-14-03_incident_stopped_zone_nb-shoulder.jpg,nb,53054.05,-36.91653912,nb,shoulder,-1
S2C17,32.84950348,-83.74113514,s,8/2/2018,3,Thursday,20:30:16,incident_stopped,2018-08-02_20-30-16_incident_stopped_zone_nb-shoulder.jpg,nb,53070.26667,-43.18705025,nb,shoulder,-1
BIBB-CAM-009,32.76613511,-83.71030216,n,8/2/2018,3,Thursday,21:29:37,incident_stopped,2018-08-02_21-29-37_incident_stopped.jpg,nb,53129.61667,-72.97440738,,,-1
N2C08,32.81331958,-83.72706597,n,8/2/2018,3,Thursday,22:26:25,incident_stopped,2018-08-02_22-26-25_incident_stopped_zone_nb-shoulder.jpg,nb,53186.41667,-56.15448649,nb,shoulder,-1
N1C24,32.87982448,-83.7684812,n,8/2/2018,3,Thursday,22:45:50,incident_stopped,2018-08-02_22-45-50_incident_stopped_zone_nb-shoulder.jpg,nb,53205.83333,-30.23393141,nb,shoulder,-1
S1C19,32.85919079,-83.74676747,s,8/2/2018,3,Thursday,22:59:59,incident_stopped,2018-08-02_22-59-59_incident_stopped_zone_nb-shoulder.jpg,nb,53219.98333,-39.46810985,nb,shoulder,-1
S1C21,32.86987654,-83.75830175,s,8/2/2018,3,Thursday,23:58:32,incident_stopped,2018-08-02_23-58-32_incident_stopped_zone_nb-shoulder.jpg,nb,53278.53333,-34.62822647,nb,shoulder,-1
S2C17,32.84950348,-83.74113514,s,8/3/2018,4,Friday,0:12:41,incident_stopped,2018-08-03_00-12-41_incident_stopped_zone_nb-lanes.jpg,nb,53292.68333,-43.18705025,nb,lanes,-1
N3C38,32.94876151,-83.81228301,n,8/3/2018,4,Friday,1:01:29,incident_stopped,2018-08-03_01-01-29_incident_stopped_zone_nb-shoulder.jpg,nb,53341.48333,-3.479229064,nb,shoulder,-1
BIBB-CAM-030,32.86987654,-83.75830175,s,8/3/2018,4,Friday,1:44:17,incident_stopped,2018-08-03_01-44-17_incident_stopped_zone_far-shoulder.jpg,nb,53384.28333,-34.62822647,far,shoulder,-1
S2C17,32.84950348,-83.74113514,s,8/3/2018,4,Friday,2:03:27,incident_stopped,2018-08-03_02-03-27_incident_stopped_zone_nb-shoulder.jpg,nb,53403.45,-43.18705025,nb,shoulder,-1
S1C30,32.91200591,-83.79524157,s,8/3/2018,4,Friday,6:54:26,incident_stopped,2018-08-03_06-54-26_incident_stopped_zone_nb-shoulder.jpg,nb,53694.43333,-17.00028257,nb,shoulder,-1
N2C03,32.78071485,-83.71530658,n,8/3/2018,4,Friday,8:12:48,incident_stopped,2018-08-03_08-12-48_incident_stopped_zone_nb-shoulder.jpg,nb,53772.8,-67.78810628,nb,shoulder,-1
N1C10,32.82260317,-83.73001566,n,8/3/2018,4,Friday,8:27:43,incident_stopped,2018-08-03_08-27-43_incident_stopped_zone_nb-shoulder.jpg,nb,53787.71667,-52.90603101,nb,shoulder,-1
BIBB-CAM-022,32.82254015,-83.73046915,s,8/3/2018,4,Friday,8:46:13,incident_stopped,2018-08-03_08-46-13_incident_stopped_zone_nb-shoulder.jpg,nb,53806.21667,-52.86537408,nb,shoulder,-1
BIBB-CAM-014,32.7850913,-83.71806273,n,8/3/2018,4,Friday,9:06:25,incident_stopped,2018-08-03_09-06-25_incident_stopped_zone_nb-shoulder.jpg,nb,53826.41667,-66.07987571,nb,shoulder,-1
N2C33,32.92077604,-83.79943309,n,8/3/2018,4,Friday,9:12:08,incident_stopped,2018-08-03_09-12-08_incident_stopped_zone_nb-shoulder.jpg,nb,53832.13333,-13.74452878,nb,shoulder,-1
S1C09,32.81017134,-83.72613824,s,8/3/2018,4,Friday,9:16:58,incident_stopped,2018-08-03_09-16-58_incident_stopped_zone_nb-shoulder.jpg,nb,53836.96667,-57.24864799,nb,shoulder,-1
S2C38,32.95157525,-83.81265346,s,8/3/2018,4,Friday,10:54:36,incident_stopped,2018-08-03_10-54-36_incident_stopped_zone_north-shoulder.jpg,nb,53934.6,-2.501382112,north,shoulder,-1
N2C03,32.78071485,-83.71530658,n,8/3/2018,4,Friday,11:08:05,incident_stopped,2018-08-03_11-08-05_incident_stopped_zone_nb-shoulder.jpg,nb,53948.08333,-67.78810628,nb,shoulder,-1
BIBB-CAM-032,32.88240434,-83.7719413,s,8/3/2018,4,Friday,12:23:50,incident_stopped,2018-08-03_12-23-50_incident_stopped_zone_nb-shoulder.jpg,nb,54023.83333,-29.00171497,nb,shoulder,-1
N1C07,32.80647151,-83.72379194,n,8/3/2018,4,Friday,12:36:28,incident_stopped,2018-08-03_12-36-28_incident_stopped_zone_ramp-shoulder.jpg,nb,54036.46667,-58.69634095,ramp,shoulder,-1
BIBB-CAM-026,32.84958885,-83.74065988,n,8/3/2018,4,Friday,13:13:38,incident_stopped,2018-08-03_13-13-38_incident_stopped_zone_nb-shoulder.jpg,nb,54073.63333,-43.22840936,nb,shoulder,-1
N1C41,32.7558,-83.709193,n,8/3/2018,4,Friday,13:51:39,incident_stopped,2018-08-03_13-51-39_incident_stopped.jpg,nb,54111.65,-76.37247586,,,-1
N1C25,32.88361771,-83.77234944,n,8/3/2018,4,Friday,14:02:53,incident_stopped,2018-08-03_14-02-53_incident_stopped_zone_ramp-shoulder.jpg,nb,54122.88333,-28.57124979,ramp,shoulder,-1
S1C21,32.86987654,-83.75830175,s,8/3/2018,4,Friday,14:11:34,incident_stopped,2018-08-03_14-11-34_incident_stopped_zone_nb-shoulder.jpg,nb,54131.56667,-34.62822647,nb,shoulder,-1
BIBB-CAM-028,32.86504559,-83.75232959,n,8/3/2018,4,Friday,14:25:05,incident_stopped,2018-08-03_14-25-05_incident_stopped.jpg,nb,54145.08333,-36.91653912,,,-1
N1C21,32.86981764,-83.75767111,n,8/3/2018,4,Friday,15:04:42,incident_stopped,2018-08-03_15-04-42_incident_stopped_zone_nb-shoulder.jpg,nb,54184.7,-34.7310666,nb,shoulder,-1
S1C33,32.92513731,-83.80220611,s,8/3/2018,4,Friday,15:25:07,incident_stopped,2018-08-03_15-25-07_incident_stopped_zone_nb-shoulder.jpg,nb,54205.11667,-12.07189332,nb,shoulder,-1
S2C33,32.92513731,-83.80220611,s,8/3/2018,4,Friday,15:25:08,incident_stopped,2018-08-03_15-25-08_incident_stopped_zone_nb-shoulder.jpg,nb,54205.13333,-12.07189332,nb,shoulder,-1
S1C09,32.81017134,-83.72613824,s,8/3/2018,4,Friday,15:39:45,incident_stopped,2018-08-03_15-39-45_incident_stopped_zone_nb-shoulder.jpg,nb,54219.75,-57.24864799,nb,shoulder,-1
N2C15,32.84068577,-83.73653266,n,8/3/2018,4,Friday,16:00:38,incident_stopped,2018-08-03_16-00-38_incident_stopped_zone_nb-shoulder.jpg,nb,54240.63333,-46.49987236,nb,shoulder,-1
S1C21,32.86987654,-83.75830175,s,8/3/2018,4,Friday,16:47:05,incident_stopped,2018-08-03_16-47-05_incident_stopped_zone_nb-shoulder.jpg,nb,54287.08333,-34.62822647,nb,shoulder,-1
N1C25,32.88361771,-83.77234944,n,8/3/2018,4,Friday,16:48:46,incident_stopped,2018-08-03_16-48-46_incident_stopped_zone_ramp-shoulder.jpg,nb,54288.76667,-28.57124979,ramp,shoulder,-1
N1C14,32.83648848,-83.73452853,n,8/3/2018,4,Friday,17:01:50,incident_stopped,2018-08-03_17-01-50_incident_stopped_zone_ramp-shoulder.jpg,nb,54301.83333,-48.05166032,ramp,shoulder,-1
N2C39,32.95177015,-83.81217745,n,8/3/2018,4,Friday,17:38:25,incident_stopped,2018-08-03_17-38-25_incident_stopped_zone_near-shoulder.jpg,nb,54338.41667,-2.4510298,near,shoulder,-1
N2C33,32.92077604,-83.79943309,n,8/3/2018,4,Friday,18:16:46,incident_stopped,2018-08-03_18-16-46_incident_stopped_zone_nb-shoulder.jpg,nb,54376.76667,-13.74452878,nb,shoulder,-1
N1C33,32.92077604,-83.79943309,n,8/3/2018,4,Friday,18:19:52,incident_stopped,2018-08-03_18-19-52_incident_stopped_zone_nb-shoulder.jpg,nb,54379.86667,-13.74452878,nb,shoulder,-1
N1C25,32.88361771,-83.77234944,n,8/3/2018,4,Friday,18:24:32,incident_stopped,2018-08-03_18-24-32_incident_stopped_zone_ramp-shoulder.jpg,nb,54384.53333,-28.57124979,ramp,shoulder,-1
N2C42,32.759892,-83.709757,n,8/3/2018,4,Friday,18:35:33,incident_stopped,2018-08-03_18-35-33_incident_stopped_zone_nb-shoulder.jpg,nb,54395.55,-75.01044884,nb,shoulder,-1
N2C26,32.88798194,-83.77607704,n,8/3/2018,4,Friday,18:36:02,incident_stopped,2018-08-03_18-36-02_incident_stopped_zone_nb-shoulder.jpg,nb,54396.03333,-26.75233619,nb,shoulder,-1
BIBB-CAM-039,32.94243524,-83.81127376,s,8/3/2018,4,Friday,18:44:59,incident_stopped,2018-08-03_18-44-59_incident_stopped_zone_nb-shoulder.jpg,nb,54404.98333,-5.683345579,nb,shoulder,-1
N1C37,32.94227108,-83.81080305,n,8/3/2018,4,Friday,19:05:27,incident_stopped,2018-08-03_19-05-27_incident_stopped_zone_nb-lanes.jpg,nb,54425.45,-5.756209786,nb,lanes,-1
BIBB-CAM-027,32.85953942,-83.7465392,n,8/3/2018,4,Friday,19:08:18,incident_stopped,2018-08-03_19-08-18_incident_stopped_zone_nb-shoulder.jpg,nb,54428.3,-39.39570165,nb,shoulder,-1
N2C37,32.94227108,-83.81080305,n,8/3/2018,4,Friday,19:09:55,incident_stopped,2018-08-03_19-09-55_incident_stopped_zone_near-lanes.jpg,nb,54429.91667,-5.756209786,near,lanes,-1
N3C38,32.94876151,-83.81228301,n,8/3/2018,4,Friday,19:21:01,incident_stopped,2018-08-03_19-21-01_incident_stopped_zone_nb-shoulder.jpg,nb,54441.01667,-3.479229064,nb,shoulder,-1
N1C37,32.94227108,-83.81080305,n,8/3/2018,4,Friday,19:23:33,incident_congestion,2018-08-03_19-23-33_incident_congestion_zone_nb-lanes.jpg,nb,54443.55,-5.756209786,nb,lanes,-1
BIBB-CAM-039,32.94243524,-83.81127376,s,8/3/2018,4,Friday,20:36:36,incident_stopped,2018-08-03_20-36-36_incident_stopped_zone_nb-lanes.jpg,nb,54516.6,-5.683345579,nb,lanes,-1
N1C07,32.80647151,-83.72379194,n,8/3/2018,4,Friday,20:51:30,incident_stopped,2018-08-03_20-51-30_incident_stopped_zone_ramp-shoulder.jpg,nb,54531.5,-58.69634095,ramp,shoulder,-1
N3C38,32.94876151,-83.81228301,n,8/3/2018,4,Friday,21:05:32,incident_stopped,2018-08-03_21-05-32_incident_stopped_zone_nb-shoulder.jpg,nb,54545.53333,-3.479229064,nb,shoulder,-1
N1C37,32.94227108,-83.81080305,n,8/3/2018,4,Friday,21:27:37,incident_stopped,2018-08-03_21-27-37_incident_stopped_zone_nb-lanes.jpg,nb,54567.61667,-5.756209786,nb,lanes,-1
N1C38,32.94876151,-83.81228301,n,8/3/2018,4,Friday,21:34:21,incident_stopped,2018-08-03_21-34-21_incident_stopped_zone_ramp-lanes.jpg,nb,54574.35,-3.479229064,ramp,lanes,-1
BIBB-CAM-032,32.88240434,-83.7719413,s,8/4/2018,5,Saturday,0:38:31,incident_stopped,2018-08-04_00-38-31_incident_stopped_zone_nb-shoulder.jpg,nb,54758.51667,-29.00171497,nb,shoulder,-1
N1C21,32.86981764,-83.75767111,n,8/4/2018,5,Saturday,2:07:45,incident_stopped,2018-08-04_02-07-45_incident_stopped_zone_nb-shoulder.jpg,nb,54847.75,-34.7310666,nb,shoulder,-1
S1C21,32.86987654,-83.75830175,s,8/4/2018,5,Saturday,3:59:49,incident_stopped,2018-08-04_03-59-49_incident_stopped_zone_nb-shoulder.jpg,nb,54959.81667,-34.62822647,nb,shoulder,-1
N2C01,32.76613511,-83.71030216,n,8/4/2018,5,Saturday,6:31:33,incident_stopped,2018-08-04_06-31-33_incident_stopped_zone_nb-shoulder.jpg,nb,55111.55,-72.97440738,nb,shoulder,-1
N2C40,32.751099,-83.713281,n,8/4/2018,5,Saturday,7:01:50,incident_stopped,2018-08-04_07-01-50_incident_stopped_zone_near-shoulder.jpg,nb,55141.83333,-77.41345723,near,shoulder,-1
S2C23,32.8774369,-83.7665846,s,8/4/2018,5,Saturday,7:15:22,incident_stopped,2018-08-04_07-15-22_incident_stopped_zone_far-shoulder.jpg,nb,55155.36667,-31.21570867,far,shoulder,-1
N2C26,32.88798194,-83.77607704,n,8/4/2018,5,Saturday,8:21:21,incident_stopped,2018-08-04_08-21-21_incident_stopped_zone_nb-shoulder.jpg,nb,55221.35,-26.75233619,nb,shoulder,-1
N2C01,32.76613511,-83.71030216,n,8/4/2018,5,Saturday,8:30:46,incident_stopped,2018-08-04_08-30-46_incident_stopped_zone_nb-shoulder.jpg,nb,55230.76667,-72.97440738,nb,shoulder,-1
N2C33,32.92077604,-83.79943309,n,8/4/2018,5,Saturday,8:34:15,incident_stopped,2018-08-04_08-34-15_incident_stopped_zone_nb-shoulder.jpg,nb,55234.25,-13.74452878,nb,shoulder,-1
S2C12,32.82694969,-83.73158785,s,8/4/2018,5,Saturday,9:02:14,incident_stopped,2018-08-04_09-02-14_incident_stopped_zone_nb-shoulder.jpg,nb,55262.23333,-51.36261191,nb,shoulder,-1
N1C03,32.78071485,-83.71530658,n,8/4/2018,5,Saturday,9:05:37,incident_stopped,2018-08-04_09-05-37_incident_stopped_zone_nb-shoulder.jpg,nb,55265.61667,-67.78810628,nb,shoulder,-1
S2C23,32.8774369,-83.7665846,s,8/4/2018,5,Saturday,10:20:54,incident_stopped,2018-08-04_10-20-54_incident_stopped_zone_far-shoulder.jpg,nb,55340.9,-31.21570867,far,shoulder,-1
N1C21,32.86981764,-83.75767111,n,8/4/2018,5,Saturday,10:27:09,incident_stopped,2018-08-04_10-27-09_incident_stopped_zone_nb-shoulder.jpg,nb,55347.15,-34.7310666,nb,shoulder,-1
S1C21,32.86987654,-83.75830175,s,8/4/2018,5,Saturday,11:01:51,incident_stopped,2018-08-04_11-01-51_incident_stopped_zone_nb-shoulder.jpg,nb,55381.85,-34.62822647,nb,shoulder,-1
S1C04,32.78488999,-83.71869237,s,8/4/2018,5,Saturday,11:22:05,incident_stopped,2018-08-04_11-22-05_incident_stopped_zone_nb-shoulder.jpg,nb,55402.08333,-66.06682308,nb,shoulder,-1
N1C03,32.78071485,-83.71530658,n,8/4/2018,5,Saturday,11:22:07,incident_stopped,2018-08-04_11-22-07_incident_stopped_zone_nb-shoulder.jpg,nb,55402.11667,-67.78810628,nb,shoulder,-1
S2C09,32.81017134,-83.72613824,s,8/4/2018,5,Saturday,11:32:44,incident_stopped,2018-08-04_11-32-44_incident_stopped_zone_nb-shoulder.jpg,nb,55412.73333,-57.24864799,nb,shoulder,-1
S2C26,32.88776313,-83.77647583,s,8/4/2018,5,Saturday,11:46:12,incident_stopped,2018-08-04_11-46-12_incident_stopped_zone_nb-shoulder.jpg,nb,55426.2,-26.77497584,nb,shoulder,-1
N1C26,32.88798194,-83.77607704,n,8/4/2018,5,Saturday,11:46:14,incident_stopped,2018-08-04_11-46-14_incident_stopped_zone_nb-shoulder.jpg,nb,55426.23333,-26.75233619,nb,shoulder,-1
BIBB-CAM-025,32.84057153,-83.73697533,s,8/4/2018,5,Saturday,11:49:36,incident_stopped,2018-08-04_11-49-36_incident_stopped_zone_nb-shoulder.jpg,nb,55429.6,-46.47309774,nb,shoulder,-1
N1C11,32.82699902,-83.73109564,n,8/4/2018,5,Saturday,11:52:19,incident_stopped,2018-08-04_11-52-19_incident_stopped_zone_nb-shoulder.jpg,nb,55432.31667,-51.41367576,nb,shoulder,-1
N3C38,32.94876151,-83.81228301,n,8/4/2018,5,Saturday,12:02:13,incident_stopped,2018-08-04_12-02-13_incident_stopped_zone_nb-shoulder.jpg,nb,55442.21667,-3.479229064,nb,shoulder,-1
N1C07,32.80647151,-83.72379194,n,8/4/2018,5,Saturday,12:14:28,incident_stopped,2018-08-04_12-14-28_incident_stopped_zone_ramp-shoulder.jpg,nb,55454.46667,-58.69634095,ramp,shoulder,-1
N1C20,32.86504559,-83.75232959,n,8/4/2018,5,Saturday,12:19:29,incident_stopped,2018-08-04_12-19-29_incident_stopped_zone_nb-lanes.jpg,nb,55459.48333,-36.91653912,nb,lanes,-1
S1C30,32.91200591,-83.79524157,s,8/4/2018,5,Saturday,12:55:48,incident_stopped,2018-08-04_12-55-48_incident_stopped_zone_nb-shoulder.jpg,nb,55495.8,-17.00028257,nb,shoulder,-1
BIBB-CAM-028,32.86504559,-83.75232959,n,8/4/2018,5,Saturday,12:56:39,incident_stopped,2018-08-04_12-56-39_incident_stopped_zone_nb-shoulder.jpg,nb,55496.65,-36.91653912,nb,shoulder,-1
BIBB-CAM-033,32.89075559,-83.77887713,s,8/4/2018,5,Saturday,13:14:34,incident_stopped,2018-08-04_13-14-34_incident_stopped_zone_nb-shoulder.jpg,nb,55514.56667,-25.54978527,nb,shoulder,-1
BIBB-CAM-013,32.77567367,-83.7128245,s,8/4/2018,5,Saturday,13:52:27,incident_stopped,2018-08-04_13-52-27_incident_stopped_zone_nb-lanes.jpg,nb,55552.45,-69.6715058,nb,lanes,-1
BIBB-CAM-036,32.91536047,-83.79703412,s,8/4/2018,5,Saturday,13:57:59,incident_stopped,2018-08-04_13-57-59_incident_stopped_zone_far-shoulder.jpg,nb,55557.98333,-15.73785658,far,shoulder,-1
S1C20,32.86504559,-83.75232959,s,8/4/2018,5,Saturday,13:58:12,incident_stopped,2018-08-04_13-58-12_incident_stopped_zone_far-lanes.jpg,nb,55558.2,-36.91653912,far,lanes,-1
N1C06,32.79465366,-83.72010538,n,8/4/2018,5,Saturday,14:12:02,incident_stopped,2018-08-04_14-12-02_incident_stopped_zone_nb-shoulder.jpg,nb,55572.03333,-62.83684554,nb,shoulder,-1
N2C03,32.78071485,-83.71530658,n,8/4/2018,5,Saturday,14:36:50,incident_stopped,2018-08-04_14-36-50_incident_stopped_zone_nb-shoulder.jpg,nb,55596.83333,-67.78810628,nb,shoulder,-1
BIBB-CAM-030,32.86987654,-83.75830175,s,8/4/2018,5,Saturday,15:58:38,incident_stopped,2018-08-04_15-58-38_incident_stopped_zone_far-shoulder.jpg,nb,55678.63333,-34.62822647,far,shoulder,-1
N1C14,32.83648848,-83.73452853,n,8/4/2018,5,Saturday,16:17:38,incident_stopped,2018-08-04_16-17-38_incident_stopped_zone_ramp-shoulder.jpg,nb,55697.63333,-48.05166032,ramp,shoulder,-1
N2C01,32.76613511,-83.71030216,n,8/4/2018,5,Saturday,17:13:27,incident_stopped,2018-08-04_17-13-27_incident_stopped_zone_nb-shoulder.jpg,nb,55753.45,-72.97440738,nb,shoulder,-1
N1C01,32.76613511,-83.71030216,n,8/4/2018,5,Saturday,17:13:29,incident_stopped,2018-08-04_17-13-29_incident_stopped_zone_nb-shoulder.jpg,nb,55753.48333,-72.97440738,nb,shoulder,-1
N1C25,32.88361771,-83.77234944,n,8/4/2018,5,Saturday,17:25:22,incident_stopped,2018-08-04_17-25-22_incident_stopped_zone_ramp-shoulder.jpg,nb,55765.36667,-28.57124979,ramp,shoulder,-1
N1C17,32.84958885,-83.74065988,n,8/4/2018,5,Saturday,18:08:05,incident_stopped,2018-08-04_18-08-05_incident_stopped_zone_nb-shoulder.jpg,nb,55808.08333,-43.22840936,nb,shoulder,-1
N2C03,32.78071485,-83.71530658,n,8/4/2018,5,Saturday,18:25:04,incident_stopped,2018-08-04_18-25-04_incident_stopped_zone_nb-shoulder.jpg,nb,55825.06667,-67.78810628,nb,shoulder,-1
BIBB-CAM-030,32.86987654,-83.75830175,s,8/4/2018,5,Saturday,18:56:49,incident_stopped,2018-08-04_18-56-49_incident_stopped_zone_far-shoulder.jpg,nb,55856.81667,-34.62822647,far,shoulder,-1
S1C19,32.85919079,-83.74676747,s,8/4/2018,5,Saturday,19:25:59,incident_stopped,2018-08-04_19-25-59_incident_stopped_zone_nb-shoulder.jpg,nb,55885.98333,-39.46810985,nb,shoulder,-1
N2C11,32.82699902,-83.73109564,n,8/4/2018,5,Saturday,19:35:59,incident_stopped,2018-08-04_19-35-59_incident_stopped_zone_near-shoulder.jpg,nb,55895.98333,-51.41367576,near,shoulder,-1
S2C11,32.82254015,-83.73046915,s,8/4/2018,5,Saturday,19:36:00,incident_stopped,2018-08-04_19-36-00_incident_stopped_zone_far-shoulder.jpg,nb,55896,-52.86537408,far,shoulder,-1
S1C14,32.83620205,-83.73500536,s,8/4/2018,5,Saturday,20:04:06,incident_stopped,2018-08-04_20-04-06_incident_stopped_zone_nb-lanes.jpg,nb,55924.1,-48.07309629,nb,lanes,-1
N1C14,32.83648848,-83.73452853,n,8/4/2018,5,Saturday,20:04:07,incident_stopped,2018-08-04_20-04-07_incident_stopped_zone_ramp-shoulder.jpg,nb,55924.11667,-48.05166032,ramp,shoulder,-1
N1C21,32.86981764,-83.75767111,n,8/4/2018,5,Saturday,20:26:11,incident_stopped,2018-08-04_20-26-11_incident_stopped_zone_nb-shoulder.jpg,nb,55946.18333,-34.7310666,nb,shoulder,-1
N1C19,32.85953942,-83.7465392,n,8/4/2018,5,Saturday,20:28:54,incident_stopped,2018-08-04_20-28-54_incident_stopped_zone_nb-shoulder.jpg,nb,55948.9,-39.39570165,nb,shoulder,-1
N1C07,32.80647151,-83.72379194,n,8/4/2018,5,Saturday,21:15:30,incident_stopped,2018-08-04_21-15-30_incident_stopped_zone_ramp-shoulder.jpg,nb,55995.5,-58.69634095,ramp,shoulder,-1
S2C09,32.81017134,-83.72613824,s,8/4/2018,5,Saturday,21:20:17,incident_stopped,2018-08-04_21-20-17_incident_stopped_zone_nb-shoulder.jpg,nb,56000.28333,-57.24864799,nb,shoulder,-1
N1C01,32.76613511,-83.71030216,n,8/4/2018,5,Saturday,23:43:29,incident_stopped,2018-08-04_23-43-29_incident_stopped_zone_nb-shoulder.jpg,nb,56143.48333,-72.97440738,nb,shoulder,-1
S1C21,32.86987654,-83.75830175,s,8/5/2018,6,Sunday,0:47:34,incident_stopped,2018-08-05_00-47-34_incident_stopped_zone_nb-shoulder.jpg,nb,56207.56667,-34.62822647,nb,shoulder,-1
BIBB-CAM-028,32.86504559,-83.75232959,n,8/5/2018,6,Sunday,1:59:25,incident_stopped,2018-08-05_01-59-25_incident_stopped.jpg,nb,56279.41667,-36.91653912,,,-1
BIBB-CAM-028,32.86504559,-83.75232959,n,8/5/2018,6,Sunday,4:23:16,incident_stopped,2018-08-05_04-23-16_incident_stopped.jpg,nb,56423.26667,-36.91653912,,,-1
N1C11,32.82699902,-83.73109564,n,8/5/2018,6,Sunday,7:29:19,incident_stopped,2018-08-05_07-29-19_incident_stopped_zone_nb-shoulder.jpg,nb,56609.31667,-51.41367576,nb,shoulder,-1
N2C11,32.82699902,-83.73109564,n,8/5/2018,6,Sunday,7:29:33,incident_stopped,2018-08-05_07-29-33_incident_stopped_zone_near-shoulder.jpg,nb,56609.55,-51.41367576,near,shoulder,-1
N2C03,32.78071485,-83.71530658,n,8/5/2018,6,Sunday,7:31:41,incident_stopped,2018-08-05_07-31-41_incident_stopped_zone_nb-shoulder.jpg,nb,56611.68333,-67.78810628,nb,shoulder,-1
S1C21,32.86987654,-83.75830175,s,8/5/2018,6,Sunday,8:12:22,incident_stopped,2018-08-05_08-12-22_incident_stopped_zone_nb-shoulder.jpg,nb,56652.36667,-34.62822647,nb,shoulder,-1
N2C38,32.94876151,-83.81228301,n,8/5/2018,6,Sunday,9:11:19,incident_stopped,2018-08-05_09-11-19_incident_stopped_zone_nb-lanes.jpg,nb,56711.31667,-3.479229064,nb,lanes,-1
N1C38,32.94876151,-83.81228301,n,8/5/2018,6,Sunday,9:30:52,incident_stopped,2018-08-05_09-30-52_incident_stopped_zone_ramp-shoulder.jpg,nb,56730.86667,-3.479229064,ramp,shoulder,-1
S1C28,32.90013203,-83.7863588,s,8/5/2018,6,Sunday,9:57:42,incident_stopped,2018-08-05_09-57-42_incident_stopped_zone_nb-shoulder.jpg,nb,56757.7,-21.73107036,nb,shoulder,-1
BIBB-CAM-014,32.7850913,-83.71806273,n,8/5/2018,6,Sunday,10:11:19,incident_stopped,2018-08-05_10-11-19_incident_stopped_zone_nb-shoulder.jpg,nb,56771.31667,-66.07987571,nb,shoulder,-1
N3C38,32.94876151,-83.81228301,n,8/5/2018,6,Sunday,10:37:09,incident_stopped,2018-08-05_10-37-09_incident_stopped_zone_nb-shoulder.jpg,nb,56797.15,-3.479229064,nb,shoulder,-1
S1C21,32.86987654,-83.75830175,s,8/5/2018,6,Sunday,10:45:22,incident_stopped,2018-08-05_10-45-22_incident_stopped_zone_nb-shoulder.jpg,nb,56805.36667,-34.62822647,nb,shoulder,-1
N1C21,32.86981764,-83.75767111,n,8/5/2018,6,Sunday,10:55:42,incident_stopped,2018-08-05_10-55-42_incident_stopped_zone_nb-shoulder.jpg,nb,56815.7,-34.7310666,nb,shoulder,-1
N1C01,32.76613511,-83.71030216,n,8/5/2018,6,Sunday,11:13:11,incident_stopped,2018-08-05_11-13-11_incident_stopped_zone_nb-shoulder.jpg,nb,56833.18333,-72.97440738,nb,shoulder,-1
N1C07,32.80647151,-83.72379194,n,8/5/2018,6,Sunday,11:15:19,incident_stopped,2018-08-05_11-15-19_incident_stopped_zone_ramp-shoulder.jpg,nb,56835.31667,-58.69634095,ramp,shoulder,-1
S2C08,32.80622138,-83.72432815,s,8/5/2018,6,Sunday,11:33:16,incident_stopped,2018-08-05_11-33-16_incident_stopped_zone_nb-lanes.jpg,nb,56853.26667,-58.705165,nb,lanes,-1
N1C28,32.89668342,-83.78307091,n,8/5/2018,6,Sunday,12:18:54,incident_stopped,2018-08-05_12-18-54_incident_stopped_zone_nb-lanes.jpg,nb,56898.9,-23.1910345,nb,lanes,-1
S1C21,32.86987654,-83.75830175,s,8/5/2018,6,Sunday,12:42:52,incident_stopped,2018-08-05_12-42-52_incident_stopped_zone_nb-shoulder.jpg,nb,56922.86667,-34.62822647,nb,shoulder,-1
N2C01,32.76613511,-83.71030216,n,8/5/2018,6,Sunday,12:43:07,incident_stopped,2018-08-05_12-43-07_incident_stopped_zone_nb-shoulder.jpg,nb,56923.11667,-72.97440738,nb,shoulder,-1
BIBB-CAM-037,32.92513731,-83.80220611,s,8/5/2018,6,Sunday,13:23:57,incident_stopped,2018-08-05_13-23-57_incident_stopped_zone_nb-shoulder.jpg,nb,56963.95,-12.07189332,nb,shoulder,-1
N2C33,32.92077604,-83.79943309,n,8/5/2018,6,Sunday,13:34:27,incident_stopped,2018-08-05_13-34-27_incident_stopped_zone_nb-shoulder.jpg,nb,56974.45,-13.74452878,nb,shoulder,-1
N2C03,32.78071485,-83.71530658,n,8/5/2018,6,Sunday,13:59:31,incident_stopped,2018-08-05_13-59-31_incident_stopped_zone_nb-shoulder.jpg,nb,56999.51667,-67.78810628,nb,shoulder,-1
N1C11,32.82699902,-83.73109564,n,8/5/2018,6,Sunday,15:42:53,incident_stopped,2018-08-05_15-42-53_incident_stopped_zone_nb-shoulder.jpg,nb,57102.88333,-51.41367576,nb,shoulder,-1
N2C11,32.82699902,-83.73109564,n,8/5/2018,6,Sunday,15:42:56,incident_stopped,2018-08-05_15-42-56_incident_stopped_zone_near-shoulder.jpg,nb,57102.93333,-51.41367576,near,shoulder,-1
BIBB-CAM-030,32.86987654,-83.75830175,s,8/5/2018,6,Sunday,15:50:14,incident_stopped,2018-08-05_15-50-14_incident_stopped_zone_far-shoulder.jpg,nb,57110.23333,-34.62822647,far,shoulder,-1
N1C21,32.86981764,-83.75767111,n,8/5/2018,6,Sunday,16:38:28,incident_stopped,2018-08-05_16-38-28_incident_stopped_zone_nb-shoulder.jpg,nb,57158.46667,-34.7310666,nb,shoulder,-1
N1C03,32.78071485,-83.71530658,n,8/5/2018,6,Sunday,16:55:50,incident_stopped,2018-08-05_16-55-50_incident_stopped_zone_nb-shoulder.jpg,nb,57175.83333,-67.78810628,nb,shoulder,-1
N1C16,32.84577945,-83.73888874,n,8/5/2018,6,Sunday,16:58:22,incident_stopped,2018-08-05_16-58-22_incident_stopped_zone_near-shoulder.jpg,nb,57178.36667,-44.6283787,near,shoulder,-1
S1C16,32.84561646,-83.73933607,s,8/5/2018,6,Sunday,16:58:23,incident_stopped,2018-08-05_16-58-23_incident_stopped_zone_nb-shoulder.jpg,nb,57178.38333,-44.61500342,nb,shoulder,-1
S2C09,32.81017134,-83.72613824,s,8/5/2018,6,Sunday,17:21:02,incident_stopped,2018-08-05_17-21-02_incident_stopped_zone_nb-shoulder.jpg,nb,57201.03333,-57.24864799,nb,shoulder,1
N2C07,32.80647151,-83.72379194,n,8/5/2018,6,Sunday,17:21:06,incident_stopped,2018-08-05_17-21-06_incident_stopped_zone_nb-shoulder.jpg,nb,57201.1,-58.69634095,nb,shoulder,1
N1C07,32.80647151,-83.72379194,n,8/5/2018,6,Sunday,17:21:18,incident_stopped,2018-08-05_17-21-18_incident_stopped_zone_ramp-shoulder.jpg,nb,57201.3,-58.69634095,ramp,shoulder,1
BIBB-CAM-019,32.80622138,-83.72432815,s,8/5/2018,6,Sunday,17:25:34,incident_slow,2018-08-05_17-25-34_incident_slow_zone_far-lanes.jpg,nb,57205.56667,-58.705165,far,lanes,1
N2C07,32.80647151,-83.72379194,n,8/5/2018,6,Sunday,17:25:34,incident_slow,2018-08-05_17-25-34_incident_slow_zone_nb-lanes.jpg,nb,57205.56667,-58.69634095,nb,lanes,1
N3C07,32.80647151,-83.72379194,n,8/5/2018,6,Sunday,17:25:37,incident_congestion,2018-08-05_17-25-37_incident_congestion_zone_near-lanes.jpg,nb,57205.61667,-58.69634095,near,lanes,1
S2C08,32.80622138,-83.72432815,s,8/5/2018,6,Sunday,17:25:39,incident_congestion,2018-08-05_17-25-39_incident_congestion_zone_nb-lanes.jpg,nb,57205.65,-58.705165,nb,lanes,1
BIBB-CAM-019,32.80622138,-83.72432815,s,8/5/2018,6,Sunday,17:29:48,incident_congestion,2018-08-05_17-29-48_incident_congestion_zone_far-lanes.jpg,nb,57209.8,-58.705165,far,lanes,1
N3C07,32.80647151,-83.72379194,n,8/5/2018,6,Sunday,17:31:34,incident_slow,2018-08-05_17-31-34_incident_slow_zone_near-lanes.jpg,nb,57211.56667,-58.69634095,near,lanes,1
N1C07,32.80647151,-83.72379194,n,8/5/2018,6,Sunday,17:31:34,incident_slow,2018-08-05_17-31-34_incident_slow_zone_ramp-lanes.jpg,nb,57211.56667,-58.69634095,ramp,lanes,1
S2C08,32.80622138,-83.72432815,s,8/5/2018,6,Sunday,17:31:35,incident_slow,2018-08-05_17-31-35_incident_slow_zone_nb-lanes.jpg,nb,57211.58333,-58.705165,nb,lanes,1
S1C09,32.81017134,-83.72613824,s,8/5/2018,6,Sunday,17:47:15,incident_stopped,2018-08-05_17-47-15_incident_stopped_zone_nb-shoulder.jpg,nb,57227.25,-57.24864799,nb,shoulder,-1
N1C06,32.79465366,-83.72010538,n,8/5/2018,6,Sunday,18:01:46,incident_stopped,2018-08-05_18-01-46_incident_stopped_zone_nb-shoulder.jpg,nb,57241.76667,-62.83684554,nb,shoulder,-1
N1C25,32.88361771,-83.77234944,n,8/5/2018,6,Sunday,18:07:29,incident_stopped,2018-08-05_18-07-29_incident_stopped_zone_ramp-shoulder.jpg,nb,57247.48333,-28.57124979,ramp,shoulder,-1
N3C01,32.76613511,-83.71030216,n,8/5/2018,6,Sunday,19:31:00,incident_stopped,2018-08-05_19-31-00_incident_stopped_zone_nb-lanes.jpg,nb,57331,-72.97440738,nb,lanes,-1
N2C32,32.91549987,-83.79665373,n,8/5/2018,6,Sunday,19:56:51,incident_stopped,2018-08-05_19-56-51_incident_stopped_zone_nb-lanes.jpg,nb,57356.85,-15.72572861,nb,lanes,-1
N1C06,32.79465366,-83.72010538,n,8/5/2018,6,Sunday,20:41:04,incident_stopped,2018-08-05_20-41-04_incident_stopped_zone_nb-shoulder.jpg,nb,57401.06667,-62.83684554,nb,shoulder,-1
N2C03,32.78071485,-83.71530658,n,8/5/2018,6,Sunday,20:46:30,incident_stopped,2018-08-05_20-46-30_incident_stopped_zone_nb-shoulder.jpg,nb,57406.5,-67.78810628,nb,shoulder,-1
S1C16,32.84561646,-83.73933607,s,8/5/2018,6,Sunday,21:22:10,incident_stopped,2018-08-05_21-22-10_incident_stopped_zone_nb-shoulder.jpg,nb,57442.16667,-44.61500342,nb,shoulder,-1
S2C09,32.81017134,-83.72613824,s,8/5/2018,6,Sunday,22:05:46,incident_stopped,2018-08-05_22-05-46_incident_stopped_zone_nb-shoulder.jpg,nb,57485.76667,-57.24864799,nb,shoulder,-1
N3C38,32.94876151,-83.81228301,n,8/5/2018,6,Sunday,23:40:42,incident_stopped,2018-08-05_23-40-42_incident_stopped_zone_nb-shoulder.jpg,nb,57580.7,-3.479229064,nb,shoulder,-1
BIBB-CAM-026,32.84958885,-83.74065988,n,8/5/2018,6,Sunday,23:49:06,incident_stopped,2018-08-05_23-49-06_incident_stopped_zone_nb-shoulder.jpg,nb,57589.1,-43.22840936,nb,shoulder,-1
N3C02,32.76990531,-83.71029631,n,8/5/2018,6,Sunday,23:55:23,incident_stopped,2018-08-05_23-55-23_incident_stopped_zone_nb-shoulder.jpg,nb,57595.38333,-71.78891913,nb,shoulder,-1
N2C40,32.751099,-83.713281,n,8/6/2018,0,Monday,0:12:21,incident_stopped,2018-08-06_00-12-21_incident_stopped_zone_near-shoulder.jpg,nb,57612.35,-77.41345723,near,shoulder,-1
N1C40,32.751099,-83.713281,n,8/6/2018,0,Monday,0:12:28,incident_stopped,2018-08-06_00-12-28_incident_stopped_zone_nb-shoulder.jpg,nb,57612.46667,-77.41345723,nb,shoulder,-1
N2C42,32.759892,-83.709757,n,8/6/2018,0,Monday,0:14:12,incident_stopped,2018-08-06_00-14-12_incident_stopped_zone_nb-shoulder.jpg,nb,57614.2,-75.01044884,nb,shoulder,-1
BIBB-CAM-026,32.84958885,-83.74065988,n,8/6/2018,0,Monday,2:23:25,incident_stopped,2018-08-06_02-23-25_incident_stopped_zone_nb-shoulder.jpg,nb,57743.41667,-43.22840936,nb,shoulder,-1
S2C09,32.81017134,-83.72613824,s,8/6/2018,0,Monday,2:41:11,incident_stopped,2018-08-06_02-41-11_incident_stopped_zone_nb-shoulder.jpg,nb,57761.18333,-57.24864799,nb,shoulder,-1
N2C17,32.84958885,-83.74065988,n,8/6/2018,0,Monday,4:35:42,incident_stopped,2018-08-06_04-35-42_incident_stopped_zone_nb-shoulder.jpg,nb,57875.7,-43.22840936,nb,shoulder,-1
N3C02,32.76990531,-83.71029631,n,8/6/2018,0,Monday,5:00:11,incident_stopped,2018-08-06_05-00-11_incident_stopped_zone_nb-shoulder.jpg,nb,57900.18333,-71.78891913,nb,shoulder,-1
N1C25,32.88361771,-83.77234944,n,8/6/2018,0,Monday,7:03:00,incident_stopped,2018-08-06_07-03-00_incident_stopped_zone_ramp-shoulder.jpg,nb,58023,-28.57124979,ramp,shoulder,-1
N2C11,32.82699902,-83.73109564,n,8/6/2018,0,Monday,7:52:59,incident_stopped,2018-08-06_07-52-59_incident_stopped_zone_near-shoulder.jpg,nb,58072.98333,-51.41367576,near,shoulder,-1
N3C02,32.76990531,-83.71029631,n,8/6/2018,0,Monday,8:03:52,incident_stopped,2018-08-06_08-03-52_incident_stopped_zone_nb-shoulder.jpg,nb,58083.86667,-71.78891913,nb,shoulder,-1
N1C11,32.82699902,-83.73109564,n,8/6/2018,0,Monday,8:09:33,incident_stopped,2018-08-06_08-09-33_incident_stopped_zone_nb-shoulder.jpg,nb,58089.55,-51.41367576,nb,shoulder,-1
BIBB-CAM-023,32.82699902,-83.73109564,n,8/6/2018,0,Monday,8:21:12,incident_stopped,2018-08-06_08-21-12_incident_stopped.jpg,nb,58101.2,-51.41367576,,,-1
S2C38,32.95157525,-83.81265346,s,8/6/2018,0,Monday,8:24:18,incident_stopped,2018-08-06_08-24-18_incident_stopped_zone_north-shoulder.jpg,nb,58104.3,-2.501382112,north,shoulder,-1
S1C09,32.81017134,-83.72613824,s,8/6/2018,0,Monday,9:05:47,incident_stopped,2018-08-06_09-05-47_incident_stopped_zone_nb-shoulder.jpg,nb,58145.78333,-57.24864799,nb,shoulder,-1
N2C42,32.759892,-83.709757,n,8/6/2018,0,Monday,9:07:44,incident_stopped,2018-08-06_09-07-44_incident_stopped_zone_nb-shoulder.jpg,nb,58147.73333,-75.01044884,nb,shoulder,-1
N3C02,32.76990531,-83.71029631,n,8/6/2018,0,Monday,10:01:31,incident_stopped,2018-08-06_10-01-31_incident_stopped_zone_nb-shoulder.jpg,nb,58201.51667,-71.78891913,nb,shoulder,-1
N1C20,32.86504559,-83.75232959,n,8/6/2018,0,Monday,10:31:20,incident_stopped,2018-08-06_10-31-20_incident_stopped_zone_nb-shoulder.jpg,nb,58231.33333,-36.91653912,nb,shoulder,-1
N1C03,32.78071485,-83.71530658,n,8/6/2018,0,Monday,10:53:32,incident_stopped,2018-08-06_10-53-32_incident_stopped_zone_nb-shoulder.jpg,nb,58253.53333,-67.78810628,nb,shoulder,-1
S1C21,32.86987654,-83.75830175,s,8/6/2018,0,Monday,11:20:55,incident_stopped,2018-08-06_11-20-55_incident_stopped_zone_nb-shoulder.jpg,nb,58280.91667,-34.62822647,nb,shoulder,-1
BIBB-CAM-028,32.86504559,-83.75232959,n,8/6/2018,0,Monday,11:22:44,incident_stopped,2018-08-06_11-22-44_incident_stopped_zone_nb-shoulder.jpg,nb,58282.73333,-36.91653912,nb,shoulder,-1
N1C07,32.80647151,-83.72379194,n,8/6/2018,0,Monday,11:44:54,incident_stopped,2018-08-06_11-44-54_incident_stopped_zone_ramp-shoulder.jpg,nb,58304.9,-58.69634095,ramp,shoulder,-1
S1C28,32.90013203,-83.7863588,s,8/6/2018,0,Monday,12:09:08,incident_stopped,2018-08-06_12-09-08_incident_stopped_zone_nb-shoulder.jpg,nb,58329.13333,-21.73107036,nb,shoulder,-1
N2C17,32.84958885,-83.74065988,n,8/6/2018,0,Monday,12:10:00,incident_stopped,2018-08-06_12-10-00_incident_stopped_zone_nb-shoulder.jpg,nb,58330,-43.22840936,nb,shoulder,-1
N2C01,32.76613511,-83.71030216,n,8/6/2018,0,Monday,12:21:09,incident_stopped,2018-08-06_12-21-09_incident_stopped_zone_nb-shoulder.jpg,nb,58341.15,-72.97440738,nb,shoulder,-1
N1C03,32.78071485,-83.71530658,n,8/6/2018,0,Monday,12:54:04,incident_stopped,2018-08-06_12-54-04_incident_stopped_zone_nb-shoulder.jpg,nb,58374.06667,-67.78810628,nb,shoulder,-1
S1C04,32.78488999,-83.71869237,s,8/6/2018,0,Monday,12:54:06,incident_stopped,2018-08-06_12-54-06_incident_stopped_zone_nb-lanes.jpg,nb,58374.1,-66.06682308,nb,lanes,-1
N1C17,32.84958885,-83.74065988,n,8/6/2018,0,Monday,12:55:11,incident_stopped,2018-08-06_12-55-11_incident_stopped_zone_nb-shoulder.jpg,nb,58375.18333,-43.22840936,nb,shoulder,-1
N1C20,32.86504559,-83.75232959,n,8/6/2018,0,Monday,13:05:26,incident_stopped,2018-08-06_13-05-26_incident_stopped_zone_nb-shoulder.jpg,nb,58385.43333,-36.91653912,nb,shoulder,-1
S1C16,32.84561646,-83.73933607,s,8/6/2018,0,Monday,13:06:21,incident_stopped,2018-08-06_13-06-21_incident_stopped_zone_nb-shoulder.jpg,nb,58386.35,-44.61500342,nb,shoulder,-1
S1C21,32.86987654,-83.75830175,s,8/6/2018,0,Monday,13:26:31,incident_stopped,2018-08-06_13-26-31_incident_stopped_zone_nb-shoulder.jpg,nb,58406.51667,-34.62822647,nb,shoulder,-1
N1C21,32.86981764,-83.75767111,n,8/6/2018,0,Monday,13:49:59,incident_stopped,2018-08-06_13-49-59_incident_stopped_zone_nb-shoulder.jpg,nb,58429.98333,-34.7310666,nb,shoulder,-1
S2C09,32.81017134,-83.72613824,s,8/6/2018,0,Monday,14:40:54,incident_stopped,2018-08-06_14-40-54_incident_stopped_zone_nb-shoulder.jpg,nb,58480.9,-57.24864799,nb,shoulder,-1
N1C07,32.80647151,-83.72379194,n,8/6/2018,0,Monday,14:41:36,incident_stopped,2018-08-06_14-41-36_incident_stopped_zone_ramp-shoulder.jpg,nb,58481.6,-58.69634095,ramp,shoulder,-1
N3C07,32.80647151,-83.72379194,n,8/6/2018,0,Monday,14:44:30,incident_congestion,2018-08-06_14-44-30_incident_congestion_zone_near-lanes.jpg,nb,58484.5,-58.69634095,near,lanes,-1
BIBB-CAM-019,32.80622138,-83.72432815,s,8/6/2018,0,Monday,14:44:49,incident_congestion,2018-08-06_14-44-49_incident_congestion_zone_far-lanes.jpg,nb,58484.81667,-58.705165,far,lanes,-1
S2C08,32.80622138,-83.72432815,s,8/6/2018,0,Monday,14:45:00,incident_congestion,2018-08-06_14-45-00_incident_congestion_zone_nb-lanes.jpg,nb,58485,-58.705165,nb,lanes,-1
BIBB-CAM-019,32.80622138,-83.72432815,s,8/6/2018,0,Monday,14:45:34,incident_slow,2018-08-06_14-45-34_incident_slow_zone_far-lanes.jpg,nb,58485.56667,-58.705165,far,lanes,-1
S2C08,32.80622138,-83.72432815,s,8/6/2018,0,Monday,14:49:35,incident_slow,2018-08-06_14-49-35_incident_slow_zone_nb-lanes.jpg,nb,58489.58333,-58.705165,nb,lanes,-1
N3C07,32.80647151,-83.72379194,n,8/6/2018,0,Monday,14:53:33,incident_slow,2018-08-06_14-53-33_incident_slow_zone_near-lanes.jpg,nb,58493.55,-58.69634095,near,lanes,-1
BIBB-CAM-018,32.79962746,-83.72080704,n,8/6/2018,0,Monday,14:54:16,incident_congestion,2018-08-06_14-54-16_incident_congestion_zone_nb-lanes.jpg,nb,58494.26667,-61.20075294,nb,lanes,-1
BIBB-CAM-020,32.81017134,-83.72613824,s,8/6/2018,0,Monday,14:57:07,incident_congestion,2018-08-06_14-57-07_incident_congestion_zone_far-lanes.jpg,nb,58497.11667,-57.24864799,far,lanes,-1
N2C06,32.79465366,-83.72010538,n,8/6/2018,0,Monday,14:58:33,incident_congestion,2018-08-06_14-58-33_incident_congestion_zone_nb-lanes.jpg,nb,58498.55,-62.83684554,nb,lanes,1
N1C07,32.80647151,-83.72379194,n,8/6/2018,0,Monday,15:00:33,incident_slow,2018-08-06_15-00-33_incident_slow_zone_ramp-lanes.jpg,nb,58500.55,-58.69634095,ramp,lanes,1
N1C06,32.79465366,-83.72010538,n,8/6/2018,0,Monday,15:01:10,incident_congestion,2018-08-06_15-01-10_incident_congestion_zone_nb-lanes.jpg,nb,58501.16667,-62.83684554,nb,lanes,1
S2C07-GATECH,32.79942752,-83.72133493,s,8/6/2018,0,Monday,15:01:35,incident_congestion,2018-08-06_15-01-35_incident_congestion_zone_far-lanes.jpg,nb,58501.58333,-61.1957999,far,lanes,1
N2C03,32.78071485,-83.71530658,n,8/6/2018,0,Monday,15:02:27,incident_stopped,2018-08-06_15-02-27_incident_stopped_zone_nb-shoulder.jpg,nb,58502.45,-67.78810628,nb,shoulder,1
N2C06,32.79465366,-83.72010538,n,8/6/2018,0,Monday,15:04:32,incident_stopped,2018-08-06_15-04-32_incident_stopped_zone_nb-shoulder.jpg,nb,58504.53333,-62.83684554,nb,shoulder,1
N1C06,32.79465366,-83.72010538,n,8/6/2018,0,Monday,15:04:34,incident_slow,2018-08-06_15-04-34_incident_slow_zone_nb-lanes.jpg,nb,58504.56667,-62.83684554,nb,lanes,1
N1C06,32.79465366,-83.72010538,n,8/6/2018,0,Monday,15:05:23,incident_stopped,2018-08-06_15-05-23_incident_stopped_zone_nb-lanes.jpg,nb,58505.38333,-62.83684554,nb,lanes,1
N1C05,32.78992515,-83.7196095,n,8/6/2018,0,Monday,15:06:02,incident_stopped,2018-08-06_15-06-02_incident_stopped_zone_nb-shoulder.jpg,nb,58506.03333,-64.37580962,nb,shoulder,1
N1C05,32.78992515,-83.7196095,n,8/6/2018,0,Monday,15:07:04,incident_congestion,2018-08-06_15-07-04_incident_congestion_zone_nb-lanes.jpg,nb,58507.06667,-64.37580962,nb,lanes,1
N1C31,32.90737428,-83.79168212,n,8/6/2018,0,Monday,15:14:11,incident_stopped,2018-08-06_15-14-11_incident_stopped_zone_nb-shoulder.jpg,nb,58514.18333,-18.84792303,nb,shoulder,-1
N1C05,32.78992515,-83.7196095,n,8/6/2018,0,Monday,15:15:33,incident_slow,2018-08-06_15-15-33_incident_slow_zone_nb-lanes.jpg,nb,58515.55,-64.37580962,nb,lanes,-1
N2C01,32.76613511,-83.71030216,n,8/6/2018,0,Monday,15:16:10,incident_stopped,2018-08-06_15-16-10_incident_stopped_zone_nb-shoulder.jpg,nb,58516.16667,-72.97440738,nb,shoulder,-1
BIBB-CAM-018,32.79962746,-83.72080704,n,8/6/2018,0,Monday,15:16:55,incident_stopped,2018-08-06_15-16-55_incident_stopped.jpg,nb,58516.91667,-61.20075294,,,-1
S2C08,32.80622138,-83.72432815,s,8/6/2018,0,Monday,15:31:46,incident_stopped,2018-08-06_15-31-46_incident_stopped_zone_nb-shoulder.jpg,nb,58531.76667,-58.705165,nb,shoulder,-1
N3C07,32.80647151,-83.72379194,n,8/6/2018,0,Monday,15:32:21,incident_stopped,2018-08-06_15-32-21_incident_stopped_zone_near-shoulder.jpg,nb,58532.35,-58.69634095,near,shoulder,-1
BIBB-CAM-016,32.78992515,-83.7196095,n,8/6/2018,0,Monday,15:40:33,incident_slow,2018-08-06_15-40-33_incident_slow_zone_nb-lanes.jpg,nb,58540.55,-64.37580962,nb,lanes,-1
BIBB-CAM-016,32.78992515,-83.7196095,n,8/6/2018,0,Monday,15:43:18,incident_congestion,2018-08-06_15-43-18_incident_congestion_zone_nb-lanes.jpg,nb,58543.3,-64.37580962,nb,lanes,-1
BIBB-CAM-016,32.78992515,-83.7196095,n,8/6/2018,0,Monday,15:51:26,incident_stopped,2018-08-06_15-51-26_incident_stopped_zone_nb-lanes.jpg,nb,58551.43333,-64.37580962,nb,lanes,-1
BIBB-CAM-014,32.7850913,-83.71806273,n,8/6/2018,0,Monday,15:53:19,incident_congestion,2018-08-06_15-53-19_incident_congestion_zone_nb-lanes.jpg,nb,58553.31667,-66.07987571,nb,lanes,-1
N1C04,32.7850913,-83.71806273,n,8/6/2018,0,Monday,15:54:33,incident_congestion,2018-08-06_15-54-33_incident_congestion_zone_nb-lanes.jpg,nb,58554.55,-66.07987571,nb,lanes,-1
S2C04,32.78488999,-83.71869237,s,8/6/2018,0,Monday,15:54:33,incident_slow,2018-08-06_15-54-33_incident_slow_zone_nb-lanes.jpg,nb,58554.55,-66.06682308,nb,lanes,-1
BIBB-CAM-014,32.7850913,-83.71806273,n,8/6/2018,0,Monday,15:56:33,incident_slow,2018-08-06_15-56-33_incident_slow_zone_nb-lanes.jpg,nb,58556.55,-66.07987571,nb,lanes,-1
S1C04,32.78488999,-83.71869237,s,8/6/2018,0,Monday,15:58:50,incident_congestion,2018-08-06_15-58-50_incident_congestion_zone_nb-lanes.jpg,nb,58558.83333,-66.06682308,nb,lanes,-1
S2C05,32.7899237,-83.72028017,s,8/6/2018,0,Monday,15:59:19,incident_congestion,2018-08-06_15-59-19_incident_congestion_zone_far-lanes.jpg,nb,58559.31667,-64.29421645,far,lanes,-1
N1C03,32.78071485,-83.71530658,n,8/6/2018,0,Monday,16:01:21,incident_congestion,2018-08-06_16-01-21_incident_congestion_zone_nb-lanes.jpg,nb,58561.35,-67.78810628,nb,lanes,-1
N1C04,32.7850913,-83.71806273,n,8/6/2018,0,Monday,16:01:33,incident_slow,2018-08-06_16-01-33_incident_slow_zone_nb-lanes.jpg,nb,58561.55,-66.07987571,nb,lanes,-1
S1C07,32.79942752,-83.72133493,s,8/6/2018,0,Monday,16:17:20,incident_stopped,2018-08-06_16-17-20_incident_stopped_zone_nb-shoulder.jpg,nb,58577.33333,-61.1957999,nb,shoulder,-1
N1C17,32.84958885,-83.74065988,n,8/6/2018,0,Monday,16:21:25,incident_stopped,2018-08-06_16-21-25_incident_stopped_zone_nb-shoulder.jpg,nb,58581.41667,-43.22840936,nb,shoulder,-1
N3C07,32.80647151,-83.72379194,n,8/6/2018,0,Monday,16:28:52,incident_congestion,2018-08-06_16-28-52_incident_congestion_zone_near-lanes.jpg,nb,58588.86667,-58.69634095,near,lanes,-1
S1C28,32.90013203,-83.7863588,s,8/6/2018,0,Monday,16:48:21,incident_stopped,2018-08-06_16-48-21_incident_stopped_zone_nb-shoulder.jpg,nb,58608.35,-21.73107036,nb,shoulder,-1
N1C25,32.88361771,-83.77234944,n,8/6/2018,0,Monday,17:01:51,incident_stopped,2018-08-06_17-01-51_incident_stopped_zone_ramp-shoulder.jpg,nb,58621.85,-28.57124979,ramp,shoulder,-1
N1C03,32.78071485,-83.71530658,n,8/6/2018,0,Monday,18:03:30,incident_stopped,2018-08-06_18-03-30_incident_stopped_zone_nb-shoulder.jpg,nb,58683.5,-67.78810628,nb,shoulder,-1
N1C07,32.80647151,-83.72379194,n,8/6/2018,0,Monday,18:04:25,incident_stopped,2018-08-06_18-04-25_incident_stopped_zone_ramp-shoulder.jpg,nb,58684.41667,-58.69634095,ramp,shoulder,-1
S1C20,32.86504559,-83.75232959,s,8/6/2018,0,Monday,18:14:19,incident_stopped,2018-08-06_18-14-19_incident_stopped_zone_far-shoulder.jpg,nb,58694.31667,-36.91653912,far,shoulder,-1
N3C02,32.76990531,-83.71029631,n,8/6/2018,0,Monday,18:55:43,incident_stopped,2018-08-06_18-55-43_incident_stopped_zone_nb-shoulder.jpg,nb,58735.71667,-71.78891913,nb,shoulder,-1
S1C28,32.90013203,-83.7863588,s,8/6/2018,0,Monday,19:13:21,incident_stopped,2018-08-06_19-13-21_incident_stopped_zone_nb-shoulder.jpg,nb,58753.35,-21.73107036,nb,shoulder,-1
BIBB-CAM-038,32.93499248,-83.80738753,s,8/6/2018,0,Monday,19:20:14,incident_stopped,2018-08-06_19-20-14_incident_stopped_zone_far-shoulder.jpg,nb,58760.23333,-8.404850441,far,shoulder,-1
S2C24,32.87958032,-83.76886573,s,8/6/2018,0,Monday,20:05:05,incident_stopped,2018-08-06_20-05-05_incident_stopped_zone_nb-lanes.jpg,nb,58805.08333,-30.26227087,nb,lanes,-1
S1C21,32.86987654,-83.75830175,s,8/6/2018,0,Monday,20:10:07,incident_stopped,2018-08-06_20-10-07_incident_stopped_zone_nb-shoulder.jpg,nb,58810.11667,-34.62822647,nb,shoulder,-1
N2C08,32.81331958,-83.72706597,n,8/6/2018,0,Monday,20:11:00,incident_stopped,2018-08-06_20-11-00_incident_stopped_zone_nb-shoulder.jpg,nb,58811,-56.15448649,nb,shoulder,-1
N1C21,32.86981764,-83.75767111,n,8/6/2018,0,Monday,20:16:31,incident_stopped,2018-08-06_20-16-31_incident_stopped_zone_nb-shoulder.jpg,nb,58816.51667,-34.7310666,nb,shoulder,-1
N1C07,32.80647151,-83.72379194,n,8/6/2018,0,Monday,21:15:10,incident_stopped,2018-08-06_21-15-10_incident_stopped_zone_ramp-shoulder.jpg,nb,58875.16667,-58.69634095,ramp,shoulder,-1
S2C09,32.81017134,-83.72613824,s,8/6/2018,0,Monday,21:55:04,incident_stopped,2018-08-06_21-55-04_incident_stopped_zone_nb-shoulder.jpg,nb,58915.06667,-57.24864799,nb,shoulder,-1
N1C21,32.86981764,-83.75767111,n,8/6/2018,0,Monday,22:01:19,incident_stopped,2018-08-06_22-01-19_incident_stopped_zone_nb-shoulder.jpg,nb,58921.31667,-34.7310666,nb,shoulder,-1
S1C21,32.86987654,-83.75830175,s,8/6/2018,0,Monday,22:01:19,incident_stopped,2018-08-06_22-01-19_incident_stopped_zone_nb-shoulder.jpg,nb,58921.31667,-34.62822647,nb,shoulder,-1
N1C40,32.751099,-83.713281,n,8/6/2018,0,Monday,22:48:46,incident_stopped,2018-08-06_22-48-46_incident_stopped_zone_nb-shoulder.jpg,nb,58968.76667,-77.41345723,nb,shoulder,-1
BIBB-CAM-030,32.86987654,-83.75830175,s,8/6/2018,0,Monday,23:17:56,incident_stopped,2018-08-06_23-17-56_incident_stopped_zone_far-shoulder.jpg,nb,58997.93333,-34.62822647,far,shoulder,-1
S1C21,32.86987654,-83.75830175,s,8/7/2018,1,Tuesday,0:27:52,incident_stopped,2018-08-07_00-27-52_incident_stopped_zone_nb-shoulder.jpg,nb,59067.86667,-34.62822647,nb,shoulder,-1
N2C01,32.76613511,-83.71030216,n,8/7/2018,1,Tuesday,0:32:28,incident_stopped,2018-08-07_00-32-28_incident_stopped_zone_nb-shoulder.jpg,nb,59072.46667,-72.97440738,nb,shoulder,-1
N1C20,32.86504559,-83.75232959,n,8/7/2018,1,Tuesday,1:05:03,incident_stopped,2018-08-07_01-05-03_incident_stopped_zone_nb-shoulder.jpg,nb,59105.05,-36.91653912,nb,shoulder,-1
BIBB-CAM-030,32.86987654,-83.75830175,s,8/7/2018,1,Tuesday,2:06:44,incident_stopped,2018-08-07_02-06-44_incident_stopped_zone_far-shoulder.jpg,nb,59166.73333,-34.62822647,far,shoulder,-1
N1C14,32.83648848,-83.73452853,n,8/7/2018,1,Tuesday,4:47:34,incident_stopped,2018-08-07_04-47-34_incident_stopped_zone_ramp-shoulder.jpg,nb,59327.56667,-48.05166032,ramp,shoulder,-1
S1C30,32.91200591,-83.79524157,s,8/7/2018,1,Tuesday,6:10:22,incident_stopped,2018-08-07_06-10-22_incident_stopped_zone_nb-shoulder.jpg,nb,59410.36667,-17.00028257,nb,shoulder,-1
N1C07,32.80647151,-83.72379194,n,8/7/2018,1,Tuesday,7:01:25,incident_stopped,2018-08-07_07-01-25_incident_stopped_zone_ramp-shoulder.jpg,nb,59461.41667,-58.69634095,ramp,shoulder,-1
S1C20,32.86504559,-83.75232959,s,8/7/2018,1,Tuesday,7:06:24,incident_stopped,2018-08-07_07-06-24_incident_stopped_zone_far-shoulder.jpg,nb,59466.4,-36.91653912,far,shoulder,-1
BIBB-CAM-023,32.82699902,-83.73109564,n,8/7/2018,1,Tuesday,8:03:32,incident_stopped,2018-08-07_08-03-32_incident_stopped_zone_nb-shoulder.jpg,nb,59523.53333,-51.41367576,nb,shoulder,-1
N3C02,32.76990531,-83.71029631,n,8/7/2018,1,Tuesday,8:08:39,incident_stopped,2018-08-07_08-08-39_incident_stopped_zone_nb-shoulder.jpg,nb,59528.65,-71.78891913,nb,shoulder,-1
N1C20,32.86504559,-83.75232959,n,8/7/2018,1,Tuesday,8:17:16,incident_stopped,2018-08-07_08-17-16_incident_stopped_zone_nb-shoulder.jpg,nb,59537.26667,-36.91653912,nb,shoulder,-1
S2C09,32.81017134,-83.72613824,s,8/7/2018,1,Tuesday,8:21:09,incident_stopped,2018-08-07_08-21-09_incident_stopped_zone_nb-shoulder.jpg,nb,59541.15,-57.24864799,nb,shoulder,-1
S2C33,32.92513731,-83.80220611,s,8/7/2018,1,Tuesday,8:54:58,incident_stopped,2018-08-07_08-54-58_incident_stopped_zone_nb-lanes.jpg,nb,59574.96667,-12.07189332,nb,lanes,-1
N1C01,32.76613511,-83.71030216,n,8/7/2018,1,Tuesday,9:07:47,incident_stopped,2018-08-07_09-07-47_incident_stopped_zone_nb-shoulder.jpg,nb,59587.78333,-72.97440738,nb,shoulder,-1
S1C21,32.86987654,-83.75830175,s,8/7/2018,1,Tuesday,9:16:33,incident_stopped,2018-08-07_09-16-33_incident_stopped_zone_nb-shoulder.jpg,nb,59596.55,-34.62822647,nb,shoulder,-1
BIBB-CAM-018,32.79962746,-83.72080704,n,8/7/2018,1,Tuesday,10:03:45,incident_stopped,2018-08-07_10-03-45_incident_stopped.jpg,nb,59643.75,-61.20075294,,,-1
N2C39,32.95177015,-83.81217745,n,8/7/2018,1,Tuesday,10:20:39,incident_stopped,2018-08-07_10-20-39_incident_stopped_zone_near-shoulder.jpg,nb,59660.65,-2.4510298,near,shoulder,-1
N1C21,32.86981764,-83.75767111,n,8/7/2018,1,Tuesday,10:22:06,incident_stopped,2018-08-07_10-22-06_incident_stopped_zone_nb-shoulder.jpg,nb,59662.1,-34.7310666,nb,shoulder,-1
BIBB-CAM-009,32.76613511,-83.71030216,n,8/7/2018,1,Tuesday,10:34:41,incident_stopped,2018-08-07_10-34-41_incident_stopped.jpg,nb,59674.68333,-72.97440738,,,-1
S1C21,32.86987654,-83.75830175,s,8/7/2018,1,Tuesday,10:51:35,incident_stopped,2018-08-07_10-51-35_incident_stopped_zone_nb-shoulder.jpg,nb,59691.58333,-34.62822647,nb,shoulder,-1
BIBB-CAM-030,32.86987654,-83.75830175,s,8/7/2018,1,Tuesday,11:02:26,incident_stopped,2018-08-07_11-02-26_incident_stopped_zone_far-shoulder.jpg,nb,59702.43333,-34.62822647,far,shoulder,-1
N2C01,32.76613511,-83.71030216,n,8/7/2018,1,Tuesday,11:13:47,incident_stopped,2018-08-07_11-13-47_incident_stopped_zone_nb-shoulder.jpg,nb,59713.78333,-72.97440738,nb,shoulder,-1
S1C24,32.87958032,-83.76886573,s,8/7/2018,1,Tuesday,11:16:28,incident_stopped,2018-08-07_11-16-28_incident_stopped_zone_far-shoulder.jpg,nb,59716.46667,-30.26227087,far,shoulder,-1
S2C23,32.8774369,-83.7665846,s,8/7/2018,1,Tuesday,11:16:28,incident_stopped,2018-08-07_11-16-28_incident_stopped_zone_far-shoulder.jpg,nb,59716.46667,-31.21570867,far,shoulder,-1
N2C14,32.83648848,-83.73452853,n,8/7/2018,1,Tuesday,11:20:39,incident_stopped,2018-08-07_11-20-39_incident_stopped_zone_nb-shoulder.jpg,nb,59720.65,-48.05166032,nb,shoulder,-1
N2C11,32.82699902,-83.73109564,n,8/7/2018,1,Tuesday,11:52:36,incident_stopped,2018-08-07_11-52-36_incident_stopped_zone_near-shoulder.jpg,nb,59752.6,-51.41367576,near,shoulder,-1
S2C12,32.82694969,-83.73158785,s,8/7/2018,1,Tuesday,11:52:39,incident_stopped,2018-08-07_11-52-39_incident_stopped_zone_nb-shoulder.jpg,nb,59752.65,-51.36261191,nb,shoulder,-1
S2C11,32.82254015,-83.73046915,s,8/7/2018,1,Tuesday,11:52:40,incident_stopped,2018-08-07_11-52-40_incident_stopped_zone_far-shoulder.jpg,nb,59752.66667,-52.86537408,far,shoulder,-1
S1C04,32.78488999,-83.71869237,s,8/7/2018,1,Tuesday,12:04:17,incident_stopped,2018-08-07_12-04-17_incident_stopped_zone_nb-shoulder.jpg,nb,59764.28333,-66.06682308,nb,shoulder,-1
N1C04,32.7850913,-83.71806273,n,8/7/2018,1,Tuesday,12:04:18,incident_stopped,2018-08-07_12-04-18_incident_stopped_zone_nb-shoulder.jpg,nb,59764.3,-66.07987571,nb,shoulder,-1
S2C04,32.78488999,-83.71869237,s,8/7/2018,1,Tuesday,12:13:39,incident_stopped,2018-08-07_12-13-39_incident_stopped_zone_nb-shoulder.jpg,nb,59773.65,-66.06682308,nb,shoulder,-1
N3C02,32.76990531,-83.71029631,n,8/7/2018,1,Tuesday,12:27:53,incident_stopped,2018-08-07_12-27-53_incident_stopped_zone_nb-shoulder.jpg,nb,59787.88333,-71.78891913,nb,shoulder,-1
BIBB-CAM-018,32.79962746,-83.72080704,n,8/7/2018,1,Tuesday,12:38:45,incident_stopped,2018-08-07_12-38-45_incident_stopped.jpg,nb,59798.75,-61.20075294,,,-1
S2C17,32.84950348,-83.74113514,s,8/7/2018,1,Tuesday,12:53:51,incident_stopped,2018-08-07_12-53-51_incident_stopped_zone_nb-shoulder.jpg,nb,59813.85,-43.18705025,nb,shoulder,-1
N1C06,32.79465366,-83.72010538,n,8/7/2018,1,Tuesday,13:05:53,incident_stopped,2018-08-07_13-05-53_incident_stopped_zone_nb-shoulder.jpg,nb,59825.88333,-62.83684554,nb,shoulder,-1
N1C03,32.78071485,-83.71530658,n,8/7/2018,1,Tuesday,13:13:47,incident_stopped,2018-08-07_13-13-47_incident_stopped_zone_nb-shoulder.jpg,nb,59833.78333,-67.78810628,nb,shoulder,-1
BIBB-CAM-032,32.88240434,-83.7719413,s,8/7/2018,1,Tuesday,13:17:44,incident_stopped,2018-08-07_13-17-44_incident_stopped_zone_nb-shoulder.jpg,nb,59837.73333,-29.00171497,nb,shoulder,-1
S1C21,32.86987654,-83.75830175,s,8/7/2018,1,Tuesday,13:31:00,incident_stopped,2018-08-07_13-31-00_incident_stopped_zone_nb-shoulder.jpg,nb,59851,-34.62822647,nb,shoulder,-1
N1C40,32.751099,-83.713281,n,8/7/2018,1,Tuesday,13:48:44,incident_stopped,2018-08-07_13-48-44_incident_stopped_zone_nb-shoulder.jpg,nb,59868.73333,-77.41345723,nb,shoulder,-1
N2C40,32.751099,-83.713281,n,8/7/2018,1,Tuesday,13:48:50,incident_stopped,2018-08-07_13-48-50_incident_stopped_zone_near-shoulder.jpg,nb,59868.83333,-77.41345723,near,shoulder,-1
N2C03,32.78071485,-83.71530658,n,8/7/2018,1,Tuesday,14:05:58,incident_stopped,2018-08-07_14-05-58_incident_stopped_zone_nb-shoulder.jpg,nb,59885.96667,-67.78810628,nb,shoulder,-1
N2C09,32.81772219,-83.72879532,n,8/7/2018,1,Tuesday,14:58:14,incident_stopped,2018-08-07_14-58-14_incident_stopped_zone_nb-shoulder.jpg,nb,59938.23333,-54.56967025,nb,shoulder,-1
BIBB-CAM-021,32.81775622,-83.72926956,s,8/7/2018,1,Tuesday,14:58:16,incident_stopped,2018-08-07_14-58-16_incident_stopped_zone_nb-shoulder.jpg,nb,59938.26667,-54.4973914,nb,shoulder,-1
N1C10,32.82260317,-83.73001566,n,8/7/2018,1,Tuesday,14:59:45,incident_stopped,2018-08-07_14-59-45_incident_stopped_zone_nb-shoulder.jpg,nb,59939.75,-52.90603101,nb,shoulder,-1
BIBB-CAM-026,32.84958885,-83.74065988,n,8/7/2018,1,Tuesday,15:03:43,incident_stopped,2018-08-07_15-03-43_incident_stopped_zone_nb-shoulder.jpg,nb,59943.71667,-43.22840936,nb,shoulder,-1
BIBB-CAM-030,32.86987654,-83.75830175,s,8/7/2018,1,Tuesday,15:07:15,incident_stopped,2018-08-07_15-07-15_incident_stopped_zone_far-shoulder.jpg,nb,59947.25,-34.62822647,far,shoulder,-1
N1C23,32.87756847,-83.76599732,n,8/7/2018,1,Tuesday,15:21:39,incident_stopped,2018-08-07_15-21-39_incident_stopped_zone_nb-shoulder.jpg,nb,59961.65,-31.24939169,nb,shoulder,-1
N2C42,32.759892,-83.709757,n,8/7/2018,1,Tuesday,15:23:27,incident_stopped,2018-08-07_15-23-27_incident_stopped_zone_nb-shoulder.jpg,nb,59963.45,-75.01044884,nb,shoulder,-1
N2C03,32.78071485,-83.71530658,n,8/7/2018,1,Tuesday,15:44:57,incident_stopped,2018-08-07_15-44-57_incident_stopped_zone_nb-shoulder.jpg,nb,59984.95,-67.78810628,nb,shoulder,-1
N1C33,32.92077604,-83.79943309,n,8/7/2018,1,Tuesday,15:48:12,incident_congestion,2018-08-07_15-48-12_incident_congestion_zone_nb-lanes.jpg,nb,59988.2,-13.74452878,nb,lanes,-1
N3C02,32.76990531,-83.71029631,n,8/7/2018,1,Tuesday,16:06:03,incident_stopped,2018-08-07_16-06-03_incident_stopped_zone_nb-shoulder.jpg,nb,60006.05,-71.78891913,nb,shoulder,-1
N1C03,32.78071485,-83.71530658,n,8/7/2018,1,Tuesday,16:30:22,incident_stopped,2018-08-07_16-30-22_incident_stopped_zone_nb-shoulder.jpg,nb,60030.36667,-67.78810628,nb,shoulder,-1
BIBB-CAM-012,32.77593588,-83.71230837,n,8/7/2018,1,Tuesday,16:35:56,incident_stopped,2018-08-07_16-35-56_incident_stopped_zone_nb-shoulder.jpg,nb,60035.93333,-69.65221113,nb,shoulder,-1
BIBB-CAM-013,32.77567367,-83.7128245,s,8/7/2018,1,Tuesday,16:35:58,incident_stopped,2018-08-07_16-35-58_incident_stopped_zone_nb-shoulder.jpg,nb,60035.96667,-69.6715058,nb,shoulder,-1
N2C33,32.92077604,-83.79943309,n,8/7/2018,1,Tuesday,16:58:54,incident_stopped,2018-08-07_16-58-54_incident_stopped_zone_nb-shoulder.jpg,nb,60058.9,-13.74452878,nb,shoulder,-1
N1C07,32.80647151,-83.72379194,n,8/7/2018,1,Tuesday,17:28:48,incident_stopped,2018-08-07_17-28-48_incident_stopped_zone_ramp-shoulder.jpg,nb,60088.8,-58.69634095,ramp,shoulder,-1
N1C20,32.86504559,-83.75232959,n,8/7/2018,1,Tuesday,17:51:56,incident_stopped,2018-08-07_17-51-56_incident_stopped_zone_nb-shoulder.jpg,nb,60111.93333,-36.91653912,nb,shoulder,-1
BIBB-CAM-023,32.82699902,-83.73109564,n,8/7/2018,1,Tuesday,18:04:24,incident_stopped,2018-08-07_18-04-24_incident_stopped_zone_nb-shoulder.jpg,nb,60124.4,-51.41367576,nb,shoulder,-1
S1C30,32.91200591,-83.79524157,s,8/7/2018,1,Tuesday,18:19:59,incident_stopped,2018-08-07_18-19-59_incident_stopped_zone_nb-shoulder.jpg,nb,60139.98333,-17.00028257,nb,shoulder,-1
BIBB-CAM-038,32.93499248,-83.80738753,s,8/7/2018,1,Tuesday,18:30:55,incident_stopped,2018-08-07_18-30-55_incident_stopped_zone_far-shoulder.jpg,nb,60150.91667,-8.404850441,far,shoulder,-1
N2C39,32.95177015,-83.81217745,n,8/7/2018,1,Tuesday,18:47:57,incident_stopped,2018-08-07_18-47-57_incident_stopped_zone_near-shoulder.jpg,nb,60167.95,-2.4510298,near,shoulder,-1
N2C38,32.94876151,-83.81228301,n,8/7/2018,1,Tuesday,19:00:49,incident_stopped,2018-08-07_19-00-49_incident_stopped_zone_nb-shoulder.jpg,nb,60180.81667,-3.479229064,nb,shoulder,-1
N1C39,32.95177015,-83.81217745,n,8/7/2018,1,Tuesday,19:04:34,incident_stopped,2018-08-07_19-04-34_incident_stopped_zone_ramp-shoulder.jpg,nb,60184.56667,-2.4510298,ramp,shoulder,-1
N3C38,32.94876151,-83.81228301,n,8/7/2018,1,Tuesday,19:25:32,incident_slow,2018-08-07_19-25-32_incident_slow_zone_nb-lanes.jpg,nb,60205.53333,-3.479229064,nb,lanes,-1
S2C38,32.95157525,-83.81265346,s,8/7/2018,1,Tuesday,19:25:33,incident_slow,2018-08-07_19-25-33_incident_slow_zone_north-lanes.jpg,nb,60205.55,-2.501382112,north,lanes,-1
S3C37,32.9482814,-83.81282733,s,8/7/2018,1,Tuesday,19:33:18,incident_congestion,2018-08-07_19-33-18_incident_congestion_zone_far-lanes.jpg,nb,60213.3,-3.633302007,far,lanes,-1
S2C22,32.87291783,-83.76154621,s,8/7/2018,1,Tuesday,19:42:29,incident_stopped,2018-08-07_19-42-29_incident_stopped_zone_nb-shoulder.jpg,nb,60222.48333,-33.26350279,nb,shoulder,-1
N1C39,32.95177015,-83.81217745,n,8/7/2018,1,Tuesday,20:40:29,incident_stopped,2018-08-07_20-40-29_incident_stopped_zone_ramp-shoulder.jpg,nb,60280.48333,-2.4510298,ramp,shoulder,-1
S1C30,32.91200591,-83.79524157,s,8/7/2018,1,Tuesday,20:54:48,incident_stopped,2018-08-07_20-54-48_incident_stopped_zone_nb-shoulder.jpg,nb,60294.8,-17.00028257,nb,shoulder,-1
N1C39,32.95177015,-83.81217745,n,8/7/2018,1,Tuesday,20:56:33,incident_slow,2018-08-07_20-56-33_incident_slow_zone_ramp-lanes.jpg,nb,60296.55,-2.4510298,ramp,lanes,-1
S2C38,32.95157525,-83.81265346,s,8/7/2018,1,Tuesday,21:20:32,incident_slow,2018-08-07_21-20-32_incident_slow_zone_north-lanes.jpg,nb,60320.53333,-2.501382112,north,lanes,-1
N2C25,32.88361771,-83.77234944,n,8/7/2018,1,Tuesday,22:34:47,incident_stopped,2018-08-07_22-34-47_incident_stopped.jpg,nb,60394.78333,-28.57124979,,,-1
BIBB-CAM-032,32.88240434,-83.7719413,s,8/7/2018,1,Tuesday,22:34:59,incident_stopped,2018-08-07_22-34-59_incident_stopped_zone_nb-shoulder.jpg,nb,60394.98333,-29.00171497,nb,shoulder,-1
S2C09,32.81017134,-83.72613824,s,8/7/2018,1,Tuesday,22:47:44,incident_stopped,2018-08-07_22-47-44_incident_stopped_zone_nb-shoulder.jpg,nb,60407.73333,-57.24864799,nb,shoulder,-1
S2C08,32.80622138,-83.72432815,s,8/7/2018,1,Tuesday,23:36:18,incident_stopped,2018-08-07_23-36-18_incident_stopped_zone_nb-shoulder.jpg,nb,60456.3,-58.705165,nb,shoulder,-1
N1C07,32.80647151,-83.72379194,n,8/8/2018,2,Wednesday,1:42:04,incident_stopped,2018-08-08_01-42-04_incident_stopped_zone_ramp-shoulder.jpg,nb,60582.06667,-58.69634095,ramp,shoulder,-1
N1C08,32.81331958,-83.72706597,n,8/8/2018,2,Wednesday,2:32:18,incident_stopped,2018-08-08_02-32-18_incident_stopped_zone_ramp-shoulder.jpg,nb,60632.3,-56.15448649,ramp,shoulder,-1
BIBB-CAM-018,32.79962746,-83.72080704,n,8/8/2018,2,Wednesday,2:45:22,incident_stopped,2018-08-08_02-45-22_incident_stopped.jpg,nb,60645.36667,-61.20075294,,,-1
S1C30,32.91200591,-83.79524157,s,8/8/2018,2,Wednesday,3:07:26,incident_stopped,2018-08-08_03-07-26_incident_stopped_zone_nb-shoulder.jpg,nb,60667.43333,-17.00028257,nb,shoulder,-1
S2C38,32.95157525,-83.81265346,s,8/8/2018,2,Wednesday,3:27:05,incident_stopped,2018-08-08_03-27-05_incident_stopped_zone_north-lanes.jpg,nb,60687.08333,-2.501382112,north,lanes,-1
N1C07,32.80647151,-83.72379194,n,8/8/2018,2,Wednesday,3:57:51,incident_stopped,2018-08-08_03-57-51_incident_stopped_zone_ramp-shoulder.jpg,nb,60717.85,-58.69634095,ramp,shoulder,-1
S1C20,32.86504559,-83.75232959,s,8/8/2018,2,Wednesday,6:30:25,incident_stopped,2018-08-08_06-30-25_incident_stopped_zone_far-lanes.jpg,nb,60870.41667,-36.91653912,far,lanes,-1
N2C03,32.78071485,-83.71530658,n,8/8/2018,2,Wednesday,6:42:04,incident_stopped,2018-08-08_06-42-04_incident_stopped_zone_nb-shoulder.jpg,nb,60882.06667,-67.78810628,nb,shoulder,-1
S2C08,32.80622138,-83.72432815,s,8/8/2018,2,Wednesday,6:58:22,incident_stopped,2018-08-08_06-58-22_incident_stopped_zone_nb-shoulder.jpg,nb,60898.36667,-58.705165,nb,shoulder,-1
N1C40,32.751099,-83.713281,n,8/8/2018,2,Wednesday,8:03:59,incident_stopped,2018-08-08_08-03-59_incident_stopped_zone_nb-shoulder.jpg,nb,60963.98333,-77.41345723,nb,shoulder,-1
N1C11,32.82699902,-83.73109564,n,8/8/2018,2,Wednesday,8:19:57,incident_stopped,2018-08-08_08-19-57_incident_stopped_zone_nb-shoulder.jpg,nb,60979.95,-51.41367576,nb,shoulder,-1
N3C02,32.76990531,-83.71029631,n,8/8/2018,2,Wednesday,9:05:30,incident_stopped,2018-08-08_09-05-30_incident_stopped_zone_nb-shoulder.jpg,nb,61025.5,-71.78891913,nb,shoulder,-1
N2C01,32.76613511,-83.71030216,n,8/8/2018,2,Wednesday,9:16:42,incident_stopped,2018-08-08_09-16-42_incident_stopped_zone_nb-shoulder.jpg,nb,61036.7,-72.97440738,nb,shoulder,-1
N1C01,32.76613511,-83.71030216,n,8/8/2018,2,Wednesday,9:16:47,incident_stopped,2018-08-08_09-16-47_incident_stopped_zone_nb-shoulder.jpg,nb,61036.78333,-72.97440738,nb,shoulder,-1
BIBB-CAM-013,32.77567367,-83.7128245,s,8/8/2018,2,Wednesday,9:46:42,incident_stopped,2018-08-08_09-46-42_incident_stopped_zone_nb-shoulder.jpg,nb,61066.7,-69.6715058,nb,shoulder,-1
N1C42,32.759892,-83.709757,n,8/8/2018,2,Wednesday,9:49:33,incident_stopped,2018-08-08_09-49-33_incident_stopped_zone_nb-shoulder.jpg,nb,61069.55,-75.01044884,nb,shoulder,-1
N1C16,32.84577945,-83.73888874,n,8/8/2018,2,Wednesday,10:00:49,incident_stopped,2018-08-08_10-00-49_incident_stopped_zone_near-shoulder.jpg,nb,61080.81667,-44.6283787,near,shoulder,-1
S1C16,32.84561646,-83.73933607,s,8/8/2018,2,Wednesday,10:00:51,incident_stopped,2018-08-08_10-00-51_incident_stopped_zone_nb-shoulder.jpg,nb,61080.85,-44.61500342,nb,shoulder,-1
S1C21,32.86987654,-83.75830175,s,8/8/2018,2,Wednesday,10:54:22,incident_stopped,2018-08-08_10-54-22_incident_stopped_zone_nb-shoulder.jpg,nb,61134.36667,-34.62822647,nb,shoulder,-1
N1C07,32.80647151,-83.72379194,n,8/8/2018,2,Wednesday,10:56:10,incident_stopped,2018-08-08_10-56-10_incident_stopped_zone_ramp-shoulder.jpg,nb,61136.16667,-58.69634095,ramp,shoulder,-1
N1C11,32.82699902,-83.73109564,n,8/8/2018,2,Wednesday,11:00:20,incident_stopped,2018-08-08_11-00-20_incident_stopped_zone_nb-shoulder.jpg,nb,61140.33333,-51.41367576,nb,shoulder,-1
BIBB-CAM-030,32.86987654,-83.75830175,s,8/8/2018,2,Wednesday,11:05:56,incident_stopped,2018-08-08_11-05-56_incident_stopped_zone_far-shoulder.jpg,nb,61145.93333,-34.62822647,far,shoulder,-1
S2C38,32.95157525,-83.81265346,s,8/8/2018,2,Wednesday,11:36:37,incident_stopped,2018-08-08_11-36-37_incident_stopped_zone_north-shoulder.jpg,nb,61176.61667,-2.501382112,north,shoulder,-1
N2C03,32.78071485,-83.71530658,n,8/8/2018,2,Wednesday,12:21:30,incident_stopped,2018-08-08_12-21-30_incident_stopped_zone_nb-shoulder.jpg,nb,61221.5,-67.78810628,nb,shoulder,-1
S1C21,32.86987654,-83.75830175,s,8/8/2018,2,Wednesday,12:41:03,incident_stopped,2018-08-08_12-41-03_incident_stopped_zone_nb-shoulder.jpg,nb,61241.05,-34.62822647,nb,shoulder,-1
N2C01,32.76613511,-83.71030216,n,8/8/2018,2,Wednesday,12:52:19,incident_stopped,2018-08-08_12-52-19_incident_stopped_zone_nb-shoulder.jpg,nb,61252.31667,-72.97440738,nb,shoulder,-1
N1C39,32.95177015,-83.81217745,n,8/8/2018,2,Wednesday,12:57:08,incident_stopped,2018-08-08_12-57-08_incident_stopped_zone_ramp-shoulder.jpg,nb,61257.13333,-2.4510298,ramp,shoulder,-1
N1C01,32.76613511,-83.71030216,n,8/8/2018,2,Wednesday,13:57:19,incident_stopped,2018-08-08_13-57-19_incident_stopped_zone_nb-shoulder.jpg,nb,61317.31667,-72.97440738,nb,shoulder,-1
N1C17,32.84958885,-83.74065988,n,8/8/2018,2,Wednesday,13:59:26,incident_stopped,2018-08-08_13-59-26_incident_stopped_zone_nb-shoulder.jpg,nb,61319.43333,-43.22840936,nb,shoulder,-1
N1C14,32.83648848,-83.73452853,n,8/8/2018,2,Wednesday,14:09:03,incident_stopped,2018-08-08_14-09-03_incident_stopped_zone_ramp-shoulder.jpg,nb,61329.05,-48.05166032,ramp,shoulder,-1
N2C14,32.83648848,-83.73452853,n,8/8/2018,2,Wednesday,14:09:10,incident_stopped,2018-08-08_14-09-10_incident_stopped_zone_nb-shoulder.jpg,nb,61329.16667,-48.05166032,nb,shoulder,-1
N1C16,32.84577945,-83.73888874,n,8/8/2018,2,Wednesday,14:12:12,incident_stopped,2018-08-08_14-12-12_incident_stopped_zone_near-shoulder.jpg,nb,61332.2,-44.6283787,near,shoulder,-1
S1C16,32.84561646,-83.73933607,s,8/8/2018,2,Wednesday,14:12:17,incident_stopped,2018-08-08_14-12-17_incident_stopped_zone_nb-shoulder.jpg,nb,61332.28333,-44.61500342,nb,shoulder,-1
S1C30,32.91200591,-83.79524157,s,8/8/2018,2,Wednesday,14:15:23,incident_stopped,2018-08-08_14-15-23_incident_stopped_zone_nb-shoulder.jpg,nb,61335.38333,-17.00028257,nb,shoulder,-1
BIBB-CAM-030,32.86987654,-83.75830175,s,8/8/2018,2,Wednesday,14:28:58,incident_stopped,2018-08-08_14-28-58_incident_stopped_zone_far-shoulder.jpg,nb,61348.96667,-34.62822647,far,shoulder,-1
S1C21,32.86987654,-83.75830175,s,8/8/2018,2,Wednesday,14:37:27,incident_stopped,2018-08-08_14-37-27_incident_stopped_zone_nb-shoulder.jpg,nb,61357.45,-34.62822647,nb,shoulder,-1
N1C42,32.759892,-83.709757,n,8/8/2018,2,Wednesday,15:25:15,incident_stopped,2018-08-08_15-25-15_incident_stopped_zone_nb-shoulder.jpg,nb,61405.25,-75.01044884,nb,shoulder,-1
N1C25,32.88361771,-83.77234944,n,8/8/2018,2,Wednesday,16:03:03,incident_stopped,2018-08-08_16-03-03_incident_stopped_zone_ramp-shoulder.jpg,nb,61443.05,-28.57124979,ramp,shoulder,-1
N2C25,32.88361771,-83.77234944,n,8/8/2018,2,Wednesday,16:27:27,incident_stopped,2018-08-08_16-27-27_incident_stopped_zone_nb-shoulder.jpg,nb,61467.45,-28.57124979,nb,shoulder,-1
N2C03,32.78071485,-83.71530658,n,8/8/2018,2,Wednesday,16:29:33,incident_stopped,2018-08-08_16-29-33_incident_stopped_zone_nb-shoulder.jpg,nb,61469.55,-67.78810628,nb,shoulder,-1
BIBB-CAM-030,32.86987654,-83.75830175,s,8/8/2018,2,Wednesday,16:32:47,incident_stopped,2018-08-08_16-32-47_incident_stopped_zone_far-shoulder.jpg,nb,61472.78333,-34.62822647,far,shoulder,-1
N2C17,32.84958885,-83.74065988,n,8/8/2018,2,Wednesday,16:38:38,incident_stopped,2018-08-08_16-38-38_incident_stopped_zone_nb-shoulder.jpg,nb,61478.63333,-43.22840936,nb,shoulder,-1
S1C17,32.84950348,-83.74113514,s,8/8/2018,2,Wednesday,16:38:47,incident_stopped,2018-08-08_16-38-47_incident_stopped_zone_nb-lanes.jpg,nb,61478.78333,-43.18705025,nb,lanes,-1
S2C17,32.84950348,-83.74113514,s,8/8/2018,2,Wednesday,16:40:30,incident_stopped,2018-08-08_16-40-30_incident_stopped_zone_nb-shoulder.jpg,nb,61480.5,-43.18705025,nb,shoulder,-1
N1C33,32.92077604,-83.79943309,n,8/8/2018,2,Wednesday,16:59:16,incident_congestion,2018-08-08_16-59-16_incident_congestion_zone_nb-lanes.jpg,nb,61499.26667,-13.74452878,nb,lanes,-1
N1C42,32.759892,-83.709757,n,8/8/2018,2,Wednesday,17:40:17,incident_stopped,2018-08-08_17-40-17_incident_stopped_zone_nb-shoulder.jpg,nb,61540.28333,-75.01044884,nb,shoulder,-1
N2C03,32.78071485,-83.71530658,n,8/8/2018,2,Wednesday,18:41:51,incident_stopped,2018-08-08_18-41-51_incident_stopped_zone_nb-shoulder.jpg,nb,61601.85,-67.78810628,nb,shoulder,-1
N1C39,32.95177015,-83.81217745,n,8/8/2018,2,Wednesday,19:13:36,incident_stopped,2018-08-08_19-13-36_incident_stopped_zone_ramp-shoulder.jpg,nb,61633.6,-2.4510298,ramp,shoulder,-1
N3C02,32.76990531,-83.71029631,n,8/8/2018,2,Wednesday,21:20:37,incident_stopped,2018-08-08_21-20-37_incident_stopped_zone_nb-shoulder.jpg,nb,61760.61667,-71.78891913,nb,shoulder,-1
BIBB-CAM-018,32.79962746,-83.72080704,n,8/8/2018,2,Wednesday,21:22:33,incident_stopped,2018-08-08_21-22-33_incident_stopped.jpg,nb,61762.55,-61.20075294,,,-1
N1C07,32.80647151,-83.72379194,n,8/8/2018,2,Wednesday,23:43:53,incident_stopped,2018-08-08_23-43-53_incident_stopped_zone_ramp-shoulder.jpg,nb,61903.88333,-58.69634095,ramp,shoulder,-1
N1C25,32.88361771,-83.77234944,n,8/8/2018,2,Wednesday,23:54:54,incident_stopped,2018-08-08_23-54-54_incident_stopped_zone_ramp-shoulder.jpg,nb,61914.9,-28.57124979,ramp,shoulder,-1
S1C20,32.86504559,-83.75232959,s,8/9/2018,3,Thursday,2:38:32,incident_stopped,2018-08-09_02-38-32_incident_stopped_zone_far-lanes.jpg,nb,62078.53333,-36.91653912,far,lanes,-1
N1C16,32.84577945,-83.73888874,n,8/9/2018,3,Thursday,3:12:47,incident_stopped,2018-08-09_03-12-47_incident_stopped_zone_near-shoulder.jpg,nb,62112.78333,-44.6283787,near,shoulder,-1
N1C21,32.86981764,-83.75767111,n,8/9/2018,3,Thursday,3:59:56,incident_stopped,2018-08-09_03-59-56_incident_stopped_zone_nb-shoulder.jpg,nb,62159.93333,-34.7310666,nb,shoulder,-1
N2C02,32.76990531,-83.71029631,n,8/9/2018,3,Thursday,4:31:19,incident_stopped,2018-08-09_04-31-19_incident_stopped_zone_nb-shoulder.jpg,nb,62191.31667,-71.78891913,nb,shoulder,-1
N1C14,32.83648848,-83.73452853,n,8/9/2018,3,Thursday,6:18:06,incident_stopped,2018-08-09_06-18-06_incident_stopped_zone_ramp-shoulder.jpg,nb,62298.1,-48.05166032,ramp,shoulder,-1
S2C09,32.81017134,-83.72613824,s,8/9/2018,3,Thursday,6:23:23,incident_stopped,2018-08-09_06-23-23_incident_stopped_zone_nb-shoulder.jpg,nb,62303.38333,-57.24864799,nb,shoulder,-1
N2C17,32.84958885,-83.74065988,n,8/9/2018,3,Thursday,6:32:02,incident_stopped,2018-08-09_06-32-02_incident_stopped_zone_nb-shoulder.jpg,nb,62312.03333,-43.22840936,nb,shoulder,-1
N2C01,32.76613511,-83.71030216,n,8/9/2018,3,Thursday,6:34:16,incident_stopped,2018-08-09_06-34-16_incident_stopped_zone_nb-shoulder.jpg,nb,62314.26667,-72.97440738,nb,shoulder,-1
BIBB-CAM-030,32.86987654,-83.75830175,s,8/9/2018,3,Thursday,6:58:58,incident_stopped,2018-08-09_06-58-58_incident_stopped_zone_far-shoulder.jpg,nb,62338.96667,-34.62822647,far,shoulder,-1
S3C03,32.78046082,-83.71590778,s,8/9/2018,3,Thursday,7:01:32,incident_stopped,2018-08-09_07-01-32_incident_stopped_zone_nb-shoulder.jpg,nb,62341.53333,-67.79477411,nb,shoulder,-1
N2C03,32.78071485,-83.71530658,n,8/9/2018,3,Thursday,7:01:32,incident_stopped,2018-08-09_07-01-32_incident_stopped_zone_nb-shoulder.jpg,nb,62341.53333,-67.78810628,nb,shoulder,-1
S2C23,32.8774369,-83.7665846,s,8/9/2018,3,Thursday,8:30:25,incident_stopped,2018-08-09_08-30-25_incident_stopped_zone_far-shoulder.jpg,nb,62430.41667,-31.21570867,far,shoulder,-1
S1C24,32.87958032,-83.76886573,s,8/9/2018,3,Thursday,8:30:29,incident_stopped,2018-08-09_08-30-29_incident_stopped_zone_far-shoulder.jpg,nb,62430.48333,-30.26227087,far,shoulder,-1
N1C01,32.76613511,-83.71030216,n,8/9/2018,3,Thursday,8:31:04,incident_stopped,2018-08-09_08-31-04_incident_stopped_zone_nb-shoulder.jpg,nb,62431.06667,-72.97440738,nb,shoulder,-1
N1C21,32.86981764,-83.75767111,n,8/9/2018,3,Thursday,9:14:31,incident_stopped,2018-08-09_09-14-31_incident_stopped_zone_nb-shoulder.jpg,nb,62474.51667,-34.7310666,nb,shoulder,-1
S1C21,32.86987654,-83.75830175,s,8/9/2018,3,Thursday,9:22:31,incident_stopped,2018-08-09_09-22-31_incident_stopped_zone_nb-shoulder.jpg,nb,62482.51667,-34.62822647,nb,shoulder,-1
N2C01,32.76613511,-83.71030216,n,8/9/2018,3,Thursday,9:26:00,incident_stopped,2018-08-09_09-26-00_incident_stopped_zone_nb-shoulder.jpg,nb,62486,-72.97440738,nb,shoulder,-1
S1C20,32.86504559,-83.75232959,s,8/9/2018,3,Thursday,9:55:47,incident_stopped,2018-08-09_09-55-47_incident_stopped_zone_far-lanes.jpg,nb,62515.78333,-36.91653912,far,lanes,-1
N1C01,32.76613511,-83.71030216,n,8/9/2018,3,Thursday,10:23:09,incident_stopped,2018-08-09_10-23-09_incident_stopped_zone_nb-shoulder.jpg,nb,62543.15,-72.97440738,nb,shoulder,-1
N1C05,32.78992515,-83.7196095,n,8/9/2018,3,Thursday,10:40:47,incident_stopped,2018-08-09_10-40-47_incident_stopped_zone_nb-shoulder.jpg,nb,62560.78333,-64.37580962,nb,shoulder,-1
N2C03,32.78071485,-83.71530658,n,8/9/2018,3,Thursday,10:46:22,incident_stopped,2018-08-09_10-46-22_incident_stopped_zone_nb-shoulder.jpg,nb,62566.36667,-67.78810628,nb,shoulder,-1
N2C01,32.76613511,-83.71030216,n,8/9/2018,3,Thursday,11:02:37,incident_stopped,2018-08-09_11-02-37_incident_stopped_zone_nb-shoulder.jpg,nb,62582.61667,-72.97440738,nb,shoulder,-1
S1C21,32.86987654,-83.75830175,s,8/9/2018,3,Thursday,11:16:30,incident_stopped,2018-08-09_11-16-30_incident_stopped_zone_nb-shoulder.jpg,nb,62596.5,-34.62822647,nb,shoulder,-1
N2C32,32.91549987,-83.79665373,n,8/9/2018,3,Thursday,11:24:27,incident_stopped,2018-08-09_11-24-27_incident_stopped_zone_nb-shoulder.jpg,nb,62604.45,-15.72572861,nb,shoulder,-1
S1C30,32.91200591,-83.79524157,s,8/9/2018,3,Thursday,11:30:14,incident_stopped,2018-08-09_11-30-14_incident_stopped_zone_nb-shoulder.jpg,nb,62610.23333,-17.00028257,nb,shoulder,-1
N1C21,32.86981764,-83.75767111,n,8/9/2018,3,Thursday,11:39:31,incident_stopped,2018-08-09_11-39-31_incident_stopped_zone_nb-shoulder.jpg,nb,62619.51667,-34.7310666,nb,shoulder,-1
N1C01,32.76613511,-83.71030216,n,8/9/2018,3,Thursday,12:15:10,incident_stopped,2018-08-09_12-15-10_incident_stopped_zone_nb-shoulder.jpg,nb,62655.16667,-72.97440738,nb,shoulder,-1
S1C21,32.86987654,-83.75830175,s,8/9/2018,3,Thursday,13:09:27,incident_stopped,2018-08-09_13-09-27_incident_stopped_zone_nb-shoulder.jpg,nb,62709.45,-34.62822647,nb,shoulder,-1
S1C09,32.81017134,-83.72613824,s,8/9/2018,3,Thursday,13:31:09,incident_stopped,2018-08-09_13-31-09_incident_stopped_zone_nb-shoulder.jpg,nb,62731.15,-57.24864799,nb,shoulder,-1
N1C11,32.82699902,-83.73109564,n,8/9/2018,3,Thursday,13:31:23,incident_stopped,2018-08-09_13-31-23_incident_stopped_zone_nb-shoulder.jpg,nb,62731.38333,-51.41367576,nb,shoulder,-1
N2C11,32.82699902,-83.73109564,n,8/9/2018,3,Thursday,13:31:27,incident_stopped,2018-08-09_13-31-27_incident_stopped_zone_near-shoulder.jpg,nb,62731.45,-51.41367576,near,shoulder,-1
N1C03,32.78071485,-83.71530658,n,8/9/2018,3,Thursday,13:40:23,incident_stopped,2018-08-09_13-40-23_incident_stopped_zone_nb-shoulder.jpg,nb,62740.38333,-67.78810628,nb,shoulder,-1
N2C17,32.84958885,-83.74065988,n,8/9/2018,3,Thursday,13:44:47,incident_stopped,2018-08-09_13-44-47_incident_stopped_zone_nb-shoulder.jpg,nb,62744.78333,-43.22840936,nb,shoulder,-1
N1C20,32.86504559,-83.75232959,n,8/9/2018,3,Thursday,13:52:20,incident_congestion,2018-08-09_13-52-20_incident_congestion_zone_nb-lanes.jpg,nb,62752.33333,-36.91653912,nb,lanes,-1
N3C02,32.76990531,-83.71029631,n,8/9/2018,3,Thursday,13:53:57,incident_stopped,2018-08-09_13-53-57_incident_stopped_zone_nb-shoulder.jpg,nb,62753.95,-71.78891913,nb,shoulder,-1
N1C20,32.86504559,-83.75232959,n,8/9/2018,3,Thursday,13:54:57,incident_stopped,2018-08-09_13-54-57_incident_stopped_zone_nb-shoulder.jpg,nb,62754.95,-36.91653912,nb,shoulder,-1
BIBB-CAM-012,32.77593588,-83.71230837,n,8/9/2018,3,Thursday,13:57:43,incident_stopped,2018-08-09_13-57-43_incident_stopped_zone_nb-shoulder.jpg,nb,62757.71667,-69.65221113,nb,shoulder,-1
N2C33,32.92077604,-83.79943309,n,8/9/2018,3,Thursday,14:16:47,incident_stopped,2018-08-09_14-16-47_incident_stopped_zone_nb-shoulder.jpg,nb,62776.78333,-13.74452878,nb,shoulder,-1
N1C01,32.76613511,-83.71030216,n,8/9/2018,3,Thursday,14:17:47,incident_stopped,2018-08-09_14-17-47_incident_stopped_zone_nb-shoulder.jpg,nb,62777.78333,-72.97440738,nb,shoulder,-1
N2C01,32.76613511,-83.71030216,n,8/9/2018,3,Thursday,14:19:24,incident_stopped,2018-08-09_14-19-24_incident_stopped_zone_nb-shoulder.jpg,nb,62779.4,-72.97440738,nb,shoulder,-1
N3C38,32.94876151,-83.81228301,n,8/9/2018,3,Thursday,14:28:15,incident_stopped,2018-08-09_14-28-15_incident_stopped_zone_nb-shoulder.jpg,nb,62788.25,-3.479229064,nb,shoulder,-1
S2C09,32.81017134,-83.72613824,s,8/9/2018,3,Thursday,14:40:48,incident_stopped,2018-08-09_14-40-48_incident_stopped_zone_nb-shoulder.jpg,nb,62800.8,-57.24864799,nb,shoulder,-1
BIBB-CAM-009,32.76613511,-83.71030216,n,8/9/2018,3,Thursday,14:55:58,incident_stopped,2018-08-09_14-55-58_incident_stopped.jpg,nb,62815.96667,-72.97440738,,,-1
N1C21,32.86981764,-83.75767111,n,8/9/2018,3,Thursday,15:23:41,incident_stopped,2018-08-09_15-23-41_incident_stopped_zone_nb-shoulder.jpg,nb,62843.68333,-34.7310666,nb,shoulder,-1
S1C21,32.86987654,-83.75830175,s,8/9/2018,3,Thursday,15:35:14,incident_stopped,2018-08-09_15-35-14_incident_stopped_zone_nb-shoulder.jpg,nb,62855.23333,-34.62822647,nb,shoulder,-1
N1C16,32.84577945,-83.73888874,n,8/9/2018,3,Thursday,15:38:48,incident_stopped,2018-08-09_15-38-48_incident_stopped_zone_near-shoulder.jpg,nb,62858.8,-44.6283787,near,shoulder,-1
BIBB-CAM-012,32.77593588,-83.71230837,n,8/9/2018,3,Thursday,17:01:53,incident_stopped,2018-08-09_17-01-53_incident_stopped_zone_nb-shoulder.jpg,nb,62941.88333,-69.65221113,nb,shoulder,-1
N1C07,32.80647151,-83.72379194,n,8/9/2018,3,Thursday,17:05:46,incident_stopped,2018-08-09_17-05-46_incident_stopped_zone_ramp-shoulder.jpg,nb,62945.76667,-58.69634095,ramp,shoulder,-1
N2C01,32.76613511,-83.71030216,n,8/9/2018,3,Thursday,17:10:52,incident_stopped,2018-08-09_17-10-52_incident_stopped_zone_nb-shoulder.jpg,nb,62950.86667,-72.97440738,nb,shoulder,-1
BIBB-CAM-010,32.76613916,-83.71105914,s,8/9/2018,3,Thursday,17:16:20,incident_congestion,2018-08-09_17-16-20_incident_congestion_zone_far-lanes.jpg,nb,62956.33333,-72.88331721,far,lanes,-1
N2C42,32.759892,-83.709757,n,8/9/2018,3,Thursday,17:19:33,incident_slow,2018-08-09_17-19-33_incident_slow_zone_nb-lanes.jpg,nb,62959.55,-75.01044884,nb,lanes,-1
N2C03,32.78071485,-83.71530658,n,8/9/2018,3,Thursday,17:42:56,incident_congestion,2018-08-09_17-42-56_incident_congestion_zone_nb-lanes.jpg,nb,62982.93333,-67.78810628,nb,lanes,-1
N1C19,32.85953942,-83.7465392,n,8/9/2018,3,Thursday,18:16:27,incident_stopped,2018-08-09_18-16-27_incident_stopped_zone_nb-shoulder.jpg,nb,63016.45,-39.39570165,nb,shoulder,-1
S2C17,32.84950348,-83.74113514,s,8/9/2018,3,Thursday,18:26:11,incident_stopped,2018-08-09_18-26-11_incident_stopped_zone_nb-shoulder.jpg,nb,63026.18333,-43.18705025,nb,shoulder,-1
N1C21,32.86981764,-83.75767111,n,8/9/2018,3,Thursday,18:36:34,incident_stopped,2018-08-09_18-36-34_incident_stopped_zone_nb-shoulder.jpg,nb,63036.56667,-34.7310666,nb,shoulder,-1
N2C03,32.78071485,-83.71530658,n,8/9/2018,3,Thursday,18:49:04,incident_stopped,2018-08-09_18-49-04_incident_stopped_zone_nb-shoulder.jpg,nb,63049.06667,-67.78810628,nb,shoulder,-1
N1C03,32.78071485,-83.71530658,n,8/9/2018,3,Thursday,19:19:52,incident_stopped,2018-08-09_19-19-52_incident_stopped_zone_nb-shoulder.jpg,nb,63079.86667,-67.78810628,nb,shoulder,-1
N2C01,32.76613511,-83.71030216,n,8/9/2018,3,Thursday,19:24:48,incident_stopped,2018-08-09_19-24-48_incident_stopped_zone_nb-shoulder.jpg,nb,63084.8,-72.97440738,nb,shoulder,-1
N2C33,32.92077604,-83.79943309,n,8/9/2018,3,Thursday,19:38:04,incident_stopped,2018-08-09_19-38-04_incident_stopped_zone_nb-shoulder.jpg,nb,63098.06667,-13.74452878,nb,shoulder,-1
BIBB-CAM-019,32.80622138,-83.72432815,s,8/9/2018,3,Thursday,20:07:43,incident_stopped,2018-08-09_20-07-43_incident_stopped_zone_far-lanes.jpg,nb,63127.71667,-58.705165,far,lanes,-1
N1C09,32.81772219,-83.72879532,n,8/9/2018,3,Thursday,20:53:13,incident_stopped,2018-08-09_20-53-13_incident_stopped_zone_nb-shoulder.jpg,nb,63173.21667,-54.56967025,nb,shoulder,-1
N3C38,32.94876151,-83.81228301,n,8/9/2018,3,Thursday,20:53:44,incident_stopped,2018-08-09_20-53-44_incident_stopped_zone_nb-shoulder.jpg,nb,63173.73333,-3.479229064,nb,shoulder,-1
N1C42,32.759892,-83.709757,n,8/9/2018,3,Thursday,22:58:10,incident_stopped,2018-08-09_22-58-10_incident_stopped_zone_nb-shoulder.jpg,nb,63298.16667,-75.01044884,nb,shoulder,-1
N2C01,32.76613511,-83.71030216,n,8/10/2018,4,Friday,1:40:21,incident_stopped,2018-08-10_01-40-21_incident_stopped_zone_nb-shoulder.jpg,nb,63460.35,-72.97440738,nb,shoulder,-1
N1C01,32.76613511,-83.71030216,n,8/10/2018,4,Friday,1:40:29,incident_stopped,2018-08-10_01-40-29_incident_stopped_zone_nb-shoulder.jpg,nb,63460.48333,-72.97440738,nb,shoulder,-1
S1C09,32.81017134,-83.72613824,s,8/10/2018,4,Friday,2:08:00,incident_stopped,2018-08-10_02-08-00_incident_stopped_zone_nb-shoulder.jpg,nb,63488,-57.24864799,nb,shoulder,-1
N2C14,32.83648848,-83.73452853,n,8/10/2018,4,Friday,2:43:40,incident_stopped,2018-08-10_02-43-40_incident_stopped_zone_nb-shoulder.jpg,nb,63523.66667,-48.05166032,nb,shoulder,-1
S2C14,32.83620205,-83.73500536,s,8/10/2018,4,Friday,2:43:42,incident_stopped,2018-08-10_02-43-42_incident_stopped_zone_far-shoulder.jpg,nb,63523.7,-48.07309629,far,shoulder,-1
N1C14,32.83648848,-83.73452853,n,8/10/2018,4,Friday,2:43:43,incident_stopped,2018-08-10_02-43-43_incident_stopped_zone_ramp-shoulder.jpg,nb,63523.71667,-48.05166032,ramp,shoulder,-1
N1C01,32.76613511,-83.71030216,n,8/10/2018,4,Friday,5:30:00,incident_stopped,2018-08-10_05-30-00_incident_stopped_zone_nb-shoulder.jpg,nb,63690,-72.97440738,nb,shoulder,-1
N1C03,32.78071485,-83.71530658,n,8/10/2018,4,Friday,7:08:48,incident_stopped,2018-08-10_07-08-48_incident_stopped_zone_nb-shoulder.jpg,nb,63788.8,-67.78810628,nb,shoulder,-1
N2C01,32.76613511,-83.71030216,n,8/10/2018,4,Friday,7:17:53,incident_stopped,2018-08-10_07-17-53_incident_stopped_zone_nb-shoulder.jpg,nb,63797.88333,-72.97440738,nb,shoulder,-1
N1C25,32.88361771,-83.77234944,n,8/10/2018,4,Friday,7:19:58,incident_stopped,2018-08-10_07-19-58_incident_stopped_zone_ramp-shoulder.jpg,nb,63799.96667,-28.57124979,ramp,shoulder,-1
N2C25,32.88361771,-83.77234944,n,8/10/2018,4,Friday,7:20:02,incident_stopped,2018-08-10_07-20-02_incident_stopped_zone_nb-shoulder.jpg,nb,63800.03333,-28.57124979,nb,shoulder,-1
N2C03,32.78071485,-83.71530658,n,8/10/2018,4,Friday,7:23:33,incident_stopped,2018-08-10_07-23-33_incident_stopped_zone_nb-shoulder.jpg,nb,63803.55,-67.78810628,nb,shoulder,-1
S1C30,32.91200591,-83.79524157,s,8/10/2018,4,Friday,7:34:58,incident_stopped,2018-08-10_07-34-58_incident_stopped_zone_nb-shoulder.jpg,nb,63814.96667,-17.00028257,nb,shoulder,-1
S1C04,32.78488999,-83.71869237,s,8/10/2018,4,Friday,8:41:53,incident_stopped,2018-08-10_08-41-53_incident_stopped_zone_nb-shoulder.jpg,nb,63881.88333,-66.06682308,nb,shoulder,-1
N1C03,32.78071485,-83.71530658,n,8/10/2018,4,Friday,8:41:56,incident_stopped,2018-08-10_08-41-56_incident_stopped_zone_nb-shoulder.jpg,nb,63881.93333,-67.78810628,nb,shoulder,-1
N2C22,32.87317142,-83.76128066,n,8/10/2018,4,Friday,8:50:19,incident_stopped,2018-08-10_08-50-19_incident_stopped_zone_nb-shoulder.jpg,nb,63890.31667,-33.22037987,nb,shoulder,-1
S1C24,32.87958032,-83.76886573,s,8/10/2018,4,Friday,9:20:43,incident_stopped,2018-08-10_09-20-43_incident_stopped_zone_far-shoulder.jpg,nb,63920.71667,-30.26227087,far,shoulder,-1
N3C02,32.76990531,-83.71029631,n,8/10/2018,4,Friday,9:58:04,incident_stopped,2018-08-10_09-58-04_incident_stopped_zone_nb-shoulder.jpg,nb,63958.06667,-71.78891913,nb,shoulder,-1
S1C21,32.86987654,-83.75830175,s,8/10/2018,4,Friday,10:06:59,incident_stopped,2018-08-10_10-06-59_incident_stopped_zone_nb-shoulder.jpg,nb,63966.98333,-34.62822647,nb,shoulder,-1
BIBB-CAM-028,32.86504559,-83.75232959,n,8/10/2018,4,Friday,10:13:49,incident_stopped,2018-08-10_10-13-49_incident_stopped_zone_nb-shoulder.jpg,nb,63973.81667,-36.91653912,nb,shoulder,-1
BIBB-CAM-038,32.93499248,-83.80738753,s,8/10/2018,4,Friday,11:06:58,incident_stopped,2018-08-10_11-06-58_incident_stopped_zone_far-shoulder.jpg,nb,64026.96667,-8.404850441,far,shoulder,-1
N2C03,32.78071485,-83.71530658,n,8/10/2018,4,Friday,11:12:36,incident_stopped,2018-08-10_11-12-36_incident_stopped_zone_nb-shoulder.jpg,nb,64032.6,-67.78810628,nb,shoulder,-1
N2C02,32.76990531,-83.71029631,n,8/10/2018,4,Friday,11:20:27,incident_stopped,2018-08-10_11-20-27_incident_stopped_zone_nb-shoulder.jpg,nb,64040.45,-71.78891913,nb,shoulder,-1
BIBB-CAM-009,32.76613511,-83.71030216,n,8/10/2018,4,Friday,11:25:31,incident_stopped,2018-08-10_11-25-31_incident_stopped.jpg,nb,64045.51667,-72.97440738,,,-1
N1C03,32.78071485,-83.71530658,n,8/10/2018,4,Friday,11:59:20,incident_stopped,2018-08-10_11-59-20_incident_stopped_zone_nb-shoulder.jpg,nb,64079.33333,-67.78810628,nb,shoulder,-1
S1C21,32.86987654,-83.75830175,s,8/10/2018,4,Friday,12:19:42,incident_stopped,2018-08-10_12-19-42_incident_stopped_zone_nb-shoulder.jpg,nb,64099.7,-34.62822647,nb,shoulder,-1
N1C20,32.86504559,-83.75232959,n,8/10/2018,4,Friday,12:20:00,incident_stopped,2018-08-10_12-20-00_incident_stopped_zone_nb-shoulder.jpg,nb,64100,-36.91653912,nb,shoulder,-1
N1C17,32.84958885,-83.74065988,n,8/10/2018,4,Friday,12:49:46,incident_stopped,2018-08-10_12-49-46_incident_stopped_zone_nb-shoulder.jpg,nb,64129.76667,-43.22840936,nb,shoulder,-1
N2C11,32.82699902,-83.73109564,n,8/10/2018,4,Friday,13:03:39,incident_stopped,2018-08-10_13-03-39_incident_stopped_zone_near-shoulder.jpg,nb,64143.65,-51.41367576,near,shoulder,-1
S1C15,32.84057153,-83.73697533,s,8/10/2018,4,Friday,13:11:47,incident_stopped,2018-08-10_13-11-47_incident_stopped_zone_nb-shoulder.jpg,nb,64151.78333,-46.47309774,nb,shoulder,-1
BIBB-CAM-030,32.86987654,-83.75830175,s,8/10/2018,4,Friday,13:21:35,incident_stopped,2018-08-10_13-21-35_incident_stopped_zone_far-shoulder.jpg,nb,64161.58333,-34.62822647,far,shoulder,-1
N2C03,32.78071485,-83.71530658,n,8/10/2018,4,Friday,14:16:40,incident_stopped,2018-08-10_14-16-40_incident_stopped_zone_nb-shoulder.jpg,nb,64216.66667,-67.78810628,nb,shoulder,-1
N3C38,32.94876151,-83.81228301,n,8/10/2018,4,Friday,14:19:20,incident_stopped,2018-08-10_14-19-20_incident_stopped_zone_nb-shoulder.jpg,nb,64219.33333,-3.479229064,nb,shoulder,-1
N2C08,32.81331958,-83.72706597,n,8/10/2018,4,Friday,15:37:15,incident_stopped,2018-08-10_15-37-15_incident_stopped_zone_nb-shoulder.jpg,nb,64297.25,-56.15448649,nb,shoulder,-1
N2C33,32.92077604,-83.79943309,n,8/10/2018,4,Friday,15:49:46,incident_stopped,2018-08-10_15-49-46_incident_stopped_zone_nb-shoulder.jpg,nb,64309.76667,-13.74452878,nb,shoulder,-1
N2C01,32.76613511,-83.71030216,n,8/10/2018,4,Friday,16:36:18,incident_stopped,2018-08-10_16-36-18_incident_stopped_zone_nb-shoulder.jpg,nb,64356.3,-72.97440738,nb,shoulder,-1
BIBB-CAM-037,32.92513731,-83.80220611,s,8/10/2018,4,Friday,16:51:06,incident_stopped,2018-08-10_16-51-06_incident_stopped_zone_nb-shoulder.jpg,nb,64371.1,-12.07189332,nb,shoulder,-1
S2C09,32.81017134,-83.72613824,s,8/10/2018,4,Friday,17:04:46,incident_stopped,2018-08-10_17-04-46_incident_stopped_zone_nb-shoulder.jpg,nb,64384.76667,-57.24864799,nb,shoulder,-1
S1C21,32.86987654,-83.75830175,s,8/10/2018,4,Friday,17:17:08,incident_stopped,2018-08-10_17-17-08_incident_stopped_zone_nb-shoulder.jpg,nb,64397.13333,-34.62822647,nb,shoulder,-1
N1C04,32.7850913,-83.71806273,n,8/10/2018,4,Friday,17:38:21,incident_congestion,2018-08-10_17-38-21_incident_congestion_zone_nb-lanes.jpg,nb,64418.35,-66.07987571,nb,lanes,-1
N2C03,32.78071485,-83.71530658,n,8/10/2018,4,Friday,17:39:18,incident_stopped,2018-08-10_17-39-18_incident_stopped_zone_nb-shoulder.jpg,nb,64419.3,-67.78810628,nb,shoulder,-1
N3C07,32.80647151,-83.72379194,n,8/10/2018,4,Friday,17:40:24,incident_congestion,2018-08-10_17-40-24_incident_congestion_zone_near-lanes.jpg,nb,64420.4,-58.69634095,near,lanes,-1
N3C38,32.94876151,-83.81228301,n,8/10/2018,4,Friday,18:02:32,incident_slow,2018-08-10_18-02-32_incident_slow_zone_nb-lanes.jpg,nb,64442.53333,-3.479229064,nb,lanes,-1
S2C26,32.88776313,-83.77647583,s,8/10/2018,4,Friday,19:04:36,incident_stopped,2018-08-10_19-04-36_incident_stopped_zone_nb-shoulder.jpg,nb,64504.6,-26.77497584,nb,shoulder,-1
N1C26,32.88798194,-83.77607704,n,8/10/2018,4,Friday,19:04:37,incident_stopped,2018-08-10_19-04-37_incident_stopped_zone_nb-shoulder.jpg,nb,64504.61667,-26.75233619,nb,shoulder,-1
S2C38,32.95157525,-83.81265346,s,8/10/2018,4,Friday,19:07:33,incident_stopped,2018-08-10_19-07-33_incident_stopped_zone_north-shoulder.jpg,nb,64507.55,-2.501382112,north,shoulder,-1
N2C33,32.92077604,-83.79943309,n,8/10/2018,4,Friday,19:16:53,incident_stopped,2018-08-10_19-16-53_incident_stopped_zone_nb-shoulder.jpg,nb,64516.88333,-13.74452878,nb,shoulder,-1
N2C03,32.78071485,-83.71530658,n,8/10/2018,4,Friday,19:43:12,incident_stopped,2018-08-10_19-43-12_incident_stopped_zone_nb-shoulder.jpg,nb,64543.2,-67.78810628,nb,shoulder,-1
BIBB-CAM-026,32.84958885,-83.74065988,n,8/10/2018,4,Friday,19:44:49,incident_stopped,2018-08-10_19-44-49_incident_stopped_zone_nb-shoulder.jpg,nb,64544.81667,-43.22840936,nb,shoulder,-1
S2C35,32.93764056,-83.80881181,s,8/10/2018,4,Friday,23:29:32,incident_stopped,2018-08-10_23-29-32_incident_stopped_zone_far-shoulder.jpg,nb,64769.53333,-7.427060674,far,shoulder,-1
BIBB-CAM-018,32.79962746,-83.72080704,n,8/11/2018,5,Saturday,0:10:14,incident_stopped,2018-08-11_00-10-14_incident_stopped.jpg,nb,64810.23333,-61.20075294,,,-1
N2C33,32.92077604,-83.79943309,n,8/11/2018,5,Saturday,0:53:05,incident_stopped,2018-08-11_00-53-05_incident_stopped_zone_nb-shoulder.jpg,nb,64853.08333,-13.74452878,nb,shoulder,-1
N1C01,32.76613511,-83.71030216,n,8/11/2018,5,Saturday,2:34:33,incident_stopped,2018-08-11_02-34-33_incident_stopped_zone_nb-shoulder.jpg,nb,64954.55,-72.97440738,nb,shoulder,-1
S2C12,32.82694969,-83.73158785,s,8/11/2018,5,Saturday,2:59:34,incident_stopped,2018-08-11_02-59-34_incident_stopped_zone_nb-shoulder.jpg,nb,64979.56667,-51.36261191,nb,shoulder,-1
N2C01,32.76613511,-83.71030216,n,8/11/2018,5,Saturday,3:47:03,incident_stopped,2018-08-11_03-47-03_incident_stopped_zone_nb-shoulder.jpg,nb,65027.05,-72.97440738,nb,shoulder,-1
N1C01,32.76613511,-83.71030216,n,8/11/2018,5,Saturday,4:15:44,incident_stopped,2018-08-11_04-15-44_incident_stopped_zone_nb-shoulder.jpg,nb,65055.73333,-72.97440738,nb,shoulder,-1
S1C02,32.77015102,-83.71101814,s,8/11/2018,5,Saturday,4:34:45,incident_stopped,2018-08-11_04-34-45_incident_stopped_zone_nb-shoulder.jpg,nb,65074.75,-71.62458863,nb,shoulder,-1
N3C01,32.76613511,-83.71030216,n,8/11/2018,5,Saturday,4:37:50,incident_stopped,2018-08-11_04-37-50_incident_stopped_zone_nb-shoulder.jpg,nb,65077.83333,-72.97440738,nb,shoulder,-1
N2C25,32.88361771,-83.77234944,n,8/11/2018,5,Saturday,4:55:04,incident_stopped,2018-08-11_04-55-04_incident_stopped_zone_nb-shoulder.jpg,nb,65095.06667,-28.57124979,nb,shoulder,-1
N1C02,32.76990531,-83.71029631,n,8/11/2018,5,Saturday,5:31:14,incident_stopped,2018-08-11_05-31-14_incident_stopped_zone_nb-shoulder.jpg,nb,65131.23333,-71.78891913,nb,shoulder,-1
N2C01,32.76613511,-83.71030216,n,8/11/2018,5,Saturday,5:38:09,incident_stopped,2018-08-11_05-38-09_incident_stopped_zone_nb-lanes.jpg,nb,65138.15,-72.97440738,nb,lanes,-1
N3C02,32.76990531,-83.71029631,n,8/11/2018,5,Saturday,6:18:33,incident_stopped,2018-08-11_06-18-33_incident_stopped_zone_nb-lanes.jpg,nb,65178.55,-71.78891913,nb,lanes,-1
N2C33,32.92077604,-83.79943309,n,8/11/2018,5,Saturday,6:21:14,incident_stopped,2018-08-11_06-21-14_incident_stopped_zone_nb-shoulder.jpg,nb,65181.23333,-13.74452878,nb,shoulder,-1
N2C02,32.76990531,-83.71029631,n,8/11/2018,5,Saturday,6:35:20,incident_stopped,2018-08-11_06-35-20_incident_stopped_zone_nb-shoulder.jpg,nb,65195.33333,-71.78891913,nb,shoulder,-1
N2C14,32.83648848,-83.73452853,n,8/11/2018,5,Saturday,7:12:59,incident_stopped,2018-08-11_07-12-59_incident_stopped_zone_nb-shoulder.jpg,nb,65232.98333,-48.05166032,nb,shoulder,-1
N1C42,32.759892,-83.709757,n,8/11/2018,5,Saturday,7:33:34,incident_stopped,2018-08-11_07-33-34_incident_stopped_zone_nb-shoulder.jpg,nb,65253.56667,-75.01044884,nb,shoulder,-1
N1C19,32.85953942,-83.7465392,n,8/11/2018,5,Saturday,8:18:18,incident_stopped,2018-08-11_08-18-18_incident_stopped_zone_nb-shoulder.jpg,nb,65298.3,-39.39570165,nb,shoulder,-1
S1C21,32.86987654,-83.75830175,s,8/11/2018,5,Saturday,8:39:04,incident_stopped,2018-08-11_08-39-04_incident_stopped_zone_nb-shoulder.jpg,nb,65319.06667,-34.62822647,nb,shoulder,-1
N1C21,32.86981764,-83.75767111,n,8/11/2018,5,Saturday,8:39:07,incident_stopped,2018-08-11_08-39-07_incident_stopped_zone_nb-shoulder.jpg,nb,65319.11667,-34.7310666,nb,shoulder,-1
S2C22,32.87291783,-83.76154621,s,8/11/2018,5,Saturday,8:41:01,incident_stopped,2018-08-11_08-41-01_incident_stopped_zone_nb-shoulder.jpg,nb,65321.01667,-33.26350279,nb,shoulder,-1
N2C25,32.88361771,-83.77234944,n,8/11/2018,5,Saturday,8:52:16,incident_stopped,2018-08-11_08-52-16_incident_stopped_zone_nb-shoulder.jpg,nb,65332.26667,-28.57124979,nb,shoulder,-1
N1C25,32.88361771,-83.77234944,n,8/11/2018,5,Saturday,8:52:20,incident_stopped,2018-08-11_08-52-20_incident_stopped_zone_ramp-shoulder.jpg,nb,65332.33333,-28.57124979,ramp,shoulder,-1
N2C01,32.76613511,-83.71030216,n,8/11/2018,5,Saturday,9:13:01,incident_stopped,2018-08-11_09-13-01_incident_stopped_zone_nb-shoulder.jpg,nb,65353.01667,-72.97440738,nb,shoulder,-1
N2C14,32.83648848,-83.73452853,n,8/11/2018,5,Saturday,9:13:09,incident_stopped,2018-08-11_09-13-09_incident_stopped_zone_nb-shoulder.jpg,nb,65353.15,-48.05166032,nb,shoulder,-1
N1C11,32.82699902,-83.73109564,n,8/11/2018,5,Saturday,9:29:53,incident_stopped,2018-08-11_09-29-53_incident_stopped_zone_nb-shoulder.jpg,nb,65369.88333,-51.41367576,nb,shoulder,-1
S1C09,32.81017134,-83.72613824,s,8/11/2018,5,Saturday,10:36:45,incident_stopped,2018-08-11_10-36-45_incident_stopped_zone_nb-shoulder.jpg,nb,65436.75,-57.24864799,nb,shoulder,-1
BIBB-CAM-034,32.90013203,-83.7863588,s,8/11/2018,5,Saturday,10:51:12,incident_stopped,2018-08-11_10-51-12_incident_stopped_zone_nb-shoulder.jpg,nb,65451.2,-21.73107036,nb,shoulder,-1
N2C15,32.84068577,-83.73653266,n,8/11/2018,5,Saturday,11:06:08,incident_congestion,2018-08-11_11-06-08_incident_congestion_zone_nb-lanes.jpg,nb,65466.13333,-46.49987236,nb,lanes,-1
S1C28,32.90013203,-83.7863588,s,8/11/2018,5,Saturday,11:54:16,incident_stopped,2018-08-11_11-54-16_incident_stopped_zone_nb-shoulder.jpg,nb,65514.26667,-21.73107036,nb,shoulder,-1
S1C27,32.89654773,-83.78351592,s,8/11/2018,5,Saturday,11:54:16,incident_stopped,2018-08-11_11-54-16_incident_stopped_zone_nb-shoulder.jpg,nb,65514.26667,-23.1858178,nb,shoulder,-1
N1C17,32.84958885,-83.74065988,n,8/11/2018,5,Saturday,11:55:07,incident_stopped,2018-08-11_11-55-07_incident_stopped_zone_nb-shoulder.jpg,nb,65515.11667,-43.22840936,nb,shoulder,-1
N2C03,32.78071485,-83.71530658,n,8/11/2018,5,Saturday,12:02:14,incident_stopped,2018-08-11_12-02-14_incident_stopped_zone_nb-shoulder.jpg,nb,65522.23333,-67.78810628,nb,shoulder,-1
N1C29,32.89985331,-83.78559794,n,8/11/2018,5,Saturday,12:33:55,incident_stopped,2018-08-11_12-33-55_incident_stopped_zone_nb-shoulder.jpg,nb,65553.91667,-21.901237,nb,shoulder,-1
BIBB-CAM-034,32.90013203,-83.7863588,s,8/11/2018,5,Saturday,12:54:06,incident_stopped,2018-08-11_12-54-06_incident_stopped_zone_nb-shoulder.jpg,nb,65574.1,-21.73107036,nb,shoulder,-1
S1C21,32.86987654,-83.75830175,s,8/11/2018,5,Saturday,13:05:00,incident_stopped,2018-08-11_13-05-00_incident_stopped_zone_nb-shoulder.jpg,nb,65585,-34.62822647,nb,shoulder,-1
N1C21,32.86981764,-83.75767111,n,8/11/2018,5,Saturday,13:05:00,incident_stopped,2018-08-11_13-05-00_incident_stopped_zone_nb-shoulder.jpg,nb,65585,-34.7310666,nb,shoulder,-1
S1C33,32.92513731,-83.80220611,s,8/11/2018,5,Saturday,13:20:20,incident_stopped,2018-08-11_13-20-20_incident_stopped_zone_nb-shoulder.jpg,nb,65600.33333,-12.07189332,nb,shoulder,-1
N2C25,32.88361771,-83.77234944,n,8/11/2018,5,Saturday,13:27:10,incident_stopped,2018-08-11_13-27-10_incident_stopped_zone_nb-shoulder.jpg,nb,65607.16667,-28.57124979,nb,shoulder,-1
BIBB-CAM-032,32.88240434,-83.7719413,s,8/11/2018,5,Saturday,13:27:14,incident_stopped,2018-08-11_13-27-14_incident_stopped_zone_nb-shoulder.jpg,nb,65607.23333,-29.00171497,nb,shoulder,-1
BIBB-CAM-030,32.86987654,-83.75830175,s,8/11/2018,5,Saturday,14:09:05,incident_stopped,2018-08-11_14-09-05_incident_stopped_zone_far-shoulder.jpg,nb,65649.08333,-34.62822647,far,shoulder,-1
N1C25,32.88361771,-83.77234944,n,8/11/2018,5,Saturday,14:16:37,incident_stopped,2018-08-11_14-16-37_incident_stopped_zone_ramp-shoulder.jpg,nb,65656.61667,-28.57124979,ramp,shoulder,-1
N2C03,32.78071485,-83.71530658,n,8/11/2018,5,Saturday,14:20:47,incident_stopped,2018-08-11_14-20-47_incident_stopped_zone_nb-shoulder.jpg,nb,65660.78333,-67.78810628,nb,shoulder,-1
N2C17,32.84958885,-83.74065988,n,8/11/2018,5,Saturday,14:48:13,incident_stopped,2018-08-11_14-48-13_incident_stopped_zone_nb-shoulder.jpg,nb,65688.21667,-43.22840936,nb,shoulder,-1
N1C29,32.89985331,-83.78559794,n,8/11/2018,5,Saturday,14:55:30,incident_stopped,2018-08-11_14-55-30_incident_stopped_zone_nb-shoulder.jpg,nb,65695.5,-21.901237,nb,shoulder,-1
N2C02,32.76990531,-83.71029631,n,8/11/2018,5,Saturday,16:23:28,incident_stopped,2018-08-11_16-23-28_incident_stopped_zone_nb-shoulder.jpg,nb,65783.46667,-71.78891913,nb,shoulder,-1
N3C02,32.76990531,-83.71029631,n,8/11/2018,5,Saturday,16:23:30,incident_stopped,2018-08-11_16-23-30_incident_stopped_zone_nb-shoulder.jpg,nb,65783.5,-71.78891913,nb,shoulder,-1
N1C39,32.95177015,-83.81217745,n,8/11/2018,5,Saturday,16:27:23,incident_stopped,2018-08-11_16-27-23_incident_stopped_zone_ramp-shoulder.jpg,nb,65787.38333,-2.4510298,ramp,shoulder,-1
N1C03,32.78071485,-83.71530658,n,8/11/2018,5,Saturday,16:48:50,incident_stopped,2018-08-11_16-48-50_incident_stopped_zone_nb-shoulder.jpg,nb,65808.83333,-67.78810628,nb,shoulder,-1
N1C33,32.92077604,-83.79943309,n,8/11/2018,5,Saturday,16:56:27,incident_congestion,2018-08-11_16-56-27_incident_congestion_zone_nb-lanes.jpg,nb,65816.45,-13.74452878,nb,lanes,-1
N2C03,32.78071485,-83.71530658,n,8/11/2018,5,Saturday,17:12:26,incident_stopped,2018-08-11_17-12-26_incident_stopped_zone_nb-shoulder.jpg,nb,65832.43333,-67.78810628,nb,shoulder,-1
N1C41,32.7558,-83.709193,n,8/11/2018,5,Saturday,17:36:21,incident_stopped,2018-08-11_17-36-21_incident_stopped_zone_nb-shoulder.jpg,nb,65856.35,-76.37247586,nb,shoulder,-1
BIBB-CAM-012,32.77593588,-83.71230837,n,8/11/2018,5,Saturday,18:11:36,incident_stopped,2018-08-11_18-11-36_incident_stopped_zone_nb-shoulder.jpg,nb,65891.6,-69.65221113,nb,shoulder,-1
N1C06,32.79465366,-83.72010538,n,8/11/2018,5,Saturday,18:13:53,incident_stopped,2018-08-11_18-13-53_incident_stopped_zone_nb-shoulder.jpg,nb,65893.88333,-62.83684554,nb,shoulder,-1
S3C03,32.78046082,-83.71590778,s,8/11/2018,5,Saturday,18:21:09,incident_stopped,2018-08-11_18-21-09_incident_stopped_zone_nb-shoulder.jpg,nb,65901.15,-67.79477411,nb,shoulder,-1
BIBB-CAM-014,32.7850913,-83.71806273,n,8/11/2018,5,Saturday,18:26:23,incident_stopped,2018-08-11_18-26-23_incident_stopped_zone_nb-shoulder.jpg,nb,65906.38333,-66.07987571,nb,shoulder,-1
N1C05,32.78992515,-83.7196095,n,8/11/2018,5,Saturday,18:45:40,incident_stopped,2018-08-11_18-45-40_incident_stopped_zone_nb-shoulder.jpg,nb,65925.66667,-64.37580962,nb,shoulder,-1
N2C03,32.78071485,-83.71530658,n,8/11/2018,5,Saturday,19:11:08,incident_stopped,2018-08-11_19-11-08_incident_stopped_zone_nb-shoulder.jpg,nb,65951.13333,-67.78810628,nb,shoulder,-1
BIBB-CAM-018,32.79962746,-83.72080704,n,8/11/2018,5,Saturday,19:14:14,incident_stopped,2018-08-11_19-14-14_incident_stopped.jpg,nb,65954.23333,-61.20075294,,,-1
N2C06,32.79465366,-83.72010538,n,8/11/2018,5,Saturday,19:16:28,incident_stopped,2018-08-11_19-16-28_incident_stopped_zone_nb-lanes.jpg,nb,65956.46667,-62.83684554,nb,lanes,-1
N1C06,32.79465366,-83.72010538,n,8/11/2018,5,Saturday,19:17:55,incident_congestion,2018-08-11_19-17-55_incident_congestion_zone_nb-lanes.jpg,nb,65957.91667,-62.83684554,nb,lanes,-1
BIBB-CAM-016,32.78992515,-83.7196095,n,8/11/2018,5,Saturday,19:29:33,incident_slow,2018-08-11_19-29-33_incident_slow_zone_nb-lanes.jpg,nb,65969.55,-64.37580962,nb,lanes,-1
S2C10,32.81305818,-83.72759727,s,8/11/2018,5,Saturday,19:29:38,incident_stopped,2018-08-11_19-29-38_incident_stopped_zone_far-shoulder.jpg,nb,65969.63333,-56.16682713,far,shoulder,-1
N1C04,32.7850913,-83.71806273,n,8/11/2018,5,Saturday,19:42:13,incident_congestion,2018-08-11_19-42-13_incident_congestion_zone_nb-lanes.jpg,nb,65982.21667,-66.07987571,nb,lanes,-1
N1C04,32.7850913,-83.71806273,n,8/11/2018,5,Saturday,19:42:54,incident_stopped,2018-08-11_19-42-54_incident_stopped_zone_nb-lanes.jpg,nb,65982.9,-66.07987571,nb,lanes,-1
BIBB-CAM-016,32.78992515,-83.7196095,n,8/11/2018,5,Saturday,19:46:01,incident_stopped,2018-08-11_19-46-01_incident_stopped_zone_nb-shoulder.jpg,nb,65986.01667,-64.37580962,nb,shoulder,-1
S2C04,32.78488999,-83.71869237,s,8/11/2018,5,Saturday,19:47:20,incident_stopped,2018-08-11_19-47-20_incident_stopped_zone_nb-shoulder.jpg,nb,65987.33333,-66.06682308,nb,shoulder,-1
BIBB-CAM-014,32.7850913,-83.71806273,n,8/11/2018,5,Saturday,19:48:33,incident_slow,2018-08-11_19-48-33_incident_slow_zone_nb-lanes.jpg,nb,65988.55,-66.07987571,nb,lanes,-1
S1C04,32.78488999,-83.71869237,s,8/11/2018,5,Saturday,19:49:18,incident_congestion,2018-08-11_19-49-18_incident_congestion_zone_nb-lanes.jpg,nb,65989.3,-66.06682308,nb,lanes,-1
N3C07,32.80647151,-83.72379194,n,8/11/2018,5,Saturday,19:52:13,incident_stopped,2018-08-11_19-52-13_incident_stopped_zone_near-shoulder.jpg,nb,65992.21667,-58.69634095,near,shoulder,-1
N2C08,32.81331958,-83.72706597,n,8/11/2018,5,Saturday,19:54:11,incident_stopped,2018-08-11_19-54-11_incident_stopped_zone_nb-lanes.jpg,nb,65994.18333,-56.15448649,nb,lanes,-1
BIBB-CAM-020,32.81017134,-83.72613824,s,8/11/2018,5,Saturday,19:55:32,incident_stopped,2018-08-11_19-55-32_incident_stopped_zone_far-shoulder.jpg,nb,65995.53333,-57.24864799,far,shoulder,-1
BIBB-CAM-014,32.7850913,-83.71806273,n,8/11/2018,5,Saturday,19:56:29,incident_stopped,2018-08-11_19-56-29_incident_stopped_zone_nb-lanes.jpg,nb,65996.48333,-66.07987571,nb,lanes,-1
N1C04,32.7850913,-83.71806273,n,8/11/2018,5,Saturday,19:58:33,incident_slow,2018-08-11_19-58-33_incident_slow_zone_nb-lanes.jpg,nb,65998.55,-66.07987571,nb,lanes,-1
S2C08,32.80622138,-83.72432815,s,8/11/2018,5,Saturday,19:58:59,incident_stopped,2018-08-11_19-58-59_incident_stopped_zone_nb-shoulder.jpg,nb,65998.98333,-58.705165,nb,shoulder,-1
S2C04,32.78488999,-83.71869237,s,8/11/2018,5,Saturday,19:59:33,incident_slow,2018-08-11_19-59-33_incident_slow_zone_nb-lanes.jpg,nb,65999.55,-66.06682308,nb,lanes,-1
N1C06,32.79465366,-83.72010538,n,8/11/2018,5,Saturday,19:59:59,incident_stopped,2018-08-11_19-59-59_incident_stopped_zone_nb-shoulder.jpg,nb,65999.98333,-62.83684554,nb,shoulder,-1
N1C03,32.78071485,-83.71530658,n,8/11/2018,5,Saturday,20:00:03,incident_congestion,2018-08-11_20-00-03_incident_congestion_zone_nb-lanes.jpg,nb,66000.05,-67.78810628,nb,lanes,-1
S1C03,32.78046082,-83.71590778,s,8/11/2018,5,Saturday,20:01:44,incident_congestion,2018-08-11_20-01-44_incident_congestion_zone_far-lanes.jpg,nb,66001.73333,-67.79477411,far,lanes,-1
N2C17,32.84958885,-83.74065988,n,8/11/2018,5,Saturday,20:05:27,incident_stopped,2018-08-11_20-05-27_incident_stopped_zone_nb-shoulder.jpg,nb,66005.45,-43.22840936,nb,shoulder,-1
S2C23,32.8774369,-83.7665846,s,8/11/2018,5,Saturday,20:07:29,incident_stopped,2018-08-11_20-07-29_incident_stopped_zone_far-shoulder.jpg,nb,66007.48333,-31.21570867,far,shoulder,-1
N1C24,32.87982448,-83.7684812,n,8/11/2018,5,Saturday,20:10:30,incident_stopped,2018-08-11_20-10-30_incident_stopped_zone_nb-shoulder.jpg,nb,66010.5,-30.23393141,nb,shoulder,-1
S1C24,32.87958032,-83.76886573,s,8/11/2018,5,Saturday,20:10:35,incident_stopped,2018-08-11_20-10-35_incident_stopped_zone_far-shoulder.jpg,nb,66010.58333,-30.26227087,far,shoulder,-1
BIBB-CAM-031,32.87958032,-83.76886573,s,8/11/2018,5,Saturday,20:12:13,incident_stopped,2018-08-11_20-12-13_incident_stopped_zone_nb-shoulder.jpg,nb,66012.21667,-30.26227087,nb,shoulder,-1
S1C09,32.81017134,-83.72613824,s,8/11/2018,5,Saturday,20:15:49,incident_stopped,2018-08-11_20-15-49_incident_stopped_zone_nb-lanes.jpg,nb,66015.81667,-57.24864799,nb,lanes,-1
S2C18,32.85465632,-83.74348346,s,8/11/2018,5,Saturday,20:18:08,incident_stopped,2018-08-11_20-18-08_incident_stopped_zone_nb-shoulder.jpg,nb,66018.13333,-41.30069476,nb,shoulder,-1
BIBB-CAM-014,32.7850913,-83.71806273,n,8/11/2018,5,Saturday,20:20:30,incident_congestion,2018-08-11_20-20-30_incident_congestion_zone_nb-lanes.jpg,nb,66020.5,-66.07987571,nb,lanes,-1
N1C05,32.78992515,-83.7196095,n,8/11/2018,5,Saturday,20:24:59,incident_stopped,2018-08-11_20-24-59_incident_stopped_zone_nb-shoulder.jpg,nb,66024.98333,-64.37580962,nb,shoulder,-1
N1C03,32.78071485,-83.71530658,n,8/11/2018,5,Saturday,20:27:10,incident_stopped,2018-08-11_20-27-10_incident_stopped_zone_nb-shoulder.jpg,nb,66027.16667,-67.78810628,nb,shoulder,-1
N1C20,32.86504559,-83.75232959,n,8/11/2018,5,Saturday,20:32:20,incident_stopped,2018-08-11_20-32-20_incident_stopped_zone_nb-shoulder.jpg,nb,66032.33333,-36.91653912,nb,shoulder,-1
BIBB-CAM-018,32.79962746,-83.72080704,n,8/11/2018,5,Saturday,21:14:33,incident_stopped,2018-08-11_21-14-33_incident_stopped_zone_nb-lanes.jpg,nb,66074.55,-61.20075294,nb,lanes,-1
BIBB-CAM-019,32.80622138,-83.72432815,s,8/11/2018,5,Saturday,21:34:33,incident_slow,2018-08-11_21-34-33_incident_slow_zone_far-lanes.jpg,nb,66094.55,-58.705165,far,lanes,-1
BIBB-CAM-020,32.81017134,-83.72613824,s,8/11/2018,5,Saturday,21:35:34,incident_slow,2018-08-11_21-35-34_incident_slow_zone_far-lanes.jpg,nb,66095.56667,-57.24864799,far,lanes,-1
BIBB-CAM-020,32.81017134,-83.72613824,s,8/11/2018,5,Saturday,21:58:15,incident_stopped,2018-08-11_21-58-15_incident_stopped_zone_far-shoulder.jpg,nb,66118.25,-57.24864799,far,shoulder,-1
N1C06,32.79465366,-83.72010538,n,8/11/2018,5,Saturday,21:58:17,incident_stopped,2018-08-11_21-58-17_incident_stopped_zone_nb-shoulder.jpg,nb,66118.28333,-62.83684554,nb,shoulder,-1
N1C20,32.86504559,-83.75232959,n,8/11/2018,5,Saturday,22:06:33,incident_stopped,2018-08-11_22-06-33_incident_stopped_zone_nb-shoulder.jpg,nb,66126.55,-36.91653912,nb,shoulder,-1
S2C09,32.81017134,-83.72613824,s,8/11/2018,5,Saturday,22:28:24,incident_stopped,2018-08-11_22-28-24_incident_stopped_zone_nb-shoulder.jpg,nb,66148.4,-57.24864799,nb,shoulder,-1
N2C08,32.81331958,-83.72706597,n,8/11/2018,5,Saturday,22:43:46,incident_stopped,2018-08-11_22-43-46_incident_stopped_zone_nb-shoulder.jpg,nb,66163.76667,-56.15448649,nb,shoulder,-1
S1C09,32.81017134,-83.72613824,s,8/11/2018,5,Saturday,22:48:24,incident_stopped,2018-08-11_22-48-24_incident_stopped_zone_nb-lanes.jpg,nb,66168.4,-57.24864799,nb,lanes,-1
BIBB-CAM-019,32.80622138,-83.72432815,s,8/11/2018,5,Saturday,22:50:34,incident_slow,2018-08-11_22-50-34_incident_slow_zone_far-lanes.jpg,nb,66170.56667,-58.705165,far,lanes,-1
BIBB-CAM-020,32.81017134,-83.72613824,s,8/11/2018,5,Saturday,22:57:33,incident_slow,2018-08-11_22-57-33_incident_slow_zone_far-lanes.jpg,nb,66177.55,-57.24864799,far,lanes,-1
S2C17,32.84950348,-83.74113514,s,8/11/2018,5,Saturday,23:01:29,incident_stopped,2018-08-11_23-01-29_incident_stopped_zone_nb-shoulder.jpg,nb,66181.48333,-43.18705025,nb,shoulder,-1
N3C07,32.80647151,-83.72379194,n,8/11/2018,5,Saturday,23:31:59,incident_stopped,2018-08-11_23-31-59_incident_stopped_zone_near-shoulder.jpg,nb,66211.98333,-58.69634095,near,shoulder,-1
N1C04,32.7850913,-83.71806273,n,8/11/2018,5,Saturday,23:37:25,incident_stopped,2018-08-11_23-37-25_incident_stopped_zone_nb-shoulder.jpg,nb,66217.41667,-66.07987571,nb,shoulder,-1
N1C21,32.86981764,-83.75767111,n,8/11/2018,5,Saturday,23:39:06,incident_stopped,2018-08-11_23-39-06_incident_stopped_zone_nb-shoulder.jpg,nb,66219.1,-34.7310666,nb,shoulder,-1
BIBB-CAM-031,32.87958032,-83.76886573,s,8/11/2018,5,Saturday,23:45:20,incident_stopped,2018-08-11_23-45-20_incident_stopped_zone_nb-shoulder.jpg,nb,66225.33333,-30.26227087,nb,shoulder,-1
BIBB-CAM-018,32.79962746,-83.72080704,n,8/11/2018,5,Saturday,23:54:23,incident_stopped,2018-08-11_23-54-23_incident_stopped_zone_nb-shoulder.jpg,nb,66234.38333,-61.20075294,nb,shoulder,-1
N1C24,32.87982448,-83.7684812,n,8/11/2018,5,Saturday,23:54:41,incident_stopped,2018-08-11_23-54-41_incident_stopped_zone_nb-shoulder.jpg,nb,66234.68333,-30.23393141,nb,shoulder,-1
S1C24,32.87958032,-83.76886573,s,8/11/2018,5,Saturday,23:56:05,incident_stopped,2018-08-11_23-56-05_incident_stopped_zone_far-lanes.jpg,nb,66236.08333,-30.26227087,far,lanes,-1
N2C03,32.78071485,-83.71530658,n,8/11/2018,5,Saturday,23:58:48,incident_stopped,2018-08-11_23-58-48_incident_stopped_zone_nb-shoulder.jpg,nb,66238.8,-67.78810628,nb,shoulder,-1
S2C23,32.8774369,-83.7665846,s,8/12/2018,6,Sunday,0:00:38,incident_stopped,2018-08-12_00-00-38_incident_stopped_zone_far-shoulder.jpg,nb,66240.63333,-31.21570867,far,shoulder,-1
S1C19,32.85919079,-83.74676747,s,8/12/2018,6,Sunday,0:08:11,incident_stopped,2018-08-12_00-08-11_incident_stopped_zone_nb-shoulder.jpg,nb,66248.18333,-39.46810985,nb,shoulder,-1
S3C23,32.8774369,-83.7665846,s,8/12/2018,6,Sunday,0:27:23,incident_stopped,2018-08-12_00-27-23_incident_stopped_zone_nb-lanes.jpg,nb,66267.38333,-31.21570867,nb,lanes,-1
N2C23,32.87756847,-83.76599732,n,8/12/2018,6,Sunday,0:27:26,incident_stopped,2018-08-12_00-27-26_incident_stopped_zone_nb-lanes.jpg,nb,66267.43333,-31.24939169,nb,lanes,-1
S2C24,32.87958032,-83.76886573,s,8/12/2018,6,Sunday,0:41:35,incident_stopped,2018-08-12_00-41-35_incident_stopped_zone_nb-shoulder.jpg,nb,66281.58333,-30.26227087,nb,shoulder,-1
S2C18,32.85465632,-83.74348346,s,8/12/2018,6,Sunday,1:12:58,incident_stopped,2018-08-12_01-12-58_incident_stopped_zone_nb-shoulder.jpg,nb,66312.96667,-41.30069476,nb,shoulder,-1
BIBB-CAM-031,32.87958032,-83.76886573,s,8/12/2018,6,Sunday,1:18:04,incident_stopped,2018-08-12_01-18-04_incident_stopped_zone_nb-lanes.jpg,nb,66318.06667,-30.26227087,nb,lanes,-1
S2C23,32.8774369,-83.7665846,s,8/12/2018,6,Sunday,1:36:11,incident_stopped,2018-08-12_01-36-11_incident_stopped_zone_far-lanes.jpg,nb,66336.18333,-31.21570867,far,lanes,-1
N1C24,32.87982448,-83.7684812,n,8/12/2018,6,Sunday,1:39:30,incident_stopped,2018-08-12_01-39-30_incident_stopped_zone_nb-lanes.jpg,nb,66339.5,-30.23393141,nb,lanes,-1
S2C17,32.84950348,-83.74113514,s,8/12/2018,6,Sunday,1:39:58,incident_stopped,2018-08-12_01-39-58_incident_stopped_zone_nb-lanes.jpg,nb,66339.96667,-43.18705025,nb,lanes,-1
N3C38,32.94876151,-83.81228301,n,8/12/2018,6,Sunday,1:52:51,incident_stopped,2018-08-12_01-52-51_incident_stopped_zone_nb-shoulder.jpg,nb,66352.85,-3.479229064,nb,shoulder,-1
N2C39,32.95177015,-83.81217745,n,8/12/2018,6,Sunday,1:54:36,incident_stopped,2018-08-12_01-54-36_incident_stopped_zone_near-shoulder.jpg,nb,66354.6,-2.4510298,near,shoulder,-1
S2C38,32.95157525,-83.81265346,s,8/12/2018,6,Sunday,2:14:46,incident_stopped,2018-08-12_02-14-46_incident_stopped_zone_north-shoulder.jpg,nb,66374.76667,-2.501382112,north,shoulder,-1
N1C39,32.95177015,-83.81217745,n,8/12/2018,6,Sunday,2:36:20,incident_stopped,2018-08-12_02-36-20_incident_stopped_zone_ramp-shoulder.jpg,nb,66396.33333,-2.4510298,ramp,shoulder,-1
S2C24,32.87958032,-83.76886573,s,8/12/2018,6,Sunday,2:44:56,incident_stopped,2018-08-12_02-44-56_incident_stopped_zone_nb-shoulder.jpg,nb,66404.93333,-30.26227087,nb,shoulder,-1
N1C23,32.87756847,-83.76599732,n,8/12/2018,6,Sunday,2:57:35,incident_stopped,2018-08-12_02-57-35_incident_stopped_zone_nb-shoulder.jpg,nb,66417.58333,-31.24939169,nb,shoulder,-1
BIBB-CAM-031,32.87958032,-83.76886573,s,8/12/2018,6,Sunday,3:02:06,incident_stopped,2018-08-12_03-02-06_incident_stopped_zone_nb-shoulder.jpg,nb,66422.1,-30.26227087,nb,shoulder,-1
N1C22,32.87317142,-83.76128066,n,8/12/2018,6,Sunday,3:30:50,incident_stopped,2018-08-12_03-30-50_incident_stopped_zone_nb-shoulder.jpg,nb,66450.83333,-33.22037987,nb,shoulder,-1
N2C23,32.87756847,-83.76599732,n,8/12/2018,6,Sunday,3:34:52,incident_stopped,2018-08-12_03-34-52_incident_stopped_zone_nb-lanes.jpg,nb,66454.86667,-31.24939169,nb,lanes,-1
S3C23,32.8774369,-83.7665846,s,8/12/2018,6,Sunday,3:42:42,incident_stopped,2018-08-12_03-42-42_incident_stopped_zone_nb-lanes.jpg,nb,66462.7,-31.21570867,nb,lanes,-1
S2C38,32.95157525,-83.81265346,s,8/12/2018,6,Sunday,5:56:53,incident_stopped,2018-08-12_05-56-53_incident_stopped_zone_north-lanes.jpg,nb,66596.88333,-2.501382112,north,lanes,-1
N2C38,32.94876151,-83.81228301,n,8/12/2018,6,Sunday,5:59:37,incident_stopped,2018-08-12_05-59-37_incident_stopped_zone_nb-shoulder.jpg,nb,66599.61667,-3.479229064,nb,shoulder,-1
S1C21,32.86987654,-83.75830175,s,8/12/2018,6,Sunday,6:23:43,incident_stopped,2018-08-12_06-23-43_incident_stopped_zone_nb-shoulder.jpg,nb,66623.71667,-34.62822647,nb,shoulder,-1
N1C21,32.86981764,-83.75767111,n,8/12/2018,6,Sunday,6:23:44,incident_stopped,2018-08-12_06-23-44_incident_stopped_zone_nb-shoulder.jpg,nb,66623.73333,-34.7310666,nb,shoulder,-1
N2C01,32.76613511,-83.71030216,n,8/12/2018,6,Sunday,7:39:49,incident_stopped,2018-08-12_07-39-49_incident_stopped_zone_nb-shoulder.jpg,nb,66699.81667,-72.97440738,nb,shoulder,-1
N2C02,32.76990531,-83.71029631,n,8/12/2018,6,Sunday,7:52:43,incident_stopped,2018-08-12_07-52-43_incident_stopped_zone_nb-shoulder.jpg,nb,66712.71667,-71.78891913,nb,shoulder,-1
BIBB-CAM-025,32.84057153,-83.73697533,s,8/12/2018,6,Sunday,8:17:47,incident_stopped,2018-08-12_08-17-47_incident_stopped_zone_nb-shoulder.jpg,nb,66737.78333,-46.47309774,nb,shoulder,-1
N2C03,32.78071485,-83.71530658,n,8/12/2018,6,Sunday,8:53:51,incident_stopped,2018-08-12_08-53-51_incident_stopped_zone_nb-shoulder.jpg,nb,66773.85,-67.78810628,nb,shoulder,-1
N1C21,32.86981764,-83.75767111,n,8/12/2018,6,Sunday,9:35:42,incident_stopped,2018-08-12_09-35-42_incident_stopped_zone_nb-shoulder.jpg,nb,66815.7,-34.7310666,nb,shoulder,-1
N2C01,32.76613511,-83.71030216,n,8/12/2018,6,Sunday,9:58:02,incident_stopped,2018-08-12_09-58-02_incident_stopped_zone_nb-shoulder.jpg,nb,66838.03333,-72.97440738,nb,shoulder,-1
N1C01,32.76613511,-83.71030216,n,8/12/2018,6,Sunday,9:58:07,incident_stopped,2018-08-12_09-58-07_incident_stopped_zone_nb-shoulder.jpg,nb,66838.11667,-72.97440738,nb,shoulder,-1
S1C21,32.86987654,-83.75830175,s,8/12/2018,6,Sunday,10:18:13,incident_stopped,2018-08-12_10-18-13_incident_stopped_zone_nb-shoulder.jpg,nb,66858.21667,-34.62822647,nb,shoulder,-1
N1C03,32.78071485,-83.71530658,n,8/12/2018,6,Sunday,10:40:59,incident_stopped,2018-08-12_10-40-59_incident_stopped_zone_nb-shoulder.jpg,nb,66880.98333,-67.78810628,nb,shoulder,-1
S1C31,32.91536047,-83.79703412,s,8/12/2018,6,Sunday,12:19:13,incident_stopped,2018-08-12_12-19-13_incident_stopped_zone_nb-shoulder.jpg,nb,66979.21667,-15.73785658,nb,shoulder,-1
S1C21,32.86987654,-83.75830175,s,8/12/2018,6,Sunday,12:50:05,incident_stopped,2018-08-12_12-50-05_incident_stopped_zone_nb-shoulder.jpg,nb,67010.08333,-34.62822647,nb,shoulder,-1
N2C09,32.81772219,-83.72879532,n,8/12/2018,6,Sunday,14:39:58,incident_stopped,2018-08-12_14-39-58_incident_stopped_zone_nb-shoulder.jpg,nb,67119.96667,-54.56967025,nb,shoulder,-1
S1C30,32.91200591,-83.79524157,s,8/12/2018,6,Sunday,14:49:16,incident_stopped,2018-08-12_14-49-16_incident_stopped_zone_nb-shoulder.jpg,nb,67129.26667,-17.00028257,nb,shoulder,-1
N2C01,32.76613511,-83.71030216,n,8/12/2018,6,Sunday,14:49:19,incident_stopped,2018-08-12_14-49-19_incident_stopped_zone_nb-shoulder.jpg,nb,67129.31667,-72.97440738,nb,shoulder,-1
N1C01,32.76613511,-83.71030216,n,8/12/2018,6,Sunday,14:49:21,incident_stopped,2018-08-12_14-49-21_incident_stopped_zone_nb-shoulder.jpg,nb,67129.35,-72.97440738,nb,shoulder,-1
S2C09,32.81017134,-83.72613824,s,8/12/2018,6,Sunday,14:59:57,incident_stopped,2018-08-12_14-59-57_incident_stopped_zone_nb-shoulder.jpg,nb,67139.95,-57.24864799,nb,shoulder,-1
N2C03,32.78071485,-83.71530658,n,8/12/2018,6,Sunday,15:04:27,incident_stopped,2018-08-12_15-04-27_incident_stopped_zone_nb-shoulder.jpg,nb,67144.45,-67.78810628,nb,shoulder,-1
BIBB-CAM-032,32.88240434,-83.7719413,s,8/12/2018,6,Sunday,15:06:30,incident_stopped,2018-08-12_15-06-30_incident_stopped_zone_nb-lanes.jpg,nb,67146.5,-29.00171497,nb,lanes,-1
N2C11,32.82699902,-83.73109564,n,8/12/2018,6,Sunday,15:08:00,incident_stopped,2018-08-12_15-08-00_incident_stopped_zone_near-shoulder.jpg,nb,67148,-51.41367576,near,shoulder,-1
N1C17,32.84958885,-83.74065988,n,8/12/2018,6,Sunday,15:14:04,incident_stopped,2018-08-12_15-14-04_incident_stopped_zone_nb-shoulder.jpg,nb,67154.06667,-43.22840936,nb,shoulder,-1
S1C21,32.86987654,-83.75830175,s,8/12/2018,6,Sunday,15:18:52,incident_stopped,2018-08-12_15-18-52_incident_stopped_zone_nb-shoulder.jpg,nb,67158.86667,-34.62822647,nb,shoulder,-1
BIBB-CAM-009,32.76613511,-83.71030216,n,8/12/2018,6,Sunday,15:24:08,incident_stopped,2018-08-12_15-24-08_incident_stopped.jpg,nb,67164.13333,-72.97440738,,,-1
BIBB-CAM-036,32.91536047,-83.79703412,s,8/12/2018,6,Sunday,16:09:27,incident_stopped,2018-08-12_16-09-27_incident_stopped_zone_far-shoulder.jpg,nb,67209.45,-15.73785658,far,shoulder,-1
BIBB-CAM-030,32.86987654,-83.75830175,s,8/12/2018,6,Sunday,16:44:31,incident_stopped,2018-08-12_16-44-31_incident_stopped_zone_far-shoulder.jpg,nb,67244.51667,-34.62822647,far,shoulder,-1
S1C27,32.89654773,-83.78351592,s,8/12/2018,6,Sunday,16:52:00,incident_stopped,2018-08-12_16-52-00_incident_stopped_zone_nb-shoulder.jpg,nb,67252,-23.1858178,nb,shoulder,-1
N1C21,32.86981764,-83.75767111,n,8/12/2018,6,Sunday,16:55:08,incident_stopped,2018-08-12_16-55-08_incident_stopped_zone_nb-shoulder.jpg,nb,67255.13333,-34.7310666,nb,shoulder,-1
N2C03,32.78071485,-83.71530658,n,8/12/2018,6,Sunday,16:58:50,incident_stopped,2018-08-12_16-58-50_incident_stopped_zone_nb-shoulder.jpg,nb,67258.83333,-67.78810628,nb,shoulder,-1
BIBB-CAM-031,32.87958032,-83.76886573,s,8/12/2018,6,Sunday,18:44:32,incident_stopped,2018-08-12_18-44-32_incident_stopped_zone_nb-shoulder.jpg,nb,67364.53333,-30.26227087,nb,shoulder,-1
N2C40,32.751099,-83.713281,n,8/12/2018,6,Sunday,19:00:47,incident_stopped,2018-08-12_19-00-47_incident_stopped_zone_near-shoulder.jpg,nb,67380.78333,-77.41345723,near,shoulder,-1
N1C40,32.751099,-83.713281,n,8/12/2018,6,Sunday,19:02:38,incident_stopped,2018-08-12_19-02-38_incident_stopped_zone_nb-shoulder.jpg,nb,67382.63333,-77.41345723,nb,shoulder,-1
S1C32,32.92026721,-83.79963273,s,8/12/2018,6,Sunday,20:00:44,incident_stopped,2018-08-12_20-00-44_incident_stopped_zone_nb-lanes.jpg,nb,67440.73333,-13.89579256,nb,lanes,-1
N2C26,32.88798194,-83.77607704,n,8/12/2018,6,Sunday,21:13:12,incident_stopped,2018-08-12_21-13-12_incident_stopped_zone_nb-shoulder.jpg,nb,67513.2,-26.75233619,nb,shoulder,-1
BIBB-CAM-018,32.79962746,-83.72080704,n,8/12/2018,6,Sunday,21:16:38,incident_stopped,2018-08-12_21-16-38_incident_stopped_zone_nb-shoulder.jpg,nb,67516.63333,-61.20075294,nb,shoulder,-1
S1C21,32.86987654,-83.75830175,s,8/12/2018,6,Sunday,21:22:17,incident_stopped,2018-08-12_21-22-17_incident_stopped_zone_nb-shoulder.jpg,nb,67522.28333,-34.62822647,nb,shoulder,-1
S1C32,32.92026721,-83.79963273,s,8/12/2018,6,Sunday,21:58:45,incident_stopped,2018-08-12_21-58-45_incident_stopped_zone_nb-shoulder.jpg,nb,67558.75,-13.89579256,nb,shoulder,-1
S2C09,32.81017134,-83.72613824,s,8/12/2018,6,Sunday,23:05:13,incident_stopped,2018-08-12_23-05-13_incident_stopped_zone_nb-shoulder.jpg,nb,67625.21667,-57.24864799,nb,shoulder,-1
S1C32,32.92026721,-83.79963273,s,8/12/2018,6,Sunday,23:53:00,incident_stopped,2018-08-12_23-53-00_incident_stopped_zone_nb-shoulder.jpg,nb,67673,-13.89579256,nb,shoulder,-1
S1C02,32.77015102,-83.71101814,s,8/13/2018,0,Monday,0:37:27,incident_stopped,2018-08-13_00-37-27_incident_stopped_zone_nb-shoulder.jpg,nb,67717.45,-71.62458863,nb,shoulder,-1
N1C21,32.86981764,-83.75767111,n,8/13/2018,0,Monday,1:12:08,incident_stopped,2018-08-13_01-12-08_incident_stopped_zone_nb-shoulder.jpg,nb,67752.13333,-34.7310666,nb,shoulder,-1
S1C21,32.86987654,-83.75830175,s,8/13/2018,0,Monday,1:12:11,incident_stopped,2018-08-13_01-12-11_incident_stopped_zone_nb-shoulder.jpg,nb,67752.18333,-34.62822647,nb,shoulder,-1
S1C31,32.91536047,-83.79703412,s,8/13/2018,0,Monday,5:11:55,incident_stopped,2018-08-13_05-11-55_incident_stopped_zone_nb-shoulder.jpg,nb,67991.91667,-15.73785658,nb,shoulder,-1
N1C03,32.78071485,-83.71530658,n,8/13/2018,0,Monday,7:08:12,incident_stopped,2018-08-13_07-08-12_incident_stopped_zone_nb-shoulder.jpg,nb,68108.2,-67.78810628,nb,shoulder,-1
N2C26,32.88798194,-83.77607704,n,8/13/2018,0,Monday,7:31:12,incident_stopped,2018-08-13_07-31-12_incident_stopped_zone_nb-shoulder.jpg,nb,68131.2,-26.75233619,nb,shoulder,-1
BIBB-CAM-025,32.84057153,-83.73697533,s,8/13/2018,0,Monday,7:47:27,incident_stopped,2018-08-13_07-47-27_incident_stopped_zone_nb-shoulder.jpg,nb,68147.45,-46.47309774,nb,shoulder,-1
N1C16,32.84577945,-83.73888874,n,8/13/2018,0,Monday,7:57:51,incident_stopped,2018-08-13_07-57-51_incident_stopped_zone_near-shoulder.jpg,nb,68157.85,-44.6283787,near,shoulder,-1
S1C16,32.84561646,-83.73933607,s,8/13/2018,0,Monday,7:57:55,incident_stopped,2018-08-13_07-57-55_incident_stopped_zone_nb-shoulder.jpg,nb,68157.91667,-44.61500342,nb,shoulder,-1
N2C01,32.76613511,-83.71030216,n,8/13/2018,0,Monday,8:29:34,incident_stopped,2018-08-13_08-29-34_incident_stopped_zone_nb-shoulder.jpg,nb,68189.56667,-72.97440738,nb,shoulder,-1
S1C21,32.86987654,-83.75830175,s,8/13/2018,0,Monday,8:58:44,incident_stopped,2018-08-13_08-58-44_incident_stopped_zone_nb-shoulder.jpg,nb,68218.73333,-34.62822647,nb,shoulder,-1
BIBB-CAM-023,32.82699902,-83.73109564,n,8/13/2018,0,Monday,9:00:48,incident_stopped,2018-08-13_09-00-48_incident_stopped_zone_nb-shoulder.jpg,nb,68220.8,-51.41367576,nb,shoulder,-1
BIBB-CAM-031,32.87958032,-83.76886573,s,8/13/2018,0,Monday,9:17:02,incident_stopped,2018-08-13_09-17-02_incident_stopped_zone_nb-shoulder.jpg,nb,68237.03333,-30.26227087,nb,shoulder,-1
S1C09,32.81017134,-83.72613824,s,8/13/2018,0,Monday,9:34:24,incident_stopped,2018-08-13_09-34-24_incident_stopped_zone_nb-shoulder.jpg,nb,68254.4,-57.24864799,nb,shoulder,-1
BIBB-CAM-028,32.86504559,-83.75232959,n,8/13/2018,0,Monday,10:06:29,incident_stopped,2018-08-13_10-06-29_incident_stopped.jpg,nb,68286.48333,-36.91653912,,,-1
N2C01,32.76613511,-83.71030216,n,8/13/2018,0,Monday,10:22:32,incident_stopped,2018-08-13_10-22-32_incident_stopped_zone_nb-shoulder.jpg,nb,68302.53333,-72.97440738,nb,shoulder,-1
BIBB-CAM-030,32.86987654,-83.75830175,s,8/13/2018,0,Monday,10:25:37,incident_stopped,2018-08-13_10-25-37_incident_stopped_zone_far-shoulder.jpg,nb,68305.61667,-34.62822647,far,shoulder,-1
N1C01,32.76613511,-83.71030216,n,8/13/2018,0,Monday,10:30:35,incident_stopped,2018-08-13_10-30-35_incident_stopped_zone_nb-shoulder.jpg,nb,68310.58333,-72.97440738,nb,shoulder,-1
S2C13,32.831725,-83.73297366,s,8/13/2018,0,Monday,10:31:20,incident_stopped,2018-08-13_10-31-20_incident_stopped_zone_nb-shoulder.jpg,nb,68311.33333,-49.71525632,nb,shoulder,-1
N1C21,32.86981764,-83.75767111,n,8/13/2018,0,Monday,10:34:12,incident_stopped,2018-08-13_10-34-12_incident_stopped_zone_nb-shoulder.jpg,nb,68314.2,-34.7310666,nb,shoulder,-1
N1C20,32.86504559,-83.75232959,n,8/13/2018,0,Monday,10:35:11,incident_stopped,2018-08-13_10-35-11_incident_stopped_zone_nb-shoulder.jpg,nb,68315.18333,-36.91653912,nb,shoulder,-1
N3C38,32.94876151,-83.81228301,n,8/13/2018,0,Monday,10:47:53,incident_stopped,2018-08-13_10-47-53_incident_stopped_zone_nb-shoulder.jpg,nb,68327.88333,-3.479229064,nb,shoulder,-1
S1C21,32.86987654,-83.75830175,s,8/13/2018,0,Monday,12:02:18,incident_stopped,2018-08-13_12-02-18_incident_stopped_zone_nb-shoulder.jpg,nb,68402.3,-34.62822647,nb,shoulder,-1
S2C24,32.87958032,-83.76886573,s,8/13/2018,0,Monday,12:51:31,incident_stopped,2018-08-13_12-51-31_incident_stopped_zone_nb-shoulder.jpg,nb,68451.51667,-30.26227087,nb,shoulder,-1
N1C14,32.83648848,-83.73452853,n,8/13/2018,0,Monday,13:06:03,incident_stopped,2018-08-13_13-06-03_incident_stopped_zone_ramp-shoulder.jpg,nb,68466.05,-48.05166032,ramp,shoulder,-1
BIBB-CAM-022,32.82254015,-83.73046915,s,8/13/2018,0,Monday,13:08:47,incident_stopped,2018-08-13_13-08-47_incident_stopped_zone_nb-shoulder.jpg,nb,68468.78333,-52.86537408,nb,shoulder,-1
S1C16,32.84561646,-83.73933607,s,8/13/2018,0,Monday,13:26:23,incident_stopped,2018-08-13_13-26-23_incident_stopped_zone_nb-shoulder.jpg,nb,68486.38333,-44.61500342,nb,shoulder,-1
S1C27,32.89654773,-83.78351592,s,8/13/2018,0,Monday,13:30:52,incident_stopped,2018-08-13_13-30-52_incident_stopped_zone_nb-shoulder.jpg,nb,68490.86667,-23.1858178,nb,shoulder,-1
N2C01,32.76613511,-83.71030216,n,8/13/2018,0,Monday,13:43:55,incident_stopped,2018-08-13_13-43-55_incident_stopped_zone_nb-shoulder.jpg,nb,68503.91667,-72.97440738,nb,shoulder,-1
S1C19,32.85919079,-83.74676747,s,8/13/2018,0,Monday,13:45:04,incident_stopped,2018-08-13_13-45-04_incident_stopped_zone_nb-shoulder.jpg,nb,68505.06667,-39.46810985,nb,shoulder,-1
S1C24,32.87958032,-83.76886573,s,8/13/2018,0,Monday,14:06:24,incident_stopped,2018-08-13_14-06-24_incident_stopped_zone_far-shoulder.jpg,nb,68526.4,-30.26227087,far,shoulder,-1
S2C23,32.8774369,-83.7665846,s,8/13/2018,0,Monday,14:06:26,incident_stopped,2018-08-13_14-06-26_incident_stopped_zone_far-shoulder.jpg,nb,68526.43333,-31.21570867,far,shoulder,-1
S1C21,32.86987654,-83.75830175,s,8/13/2018,0,Monday,14:26:11,incident_stopped,2018-08-13_14-26-11_incident_stopped_zone_nb-shoulder.jpg,nb,68546.18333,-34.62822647,nb,shoulder,-1
N2C03,32.78071485,-83.71530658,n,8/13/2018,0,Monday,14:58:47,incident_stopped,2018-08-13_14-58-47_incident_stopped_zone_nb-shoulder.jpg,nb,68578.78333,-67.78810628,nb,shoulder,-1
N3C38,32.94876151,-83.81228301,n,8/13/2018,0,Monday,15:49:19,incident_stopped,2018-08-13_15-49-19_incident_stopped_zone_nb-shoulder.jpg,nb,68629.31667,-3.479229064,nb,shoulder,-1
N2C42,32.759892,-83.709757,n,8/13/2018,0,Monday,16:53:26,incident_stopped,2018-08-13_16-53-26_incident_stopped_zone_nb-lanes.jpg,nb,68693.43333,-75.01044884,nb,lanes,-1
N1C21,32.86981764,-83.75767111,n,8/13/2018,0,Monday,17:07:12,incident_stopped,2018-08-13_17-07-12_incident_stopped_zone_nb-shoulder.jpg,nb,68707.2,-34.7310666,nb,shoulder,-1
N2C03,32.78071485,-83.71530658,n,8/13/2018,0,Monday,18:35:51,incident_stopped,2018-08-13_18-35-51_incident_stopped_zone_nb-shoulder.jpg,nb,68795.85,-67.78810628,nb,shoulder,-1
N2C42,32.759892,-83.709757,n,8/13/2018,0,Monday,18:56:19,incident_stopped,2018-08-13_18-56-19_incident_stopped_zone_nb-shoulder.jpg,nb,68816.31667,-75.01044884,nb,shoulder,-1
S1C30,32.91200591,-83.79524157,s,8/13/2018,0,Monday,19:25:53,incident_stopped,2018-08-13_19-25-53_incident_stopped_zone_nb-shoulder.jpg,nb,68845.88333,-17.00028257,nb,shoulder,-1
BIBB-CAM-018,32.79962746,-83.72080704,n,8/13/2018,0,Monday,20:38:04,incident_stopped,2018-08-13_20-38-04_incident_stopped_zone_nb-shoulder.jpg,nb,68918.06667,-61.20075294,nb,shoulder,-1
N2C01,32.76613511,-83.71030216,n,8/13/2018,0,Monday,20:47:48,incident_stopped,2018-08-13_20-47-48_incident_stopped_zone_nb-shoulder.jpg,nb,68927.8,-72.97440738,nb,shoulder,-1
S2C24,32.87958032,-83.76886573,s,8/13/2018,0,Monday,21:22:29,incident_stopped,2018-08-13_21-22-29_incident_stopped_zone_nb-shoulder.jpg,nb,68962.48333,-30.26227087,nb,shoulder,-1
S1C21,32.86987654,-83.75830175,s,8/13/2018,0,Monday,22:04:18,incident_stopped,2018-08-13_22-04-18_incident_stopped_zone_nb-shoulder.jpg,nb,69004.3,-34.62822647,nb,shoulder,-1
N1C07,32.80647151,-83.72379194,n,8/14/2018,1,Tuesday,1:35:20,incident_stopped,2018-08-14_01-35-20_incident_stopped_zone_ramp-shoulder.jpg,nb,69215.33333,-58.69634095,ramp,shoulder,-1
N2C41,32.7558,-83.709193,n,8/14/2018,1,Tuesday,1:59:27,incident_stopped,2018-08-14_01-59-27_incident_stopped_zone_near-shoulder.jpg,nb,69239.45,-76.37247586,near,shoulder,-1
N2C01,32.76613511,-83.71030216,n,8/14/2018,1,Tuesday,2:37:05,incident_stopped,2018-08-14_02-37-05_incident_stopped_zone_nb-shoulder.jpg,nb,69277.08333,-72.97440738,nb,shoulder,-1
N2C03,32.78071485,-83.71530658,n,8/14/2018,1,Tuesday,3:24:49,incident_stopped,2018-08-14_03-24-49_incident_stopped_zone_nb-shoulder.jpg,nb,69324.81667,-67.78810628,nb,shoulder,-1
S2C17,32.84950348,-83.74113514,s,8/14/2018,1,Tuesday,3:37:19,incident_stopped,2018-08-14_03-37-19_incident_stopped_zone_nb-shoulder.jpg,nb,69337.31667,-43.18705025,nb,shoulder,-1
BIBB-CAM-027,32.85953942,-83.7465392,n,8/14/2018,1,Tuesday,7:11:22,incident_stopped,2018-08-14_07-11-22_incident_stopped_zone_nb-shoulder.jpg,nb,69551.36667,-39.39570165,nb,shoulder,-1
S2C24,32.87958032,-83.76886573,s,8/14/2018,1,Tuesday,7:18:27,incident_stopped,2018-08-14_07-18-27_incident_stopped_zone_nb-lanes.jpg,nb,69558.45,-30.26227087,nb,lanes,-1
N2C03,32.78071485,-83.71530658,n,8/14/2018,1,Tuesday,7:19:21,incident_stopped,2018-08-14_07-19-21_incident_stopped_zone_nb-shoulder.jpg,nb,69559.35,-67.78810628,nb,shoulder,-1
BIBB-CAM-032,32.88240434,-83.7719413,s,8/14/2018,1,Tuesday,8:19:07,incident_stopped,2018-08-14_08-19-07_incident_stopped_zone_nb-shoulder.jpg,nb,69619.11667,-29.00171497,nb,shoulder,-1
N2C01,32.76613511,-83.71030216,n,8/14/2018,1,Tuesday,8:28:56,incident_stopped,2018-08-14_08-28-56_incident_stopped_zone_nb-shoulder.jpg,nb,69628.93333,-72.97440738,nb,shoulder,-1
N1C11,32.82699902,-83.73109564,n,8/14/2018,1,Tuesday,8:51:59,incident_stopped,2018-08-14_08-51-59_incident_stopped_zone_nb-shoulder.jpg,nb,69651.98333,-51.41367576,nb,shoulder,-1
BIBB-CAM-028,32.86504559,-83.75232959,n,8/14/2018,1,Tuesday,9:18:40,incident_stopped,2018-08-14_09-18-40_incident_stopped_zone_nb-shoulder.jpg,nb,69678.66667,-36.91653912,nb,shoulder,-1
BIBB-CAM-027,32.85953942,-83.7465392,n,8/14/2018,1,Tuesday,9:22:51,incident_stopped,2018-08-14_09-22-51_incident_stopped_zone_nb-shoulder.jpg,nb,69682.85,-39.39570165,nb,shoulder,-1
N1C20,32.86504559,-83.75232959,n,8/14/2018,1,Tuesday,9:53:24,incident_stopped,2018-08-14_09-53-24_incident_stopped_zone_nb-shoulder.jpg,nb,69713.4,-36.91653912,nb,shoulder,-1
N1C40,32.751099,-83.713281,n,8/14/2018,1,Tuesday,10:13:17,incident_stopped,2018-08-14_10-13-17_incident_stopped_zone_nb-shoulder.jpg,nb,69733.28333,-77.41345723,nb,shoulder,-1
N2C40,32.751099,-83.713281,n,8/14/2018,1,Tuesday,10:13:19,incident_stopped,2018-08-14_10-13-19_incident_stopped_zone_near-shoulder.jpg,nb,69733.31667,-77.41345723,near,shoulder,-1
N2C14,32.83648848,-83.73452853,n,8/14/2018,1,Tuesday,10:37:13,incident_stopped,2018-08-14_10-37-13_incident_stopped_zone_nb-shoulder.jpg,nb,69757.21667,-48.05166032,nb,shoulder,-1
BIBB-CAM-023,32.82699902,-83.73109564,n,8/14/2018,1,Tuesday,10:47:03,incident_stopped,2018-08-14_10-47-03_incident_stopped_zone_nb-shoulder.jpg,nb,69767.05,-51.41367576,nb,shoulder,-1
N3C38,32.94876151,-83.81228301,n,8/14/2018,1,Tuesday,10:52:10,incident_stopped,2018-08-14_10-52-10_incident_stopped_zone_nb-shoulder.jpg,nb,69772.16667,-3.479229064,nb,shoulder,-1
N2C03,32.78071485,-83.71530658,n,8/14/2018,1,Tuesday,11:00:23,incident_stopped,2018-08-14_11-00-23_incident_stopped_zone_nb-shoulder.jpg,nb,69780.38333,-67.78810628,nb,shoulder,-1
N1C26,32.88798194,-83.77607704,n,8/14/2018,1,Tuesday,11:25:57,incident_stopped,2018-08-14_11-25-57_incident_stopped_zone_nb-shoulder.jpg,nb,69805.95,-26.75233619,nb,shoulder,-1
S1C21,32.86987654,-83.75830175,s,8/14/2018,1,Tuesday,11:37:51,incident_stopped,2018-08-14_11-37-51_incident_stopped_zone_nb-shoulder.jpg,nb,69817.85,-34.62822647,nb,shoulder,-1
N1C03,32.78071485,-83.71530658,n,8/14/2018,1,Tuesday,11:56:24,incident_stopped,2018-08-14_11-56-24_incident_stopped_zone_nb-shoulder.jpg,nb,69836.4,-67.78810628,nb,shoulder,-1
N1C07,32.80647151,-83.72379194,n,8/14/2018,1,Tuesday,12:10:13,incident_stopped,2018-08-14_12-10-13_incident_stopped_zone_ramp-shoulder.jpg,nb,69850.21667,-58.69634095,ramp,shoulder,-1
N2C03,32.78071485,-83.71530658,n,8/14/2018,1,Tuesday,12:45:25,incident_stopped,2018-08-14_12-45-25_incident_stopped_zone_nb-shoulder.jpg,nb,69885.41667,-67.78810628,nb,shoulder,-1
BIBB-CAM-030,32.86987654,-83.75830175,s,8/14/2018,1,Tuesday,13:13:18,incident_stopped,2018-08-14_13-13-18_incident_stopped_zone_far-shoulder.jpg,nb,69913.3,-34.62822647,far,shoulder,-1
BIBB-CAM-023,32.82699902,-83.73109564,n,8/14/2018,1,Tuesday,13:15:05,incident_stopped,2018-08-14_13-15-05_incident_stopped_zone_nb-shoulder.jpg,nb,69915.08333,-51.41367576,nb,shoulder,-1
N2C42,32.759892,-83.709757,n,8/14/2018,1,Tuesday,13:16:16,incident_stopped,2018-08-14_13-16-16_incident_stopped_zone_nb-shoulder.jpg,nb,69916.26667,-75.01044884,nb,shoulder,-1
N1C11,32.82699902,-83.73109564,n,8/14/2018,1,Tuesday,13:31:58,incident_stopped,2018-08-14_13-31-58_incident_stopped_zone_nb-shoulder.jpg,nb,69931.96667,-51.41367576,nb,shoulder,-1
N2C11,32.82699902,-83.73109564,n,8/14/2018,1,Tuesday,13:32:02,incident_stopped,2018-08-14_13-32-02_incident_stopped_zone_near-shoulder.jpg,nb,69932.03333,-51.41367576,near,shoulder,-1
S1C15,32.84057153,-83.73697533,s,8/14/2018,1,Tuesday,14:02:15,incident_stopped,2018-08-14_14-02-15_incident_stopped_zone_nb-shoulder.jpg,nb,69962.25,-46.47309774,nb,shoulder,-1
BIBB-CAM-025,32.84057153,-83.73697533,s,8/14/2018,1,Tuesday,14:02:16,incident_stopped,2018-08-14_14-02-16_incident_stopped_zone_nb-shoulder.jpg,nb,69962.26667,-46.47309774,nb,shoulder,-1
BIBB-CAM-027,32.85953942,-83.7465392,n,8/14/2018,1,Tuesday,14:05:59,incident_stopped,2018-08-14_14-05-59_incident_stopped_zone_nb-shoulder.jpg,nb,69965.98333,-39.39570165,nb,shoulder,-1
S2C19,32.85919079,-83.74676747,s,8/14/2018,1,Tuesday,14:06:04,incident_stopped,2018-08-14_14-06-04_incident_stopped_zone_nb-shoulder.jpg,nb,69966.06667,-39.46810985,nb,shoulder,-1
S1C21,32.86987654,-83.75830175,s,8/14/2018,1,Tuesday,14:10:41,incident_stopped,2018-08-14_14-10-41_incident_stopped_zone_nb-shoulder.jpg,nb,69970.68333,-34.62822647,nb,shoulder,-1
BIBB-CAM-028,32.86504559,-83.75232959,n,8/14/2018,1,Tuesday,14:18:38,incident_stopped,2018-08-14_14-18-38_incident_stopped.jpg,nb,69978.63333,-36.91653912,,,-1
BIBB-CAM-026,32.84958885,-83.74065988,n,8/14/2018,1,Tuesday,14:29:21,incident_stopped,2018-08-14_14-29-21_incident_stopped_zone_nb-shoulder.jpg,nb,69989.35,-43.22840936,nb,shoulder,-1
N2C01,32.76613511,-83.71030216,n,8/14/2018,1,Tuesday,14:32:19,incident_stopped,2018-08-14_14-32-19_incident_stopped_zone_nb-shoulder.jpg,nb,69992.31667,-72.97440738,nb,shoulder,-1
S1C30,32.91200591,-83.79524157,s,8/14/2018,1,Tuesday,14:43:30,incident_stopped,2018-08-14_14-43-30_incident_stopped_zone_nb-shoulder.jpg,nb,70003.5,-17.00028257,nb,shoulder,-1
N2C03,32.78071485,-83.71530658,n,8/14/2018,1,Tuesday,15:01:24,incident_stopped,2018-08-14_15-01-24_incident_stopped_zone_nb-shoulder.jpg,nb,70021.4,-67.78810628,nb,shoulder,-1
S2C09,32.81017134,-83.72613824,s,8/14/2018,1,Tuesday,15:36:23,incident_stopped,2018-08-14_15-36-23_incident_stopped_zone_nb-shoulder.jpg,nb,70056.38333,-57.24864799,nb,shoulder,-1
N2C07,32.80647151,-83.72379194,n,8/14/2018,1,Tuesday,15:36:24,incident_stopped,2018-08-14_15-36-24_incident_stopped_zone_nb-shoulder.jpg,nb,70056.4,-58.69634095,nb,shoulder,-1
S1C28,32.90013203,-83.7863588,s,8/14/2018,1,Tuesday,16:40:26,incident_stopped,2018-08-14_16-40-26_incident_stopped_zone_nb-shoulder.jpg,nb,70120.43333,-21.73107036,nb,shoulder,-1
N1C08,32.81331958,-83.72706597,n,8/14/2018,1,Tuesday,18:08:39,incident_stopped,2018-08-14_18-08-39_incident_stopped_zone_ramp-shoulder.jpg,nb,70208.65,-56.15448649,ramp,shoulder,-1
N2C39,32.95177015,-83.81217745,n,8/14/2018,1,Tuesday,18:24:12,incident_stopped,2018-08-14_18-24-12_incident_stopped_zone_near-shoulder.jpg,nb,70224.2,-2.4510298,near,shoulder,-1
S1C30,32.91200591,-83.79524157,s,8/14/2018,1,Tuesday,20:21:27,incident_stopped,2018-08-14_20-21-27_incident_stopped_zone_nb-shoulder.jpg,nb,70341.45,-17.00028257,nb,shoulder,-1
N2C03,32.78071485,-83.71530658,n,8/14/2018,1,Tuesday,22:16:28,incident_stopped,2018-08-14_22-16-28_incident_stopped_zone_nb-shoulder.jpg,nb,70456.46667,-67.78810628,nb,shoulder,-1
N2C14,32.83648848,-83.73452853,n,8/14/2018,1,Tuesday,23:51:39,incident_stopped,2018-08-14_23-51-39_incident_stopped_zone_nb-shoulder.jpg,nb,70551.65,-48.05166032,nb,shoulder,-1
N1C21,32.86981764,-83.75767111,n,8/15/2018,2,Wednesday,2:20:09,incident_stopped,2018-08-15_02-20-09_incident_stopped_zone_nb-shoulder.jpg,nb,70700.15,-34.7310666,nb,shoulder,-1
N1C01,32.76613511,-83.71030216,n,8/15/2018,2,Wednesday,3:58:51,incident_stopped,2018-08-15_03-58-51_incident_stopped_zone_nb-shoulder.jpg,nb,70798.85,-72.97440738,nb,shoulder,-1
N1C11,32.82699902,-83.73109564,n,8/15/2018,2,Wednesday,4:10:04,incident_stopped,2018-08-15_04-10-04_incident_stopped_zone_nb-shoulder.jpg,nb,70810.06667,-51.41367576,nb,shoulder,-1
S1C26,32.88776313,-83.77647583,s,8/15/2018,2,Wednesday,4:20:36,incident_stopped,2018-08-15_04-20-36_incident_stopped_zone_nb-shoulder.jpg,nb,70820.6,-26.77497584,nb,shoulder,-1
BIBB-CAM-031,32.87958032,-83.76886573,s,8/15/2018,2,Wednesday,4:46:21,incident_stopped,2018-08-15_04-46-21_incident_stopped_zone_nb-lanes.jpg,nb,70846.35,-30.26227087,nb,lanes,-1
BIBB-CAM-028,32.86504559,-83.75232959,n,8/15/2018,2,Wednesday,6:35:05,incident_stopped,2018-08-15_06-35-05_incident_stopped.jpg,nb,70955.08333,-36.91653912,,,-1
N1C29,32.89985331,-83.78559794,n,8/15/2018,2,Wednesday,8:06:11,incident_stopped,2018-08-15_08-06-11_incident_stopped_zone_nb-lanes.jpg,nb,71046.18333,-21.901237,nb,lanes,-1
BIBB-CAM-028,32.86504559,-83.75232959,n,8/15/2018,2,Wednesday,8:22:38,incident_stopped,2018-08-15_08-22-38_incident_stopped_zone_nb-shoulder.jpg,nb,71062.63333,-36.91653912,nb,shoulder,-1
N1C01,32.76613511,-83.71030216,n,8/15/2018,2,Wednesday,8:43:31,incident_stopped,2018-08-15_08-43-31_incident_stopped_zone_nb-shoulder.jpg,nb,71083.51667,-72.97440738,nb,shoulder,-1
N2C03,32.78071485,-83.71530658,n,8/15/2018,2,Wednesday,8:55:29,incident_stopped,2018-08-15_08-55-29_incident_stopped_zone_nb-shoulder.jpg,nb,71095.48333,-67.78810628,nb,shoulder,-1
N1C21,32.86981764,-83.75767111,n,8/15/2018,2,Wednesday,9:27:25,incident_stopped,2018-08-15_09-27-25_incident_stopped_zone_nb-shoulder.jpg,nb,71127.41667,-34.7310666,nb,shoulder,-1
S1C21,32.86987654,-83.75830175,s,8/15/2018,2,Wednesday,9:37:49,incident_stopped,2018-08-15_09-37-49_incident_stopped_zone_nb-shoulder.jpg,nb,71137.81667,-34.62822647,nb,shoulder,-1
S1C20,32.86504559,-83.75232959,s,8/15/2018,2,Wednesday,10:26:34,incident_stopped,2018-08-15_10-26-34_incident_stopped_zone_far-lanes.jpg,nb,71186.56667,-36.91653912,far,lanes,-1
S1C09,32.81017134,-83.72613824,s,8/15/2018,2,Wednesday,10:31:56,incident_stopped,2018-08-15_10-31-56_incident_stopped_zone_nb-shoulder.jpg,nb,71191.93333,-57.24864799,nb,shoulder,-1
BIBB-CAM-028,32.86504559,-83.75232959,n,8/15/2018,2,Wednesday,10:45:51,incident_stopped,2018-08-15_10-45-51_incident_stopped.jpg,nb,71205.85,-36.91653912,,,-1
BIBB-CAM-030,32.86987654,-83.75830175,s,8/15/2018,2,Wednesday,11:59:53,incident_stopped,2018-08-15_11-59-53_incident_stopped_zone_far-lanes.jpg,nb,71279.88333,-34.62822647,far,lanes,-1
N1C06,32.79465366,-83.72010538,n,8/15/2018,2,Wednesday,12:46:55,incident_stopped,2018-08-15_12-46-55_incident_stopped_zone_nb-shoulder.jpg,nb,71326.91667,-62.83684554,nb,shoulder,-1
S1C21,32.86987654,-83.75830175,s,8/15/2018,2,Wednesday,13:00:04,incident_stopped,2018-08-15_13-00-04_incident_stopped_zone_nb-shoulder.jpg,nb,71340.06667,-34.62822647,nb,shoulder,-1
S1C30,32.91200591,-83.79524157,s,8/15/2018,2,Wednesday,13:03:11,incident_stopped,2018-08-15_13-03-11_incident_stopped_zone_nb-shoulder.jpg,nb,71343.18333,-17.00028257,nb,shoulder,-1
N2C01,32.76613511,-83.71030216,n,8/15/2018,2,Wednesday,13:03:57,incident_stopped,2018-08-15_13-03-57_incident_stopped_zone_nb-shoulder.jpg,nb,71343.95,-72.97440738,nb,shoulder,-1
BIBB-CAM-039,32.94243524,-83.81127376,s,8/15/2018,2,Wednesday,14:06:11,incident_stopped,2018-08-15_14-06-11_incident_stopped_zone_nb-shoulder.jpg,nb,71406.18333,-5.683345579,nb,shoulder,-1
S2C08,32.80622138,-83.72432815,s,8/15/2018,2,Wednesday,14:12:39,incident_stopped,2018-08-15_14-12-39_incident_stopped_zone_nb-shoulder.jpg,nb,71412.65,-58.705165,nb,shoulder,-1
N2C17,32.84958885,-83.74065988,n,8/15/2018,2,Wednesday,14:17:26,incident_stopped,2018-08-15_14-17-26_incident_stopped_zone_nb-shoulder.jpg,nb,71417.43333,-43.22840936,nb,shoulder,-1
BIBB-CAM-030,32.86987654,-83.75830175,s,8/15/2018,2,Wednesday,14:21:55,incident_stopped,2018-08-15_14-21-55_incident_stopped_zone_far-shoulder.jpg,nb,71421.91667,-34.62822647,far,shoulder,-1
N1C28,32.89668342,-83.78307091,n,8/15/2018,2,Wednesday,14:43:56,incident_stopped,2018-08-15_14-43-56_incident_stopped_zone_nb-shoulder.jpg,nb,71443.93333,-23.1910345,nb,shoulder,-1
S1C27,32.89654773,-83.78351592,s,8/15/2018,2,Wednesday,14:46:06,incident_stopped,2018-08-15_14-46-06_incident_stopped_zone_nb-shoulder.jpg,nb,71446.1,-23.1858178,nb,shoulder,-1
BIBB-CAM-036,32.91536047,-83.79703412,s,8/15/2018,2,Wednesday,14:49:23,incident_stopped,2018-08-15_14-49-23_incident_stopped_zone_far-shoulder.jpg,nb,71449.38333,-15.73785658,far,shoulder,-1
N1C21,32.86981764,-83.75767111,n,8/15/2018,2,Wednesday,14:53:29,incident_stopped,2018-08-15_14-53-29_incident_stopped_zone_nb-shoulder.jpg,nb,71453.48333,-34.7310666,nb,shoulder,-1
BIBB-CAM-031,32.87958032,-83.76886573,s,8/15/2018,2,Wednesday,15:10:16,incident_stopped,2018-08-15_15-10-16_incident_stopped_zone_nb-shoulder.jpg,nb,71470.26667,-30.26227087,nb,shoulder,-1
BIBB-CAM-022,32.82254015,-83.73046915,s,8/15/2018,2,Wednesday,15:22:54,incident_stopped,2018-08-15_15-22-54_incident_stopped_zone_nb-shoulder.jpg,nb,71482.9,-52.86537408,nb,shoulder,-1
BIBB-CAM-014,32.7850913,-83.71806273,n,8/15/2018,2,Wednesday,15:28:22,incident_stopped,2018-08-15_15-28-22_incident_stopped_zone_nb-shoulder.jpg,nb,71488.36667,-66.07987571,nb,shoulder,-1
N2C03,32.78071485,-83.71530658,n,8/15/2018,2,Wednesday,15:43:18,incident_stopped,2018-08-15_15-43-18_incident_stopped_zone_nb-shoulder.jpg,nb,71503.3,-67.78810628,nb,shoulder,-1
N1C20,32.86504559,-83.75232959,n,8/15/2018,2,Wednesday,16:28:23,incident_stopped,2018-08-15_16-28-23_incident_stopped_zone_nb-shoulder.jpg,nb,71548.38333,-36.91653912,nb,shoulder,-1
N2C11,32.82699902,-83.73109564,n,8/15/2018,2,Wednesday,16:34:24,incident_stopped,2018-08-15_16-34-24_incident_stopped_zone_near-shoulder.jpg,nb,71554.4,-51.41367576,near,shoulder,-1
S2C12,32.82694969,-83.73158785,s,8/15/2018,2,Wednesday,16:34:26,incident_stopped,2018-08-15_16-34-26_incident_stopped_zone_nb-shoulder.jpg,nb,71554.43333,-51.36261191,nb,shoulder,-1
BIBB-CAM-030,32.86987654,-83.75830175,s,8/15/2018,2,Wednesday,17:00:11,incident_stopped,2018-08-15_17-00-11_incident_stopped_zone_far-shoulder.jpg,nb,71580.18333,-34.62822647,far,shoulder,-1
BIBB-CAM-032,32.88240434,-83.7719413,s,8/15/2018,2,Wednesday,17:16:59,incident_stopped,2018-08-15_17-16-59_incident_stopped_zone_nb-shoulder.jpg,nb,71596.98333,-29.00171497,nb,shoulder,-1
N2C01,32.76613511,-83.71030216,n,8/15/2018,2,Wednesday,17:44:58,incident_stopped,2018-08-15_17-44-58_incident_stopped_zone_nb-shoulder.jpg,nb,71624.96667,-72.97440738,nb,shoulder,-1
BIBB-CAM-035,32.90737428,-83.79168212,s,8/15/2018,2,Wednesday,19:00:54,incident_stopped,2018-08-15_19-00-54_incident_stopped_zone_nb-shoulder.jpg,nb,71700.9,-18.84792303,nb,shoulder,-1
S1C30,32.91200591,-83.79524157,s,8/15/2018,2,Wednesday,19:00:57,incident_stopped,2018-08-15_19-00-57_incident_stopped_zone_nb-shoulder.jpg,nb,71700.95,-17.00028257,nb,shoulder,-1
BIBB-CAM-030,32.86987654,-83.75830175,s,8/15/2018,2,Wednesday,19:08:20,incident_stopped,2018-08-15_19-08-20_incident_stopped_zone_far-shoulder.jpg,nb,71708.33333,-34.62822647,far,shoulder,-1
N1C10,32.82260317,-83.73001566,n,8/15/2018,2,Wednesday,22:02:06,incident_stopped,2018-08-15_22-02-06_incident_stopped_zone_nb-shoulder.jpg,nb,71882.1,-52.90603101,nb,shoulder,-1
N1C25,32.88361771,-83.77234944,n,8/15/2018,2,Wednesday,23:12:04,incident_stopped,2018-08-15_23-12-04_incident_stopped_zone_ramp-shoulder.jpg,nb,71952.06667,-28.57124979,ramp,shoulder,-1
S1C21,32.86987654,-83.75830175,s,8/15/2018,2,Wednesday,23:58:27,incident_stopped,2018-08-15_23-58-27_incident_stopped_zone_nb-shoulder.jpg,nb,71998.45,-34.62822647,nb,shoulder,-1
N2C26,32.88798194,-83.77607704,n,8/16/2018,3,Thursday,0:06:06,incident_stopped,2018-08-16_00-06-06_incident_stopped_zone_nb-shoulder.jpg,nb,72006.1,-26.75233619,nb,shoulder,-1
S1C26,32.88776313,-83.77647583,s,8/16/2018,3,Thursday,0:06:10,incident_stopped,2018-08-16_00-06-10_incident_stopped_zone_nb-shoulder.jpg,nb,72006.16667,-26.77497584,nb,shoulder,-1
S2C17,32.84950348,-83.74113514,s,8/16/2018,3,Thursday,0:39:00,incident_stopped,2018-08-16_00-39-00_incident_stopped_zone_nb-shoulder.jpg,nb,72039,-43.18705025,nb,shoulder,-1
N3C41,32.7558,-83.709193,n,8/16/2018,3,Thursday,0:49:24,incident_stopped,2018-08-16_00-49-24_incident_stopped_zone_nb-shoulder.jpg,nb,72049.4,-76.37247586,nb,shoulder,-1
S1C30,32.91200591,-83.79524157,s,8/16/2018,3,Thursday,2:10:32,incident_stopped,2018-08-16_02-10-32_incident_stopped_zone_nb-shoulder.jpg,nb,72130.53333,-17.00028257,nb,shoulder,-1
N1C07,32.80647151,-83.72379194,n,8/16/2018,3,Thursday,3:23:38,incident_stopped,2018-08-16_03-23-38_incident_stopped_zone_ramp-shoulder.jpg,nb,72203.63333,-58.69634095,ramp,shoulder,-1
N3C02,32.76990531,-83.71029631,n,8/16/2018,3,Thursday,8:29:24,incident_stopped,2018-08-16_08-29-24_incident_stopped_zone_nb-shoulder.jpg,nb,72509.4,-71.78891913,nb,shoulder,-1
S1C21,32.86987654,-83.75830175,s,8/16/2018,3,Thursday,8:54:43,incident_stopped,2018-08-16_08-54-43_incident_stopped_zone_nb-shoulder.jpg,nb,72534.71667,-34.62822647,nb,shoulder,-1
BIBB-CAM-027,32.85953942,-83.7465392,n,8/16/2018,3,Thursday,9:02:42,incident_stopped,2018-08-16_09-02-42_incident_stopped_zone_nb-shoulder.jpg,nb,72542.7,-39.39570165,nb,shoulder,-1
S1C16,32.84561646,-83.73933607,s,8/16/2018,3,Thursday,9:57:53,incident_stopped,2018-08-16_09-57-53_incident_stopped_zone_nb-shoulder.jpg,nb,72597.88333,-44.61500342,nb,shoulder,-1
S2C17,32.84950348,-83.74113514,s,8/16/2018,3,Thursday,10:02:01,incident_stopped,2018-08-16_10-02-01_incident_stopped_zone_nb-shoulder.jpg,nb,72602.01667,-43.18705025,nb,shoulder,-1
BIBB-CAM-034,32.90013203,-83.7863588,s,8/16/2018,3,Thursday,10:04:06,incident_stopped,2018-08-16_10-04-06_incident_stopped_zone_nb-lanes.jpg,nb,72604.1,-21.73107036,nb,lanes,-1
N2C17,32.84958885,-83.74065988,n,8/16/2018,3,Thursday,10:07:41,incident_stopped,2018-08-16_10-07-41_incident_stopped_zone_nb-shoulder.jpg,nb,72607.68333,-43.22840936,nb,shoulder,-1
N2C33,32.92077604,-83.79943309,n,8/16/2018,3,Thursday,11:06:01,incident_stopped,2018-08-16_11-06-01_incident_stopped_zone_nb-shoulder.jpg,nb,72666.01667,-13.74452878,nb,shoulder,-1
N1C40,32.751099,-83.713281,n,8/16/2018,3,Thursday,11:23:14,incident_stopped,2018-08-16_11-23-14_incident_stopped_zone_nb-lanes.jpg,nb,72683.23333,-77.41345723,nb,lanes,-1
N2C40,32.751099,-83.713281,n,8/16/2018,3,Thursday,11:23:14,incident_stopped,2018-08-16_11-23-14_incident_stopped_zone_near-shoulder.jpg,nb,72683.23333,-77.41345723,near,shoulder,-1
N2C40,32.751099,-83.713281,n,8/16/2018,3,Thursday,12:55:59,incident_stopped,2018-08-16_12-55-59_incident_stopped_zone_near-shoulder.jpg,nb,72775.98333,-77.41345723,near,shoulder,-1
N1C40,32.751099,-83.713281,n,8/16/2018,3,Thursday,12:56:02,incident_stopped,2018-08-16_12-56-02_incident_stopped_zone_nb-shoulder.jpg,nb,72776.03333,-77.41345723,nb,shoulder,-1
S1C21,32.86987654,-83.75830175,s,8/16/2018,3,Thursday,12:59:19,incident_stopped,2018-08-16_12-59-19_incident_stopped_zone_nb-shoulder.jpg,nb,72779.31667,-34.62822647,nb,shoulder,-1
N2C03,32.78071485,-83.71530658,n,8/16/2018,3,Thursday,13:58:58,incident_stopped,2018-08-16_13-58-58_incident_stopped_zone_nb-shoulder.jpg,nb,72838.96667,-67.78810628,nb,shoulder,-1
BIBB-CAM-014,32.7850913,-83.71806273,n,8/16/2018,3,Thursday,14:02:46,incident_stopped,2018-08-16_14-02-46_incident_stopped.jpg,nb,72842.76667,-66.07987571,,,-1
BIBB-CAM-028,32.86504559,-83.75232959,n,8/16/2018,3,Thursday,14:26:46,incident_stopped,2018-08-16_14-26-46_incident_stopped_zone_nb-shoulder.jpg,nb,72866.76667,-36.91653912,nb,shoulder,-1
N1C16,32.84577945,-83.73888874,n,8/16/2018,3,Thursday,15:08:28,incident_stopped,2018-08-16_15-08-28_incident_stopped_zone_near-shoulder.jpg,nb,72908.46667,-44.6283787,near,shoulder,-1
S1C16,32.84561646,-83.73933607,s,8/16/2018,3,Thursday,15:17:20,incident_stopped,2018-08-16_15-17-20_incident_stopped_zone_nb-shoulder.jpg,nb,72917.33333,-44.61500342,nb,shoulder,-1
N2C01,32.76613511,-83.71030216,n,8/16/2018,3,Thursday,15:19:25,incident_stopped,2018-08-16_15-19-25_incident_stopped_zone_nb-shoulder.jpg,nb,72919.41667,-72.97440738,nb,shoulder,-1
N1C25,32.88361771,-83.77234944,n,8/16/2018,3,Thursday,15:34:28,incident_stopped,2018-08-16_15-34-28_incident_stopped_zone_ramp-shoulder.jpg,nb,72934.46667,-28.57124979,ramp,shoulder,-1
N2C03,32.78071485,-83.71530658,n,8/16/2018,3,Thursday,15:37:24,incident_stopped,2018-08-16_15-37-24_incident_stopped_zone_nb-shoulder.jpg,nb,72937.4,-67.78810628,nb,shoulder,-1
S1C20,32.86504559,-83.75232959,s,8/16/2018,3,Thursday,15:40:55,incident_stopped,2018-08-16_15-40-55_incident_stopped_zone_far-lanes.jpg,nb,72940.91667,-36.91653912,far,lanes,-1
BIBB-CAM-030,32.86987654,-83.75830175,s,8/16/2018,3,Thursday,16:02:11,incident_stopped,2018-08-16_16-02-11_incident_stopped_zone_far-shoulder.jpg,nb,72962.18333,-34.62822647,far,shoulder,-1
N2C39,32.95177015,-83.81217745,n,8/16/2018,3,Thursday,16:28:18,incident_stopped,2018-08-16_16-28-18_incident_stopped_zone_near-shoulder.jpg,nb,72988.3,-2.4510298,near,shoulder,-1
N1C20,32.86504559,-83.75232959,n,8/16/2018,3,Thursday,17:07:58,incident_stopped,2018-08-16_17-07-58_incident_stopped_zone_nb-shoulder.jpg,nb,73027.96667,-36.91653912,nb,shoulder,-1
N2C01,32.76613511,-83.71030216,n,8/16/2018,3,Thursday,17:15:10,incident_stopped,2018-08-16_17-15-10_incident_stopped_zone_nb-shoulder.jpg,nb,73035.16667,-72.97440738,nb,shoulder,-1
S1C34,32.93499248,-83.80738753,s,8/16/2018,3,Thursday,17:42:14,incident_stopped,2018-08-16_17-42-14_incident_stopped_zone_far-shoulder.jpg,nb,73062.23333,-8.404850441,far,shoulder,-1
BIBB-CAM-038,32.93499248,-83.80738753,s,8/16/2018,3,Thursday,17:42:16,incident_stopped,2018-08-16_17-42-16_incident_stopped_zone_far-shoulder.jpg,nb,73062.26667,-8.404850441,far,shoulder,-1
BIBB-CAM-014,32.7850913,-83.71806273,n,8/16/2018,3,Thursday,17:52:03,incident_stopped,2018-08-16_17-52-03_incident_stopped_zone_nb-shoulder.jpg,nb,73072.05,-66.07987571,nb,shoulder,-1
N1C21,32.86981764,-83.75767111,n,8/16/2018,3,Thursday,18:03:48,incident_stopped,2018-08-16_18-03-48_incident_stopped_zone_nb-shoulder.jpg,nb,73083.8,-34.7310666,nb,shoulder,-1
BIBB-CAM-028,32.86504559,-83.75232959,n,8/16/2018,3,Thursday,18:17:33,incident_stopped,2018-08-16_18-17-33_incident_stopped.jpg,nb,73097.55,-36.91653912,,,-1
N1C01,32.76613511,-83.71030216,n,8/16/2018,3,Thursday,20:42:35,incident_stopped,2018-08-16_20-42-35_incident_stopped_zone_nb-shoulder.jpg,nb,73242.58333,-72.97440738,nb,shoulder,-1
N1C09,32.81772219,-83.72879532,n,8/16/2018,3,Thursday,20:53:34,incident_stopped,2018-08-16_20-53-34_incident_stopped_zone_nb-shoulder.jpg,nb,73253.56667,-54.56967025,nb,shoulder,-1
S1C16,32.84561646,-83.73933607,s,8/17/2018,4,Friday,1:58:10,incident_stopped,2018-08-17_01-58-10_incident_stopped_zone_nb-shoulder.jpg,nb,73558.16667,-44.61500342,nb,shoulder,-1
N1C16,32.84577945,-83.73888874,n,8/17/2018,4,Friday,1:58:12,incident_stopped,2018-08-17_01-58-12_incident_stopped_zone_near-shoulder.jpg,nb,73558.2,-44.6283787,near,shoulder,-1
N1C07,32.80647151,-83.72379194,n,8/17/2018,4,Friday,2:13:46,incident_stopped,2018-08-17_02-13-46_incident_stopped_zone_ramp-shoulder.jpg,nb,73573.76667,-58.69634095,ramp,shoulder,-1
N1C16,32.84577945,-83.73888874,n,8/17/2018,4,Friday,3:41:29,incident_stopped,2018-08-17_03-41-29_incident_stopped_zone_near-shoulder.jpg,nb,73661.48333,-44.6283787,near,shoulder,-1
N1C01,32.76613511,-83.71030216,n,8/17/2018,4,Friday,5:18:00,incident_stopped,2018-08-17_05-18-00_incident_stopped_zone_nb-shoulder.jpg,nb,73758,-72.97440738,nb,shoulder,-1
N2C17,32.84958885,-83.74065988,n,8/17/2018,4,Friday,6:25:09,incident_stopped,2018-08-17_06-25-09_incident_stopped_zone_nb-shoulder.jpg,nb,73825.15,-43.22840936,nb,shoulder,-1
N1C21,32.86981764,-83.75767111,n,8/17/2018,4,Friday,6:54:05,incident_stopped,2018-08-17_06-54-05_incident_stopped_zone_nb-shoulder.jpg,nb,73854.08333,-34.7310666,nb,shoulder,-1
N2C01,32.76613511,-83.71030216,n,8/17/2018,4,Friday,7:04:40,incident_stopped,2018-08-17_07-04-40_incident_stopped_zone_nb-shoulder.jpg,nb,73864.66667,-72.97440738,nb,shoulder,-1
N1C07,32.80647151,-83.72379194,n,8/17/2018,4,Friday,7:41:04,incident_stopped,2018-08-17_07-41-04_incident_stopped_zone_ramp-shoulder.jpg,nb,73901.06667,-58.69634095,ramp,shoulder,-1
S1C21,32.86987654,-83.75830175,s,8/17/2018,4,Friday,7:44:01,incident_stopped,2018-08-17_07-44-01_incident_stopped_zone_nb-shoulder.jpg,nb,73904.01667,-34.62822647,nb,shoulder,-1
N1C20,32.86504559,-83.75232959,n,8/17/2018,4,Friday,7:49:28,incident_stopped,2018-08-17_07-49-28_incident_stopped_zone_nb-shoulder.jpg,nb,73909.46667,-36.91653912,nb,shoulder,-1
BIBB-CAM-030,32.86987654,-83.75830175,s,8/17/2018,4,Friday,7:53:33,incident_stopped,2018-08-17_07-53-33_incident_stopped_zone_far-shoulder.jpg,nb,73913.55,-34.62822647,far,shoulder,-1
N1C41,32.7558,-83.709193,n,8/17/2018,4,Friday,7:55:55,incident_stopped,2018-08-17_07-55-55_incident_stopped_zone_nb-shoulder.jpg,nb,73915.91667,-76.37247586,nb,shoulder,-1
N2C01,32.76613511,-83.71030216,n,8/17/2018,4,Friday,8:41:19,incident_stopped,2018-08-17_08-41-19_incident_stopped_zone_nb-shoulder.jpg,nb,73961.31667,-72.97440738,nb,shoulder,-1
N3C38,32.94876151,-83.81228301,n,8/17/2018,4,Friday,8:51:40,incident_stopped,2018-08-17_08-51-40_incident_stopped_zone_nb-shoulder.jpg,nb,73971.66667,-3.479229064,nb,shoulder,-1
N2C03,32.78071485,-83.71530658,n,8/17/2018,4,Friday,9:15:54,incident_stopped,2018-08-17_09-15-54_incident_stopped_zone_nb-shoulder.jpg,nb,73995.9,-67.78810628,nb,shoulder,-1
BIBB-CAM-028,32.86504559,-83.75232959,n,8/17/2018,4,Friday,9:47:28,incident_stopped,2018-08-17_09-47-28_incident_stopped.jpg,nb,74027.46667,-36.91653912,,,-1
N2C09,32.81772219,-83.72879532,n,8/17/2018,4,Friday,9:48:41,incident_stopped,2018-08-17_09-48-41_incident_stopped_zone_nb-shoulder.jpg,nb,74028.68333,-54.56967025,nb,shoulder,-1
N3C02,32.76990531,-83.71029631,n,8/17/2018,4,Friday,9:55:15,incident_stopped,2018-08-17_09-55-15_incident_stopped_zone_nb-shoulder.jpg,nb,74035.25,-71.78891913,nb,shoulder,-1
N2C26,32.88798194,-83.77607704,n,8/17/2018,4,Friday,10:01:12,incident_stopped,2018-08-17_10-01-12_incident_stopped_zone_nb-shoulder.jpg,nb,74041.2,-26.75233619,nb,shoulder,-1
S1C21,32.86987654,-83.75830175,s,8/17/2018,4,Friday,10:18:35,incident_stopped,2018-08-17_10-18-35_incident_stopped_zone_nb-shoulder.jpg,nb,74058.58333,-34.62822647,nb,shoulder,-1
N1C01,32.76613511,-83.71030216,n,8/17/2018,4,Friday,10:28:59,incident_stopped,2018-08-17_10-28-59_incident_stopped_zone_nb-shoulder.jpg,nb,74068.98333,-72.97440738,nb,shoulder,-1
S1C09,32.81017134,-83.72613824,s,8/17/2018,4,Friday,11:07:11,incident_stopped,2018-08-17_11-07-11_incident_stopped_zone_nb-shoulder.jpg,nb,74107.18333,-57.24864799,nb,shoulder,-1
BIBB-CAM-012,32.77593588,-83.71230837,n,8/17/2018,4,Friday,11:25:52,incident_stopped,2018-08-17_11-25-52_incident_stopped_zone_nb-shoulder.jpg,nb,74125.86667,-69.65221113,nb,shoulder,-1
BIBB-CAM-013,32.77567367,-83.7128245,s,8/17/2018,4,Friday,11:25:54,incident_stopped,2018-08-17_11-25-54_incident_stopped_zone_nb-shoulder.jpg,nb,74125.9,-69.6715058,nb,shoulder,-1
N1C21,32.86981764,-83.75767111,n,8/17/2018,4,Friday,11:29:32,incident_stopped,2018-08-17_11-29-32_incident_stopped_zone_nb-shoulder.jpg,nb,74129.53333,-34.7310666,nb,shoulder,-1
S3C03,32.78046082,-83.71590778,s,8/17/2018,4,Friday,11:32:04,incident_stopped,2018-08-17_11-32-04_incident_stopped_zone_nb-shoulder.jpg,nb,74132.06667,-67.79477411,nb,shoulder,-1
BIBB-CAM-014,32.7850913,-83.71806273,n,8/17/2018,4,Friday,11:43:28,incident_stopped,2018-08-17_11-43-28_incident_stopped_zone_nb-shoulder.jpg,nb,74143.46667,-66.07987571,nb,shoulder,-1
S1C24,32.87958032,-83.76886573,s,8/17/2018,4,Friday,11:47:01,incident_stopped,2018-08-17_11-47-01_incident_stopped_zone_far-shoulder.jpg,nb,74147.01667,-30.26227087,far,shoulder,-1
N1C06,32.79465366,-83.72010538,n,8/17/2018,4,Friday,11:55:34,incident_stopped,2018-08-17_11-55-34_incident_stopped_zone_nb-shoulder.jpg,nb,74155.56667,-62.83684554,nb,shoulder,-1
BIBB-CAM-009,32.76613511,-83.71030216,n,8/17/2018,4,Friday,12:14:20,incident_stopped,2018-08-17_12-14-20_incident_stopped.jpg,nb,74174.33333,-72.97440738,,,-1
N2C06,32.79465366,-83.72010538,n,8/17/2018,4,Friday,12:16:03,incident_stopped,2018-08-17_12-16-03_incident_stopped_zone_nb-shoulder.jpg,nb,74176.05,-62.83684554,nb,shoulder,-1
N3C07,32.80647151,-83.72379194,n,8/17/2018,4,Friday,12:36:04,incident_stopped,2018-08-17_12-36-04_incident_stopped_zone_near-shoulder.jpg,nb,74196.06667,-58.69634095,near,shoulder,-1
S2C08,32.80622138,-83.72432815,s,8/17/2018,4,Friday,12:36:10,incident_stopped,2018-08-17_12-36-10_incident_stopped_zone_nb-shoulder.jpg,nb,74196.16667,-58.705165,nb,shoulder,-1
S1C21,32.86987654,-83.75830175,s,8/17/2018,4,Friday,12:48:54,incident_stopped,2018-08-17_12-48-54_incident_stopped_zone_nb-shoulder.jpg,nb,74208.9,-34.62822647,nb,shoulder,-1
BIBB-CAM-028,32.86504559,-83.75232959,n,8/17/2018,4,Friday,12:53:00,incident_stopped,2018-08-17_12-53-00_incident_stopped_zone_nb-shoulder.jpg,nb,74213,-36.91653912,nb,shoulder,-1
S1C20,32.86504559,-83.75232959,s,8/17/2018,4,Friday,13:20:11,incident_stopped,2018-08-17_13-20-11_incident_stopped_zone_far-lanes.jpg,nb,74240.18333,-36.91653912,far,lanes,-1
BIBB-CAM-018,32.79962746,-83.72080704,n,8/17/2018,4,Friday,13:25:48,incident_stopped,2018-08-17_13-25-48_incident_stopped_zone_nb-lanes.jpg,nb,74245.8,-61.20075294,nb,lanes,-1
N1C08,32.81331958,-83.72706597,n,8/17/2018,4,Friday,13:39:08,incident_stopped,2018-08-17_13-39-08_incident_stopped_zone_ramp-lanes.jpg,nb,74259.13333,-56.15448649,ramp,lanes,-1
N1C10,32.82260317,-83.73001566,n,8/17/2018,4,Friday,13:43:48,incident_congestion,2018-08-17_13-43-48_incident_congestion_zone_nb-lanes.jpg,nb,74263.8,-52.90603101,nb,lanes,-1
N1C20,32.86504559,-83.75232959,n,8/17/2018,4,Friday,13:48:51,incident_congestion,2018-08-17_13-48-51_incident_congestion_zone_nb-lanes.jpg,nb,74268.85,-36.91653912,nb,lanes,-1
N1C03,32.78071485,-83.71530658,n,8/17/2018,4,Friday,13:52:04,incident_stopped,2018-08-17_13-52-04_incident_stopped_zone_nb-shoulder.jpg,nb,74272.06667,-67.78810628,nb,shoulder,-1
BIBB-CAM-014,32.7850913,-83.71806273,n,8/17/2018,4,Friday,13:52:08,incident_stopped,2018-08-17_13-52-08_incident_stopped_zone_nb-shoulder.jpg,nb,74272.13333,-66.07987571,nb,shoulder,-1
N2C03,32.78071485,-83.71530658,n,8/17/2018,4,Friday,14:11:55,incident_stopped,2018-08-17_14-11-55_incident_stopped_zone_nb-shoulder.jpg,nb,74291.91667,-67.78810628,nb,shoulder,-1
S1C21,32.86987654,-83.75830175,s,8/17/2018,4,Friday,14:23:08,incident_stopped,2018-08-17_14-23-08_incident_stopped_zone_nb-shoulder.jpg,nb,74303.13333,-34.62822647,nb,shoulder,-1
N1C41,32.7558,-83.709193,n,8/17/2018,4,Friday,14:56:09,incident_stopped,2018-08-17_14-56-09_incident_stopped_zone_nb-shoulder.jpg,nb,74336.15,-76.37247586,nb,shoulder,-1
N2C17,32.84958885,-83.74065988,n,8/17/2018,4,Friday,15:43:59,incident_stopped,2018-08-17_15-43-59_incident_stopped_zone_nb-shoulder.jpg,nb,74383.98333,-43.22840936,nb,shoulder,-1
S2C17,32.84950348,-83.74113514,s,8/17/2018,4,Friday,15:44:09,incident_stopped,2018-08-17_15-44-09_incident_stopped_zone_nb-shoulder.jpg,nb,74384.15,-43.18705025,nb,shoulder,-1
N2C42,32.759892,-83.709757,n,8/17/2018,4,Friday,15:47:04,incident_stopped,2018-08-17_15-47-04_incident_stopped_zone_nb-lanes.jpg,nb,74387.06667,-75.01044884,nb,lanes,-1
BIBB-CAM-030,32.86987654,-83.75830175,s,8/17/2018,4,Friday,16:14:04,incident_stopped,2018-08-17_16-14-04_incident_stopped_zone_far-shoulder.jpg,nb,74414.06667,-34.62822647,far,shoulder,-1
N1C07,32.80647151,-83.72379194,n,8/17/2018,4,Friday,16:33:42,incident_stopped,2018-08-17_16-33-42_incident_stopped_zone_ramp-shoulder.jpg,nb,74433.7,-58.69634095,ramp,shoulder,-1
N2C03,32.78071485,-83.71530658,n,8/17/2018,4,Friday,16:35:33,incident_stopped,2018-08-17_16-35-33_incident_stopped_zone_nb-shoulder.jpg,nb,74435.55,-67.78810628,nb,shoulder,-1
N2C01,32.76613511,-83.71030216,n,8/17/2018,4,Friday,16:35:50,incident_stopped,2018-08-17_16-35-50_incident_stopped_zone_nb-shoulder.jpg,nb,74435.83333,-72.97440738,nb,shoulder,-1
BIBB-CAM-032,32.88240434,-83.7719413,s,8/17/2018,4,Friday,17:25:53,incident_stopped,2018-08-17_17-25-53_incident_stopped_zone_nb-lanes.jpg,nb,74485.88333,-29.00171497,nb,lanes,-1
BIBB-CAM-013,32.77567367,-83.7128245,s,8/17/2018,4,Friday,18:02:35,incident_stopped,2018-08-17_18-02-35_incident_stopped_zone_nb-lanes.jpg,nb,74522.58333,-69.6715058,nb,lanes,-1
BIBB-CAM-033,32.89075559,-83.77887713,s,8/17/2018,4,Friday,18:05:15,incident_stopped,2018-08-17_18-05-15_incident_stopped_zone_nb-shoulder.jpg,nb,74525.25,-25.54978527,nb,shoulder,-1
N1C07,32.80647151,-83.72379194,n,8/17/2018,4,Friday,18:15:33,incident_stopped,2018-08-17_18-15-33_incident_stopped_zone_ramp-shoulder.jpg,nb,74535.55,-58.69634095,ramp,shoulder,-1
N3C41,32.7558,-83.709193,n,8/17/2018,4,Friday,18:26:34,incident_stopped,2018-08-17_18-26-34_incident_stopped_zone_nb-shoulder.jpg,nb,74546.56667,-76.37247586,nb,shoulder,-1
BIBB-CAM-009,32.76613511,-83.71030216,n,8/17/2018,4,Friday,18:53:57,incident_stopped,2018-08-17_18-53-57_incident_stopped.jpg,nb,74573.95,-72.97440738,,,-1
N1C01,32.76613511,-83.71030216,n,8/17/2018,4,Friday,19:32:50,incident_stopped,2018-08-17_19-32-50_incident_stopped_zone_nb-shoulder.jpg,nb,74612.83333,-72.97440738,nb,shoulder,-1
N2C01,32.76613511,-83.71030216,n,8/17/2018,4,Friday,19:32:50,incident_stopped,2018-08-17_19-32-50_incident_stopped_zone_nb-shoulder.jpg,nb,74612.83333,-72.97440738,nb,shoulder,-1
N2C03,32.78071485,-83.71530658,n,8/17/2018,4,Friday,19:57:59,incident_stopped,2018-08-17_19-57-59_incident_stopped_zone_nb-shoulder.jpg,nb,74637.98333,-67.78810628,nb,shoulder,-1
BIBB-CAM-018,32.79962746,-83.72080704,n,8/17/2018,4,Friday,20:04:29,incident_stopped,2018-08-17_20-04-29_incident_stopped_zone_nb-shoulder.jpg,nb,74644.48333,-61.20075294,nb,shoulder,-1
N1C11,32.82699902,-83.73109564,n,8/18/2018,5,Saturday,3:06:03,incident_stopped,2018-08-18_03-06-03_incident_stopped_zone_nb-shoulder.jpg,nb,75066.05,-51.41367576,nb,shoulder,-1
S2C38,32.95157525,-83.81265346,s,8/18/2018,5,Saturday,3:54:18,incident_stopped,2018-08-18_03-54-18_incident_stopped_zone_north-shoulder.jpg,nb,75114.3,-2.501382112,north,shoulder,-1
N1C21,32.86981764,-83.75767111,n,8/18/2018,5,Saturday,4:34:24,incident_stopped,2018-08-18_04-34-24_incident_stopped_zone_nb-shoulder.jpg,nb,75154.4,-34.7310666,nb,shoulder,-1
N1C23,32.87756847,-83.76599732,n,8/18/2018,5,Saturday,8:10:05,incident_stopped,2018-08-18_08-10-05_incident_stopped_zone_nb-shoulder.jpg,nb,75370.08333,-31.24939169,nb,shoulder,-1
N1C42,32.759892,-83.709757,n,8/18/2018,5,Saturday,8:57:43,incident_stopped,2018-08-18_08-57-43_incident_stopped_zone_nb-shoulder.jpg,nb,75417.71667,-75.01044884,nb,shoulder,-1
N1C14,32.83648848,-83.73452853,n,8/18/2018,5,Saturday,9:05:20,incident_stopped,2018-08-18_09-05-20_incident_stopped_zone_ramp-shoulder.jpg,nb,75425.33333,-48.05166032,ramp,shoulder,-1
S2C14,32.83620205,-83.73500536,s,8/18/2018,5,Saturday,9:05:25,incident_stopped,2018-08-18_09-05-25_incident_stopped_zone_far-shoulder.jpg,nb,75425.41667,-48.07309629,far,shoulder,-1
N1C21,32.86981764,-83.75767111,n,8/18/2018,5,Saturday,9:27:57,incident_stopped,2018-08-18_09-27-57_incident_stopped_zone_nb-shoulder.jpg,nb,75447.95,-34.7310666,nb,shoulder,-1
S1C21,32.86987654,-83.75830175,s,8/18/2018,5,Saturday,9:38:32,incident_stopped,2018-08-18_09-38-32_incident_stopped_zone_nb-shoulder.jpg,nb,75458.53333,-34.62822647,nb,shoulder,-1
N2C03,32.78071485,-83.71530658,n,8/18/2018,5,Saturday,9:48:39,incident_stopped,2018-08-18_09-48-39_incident_stopped_zone_nb-shoulder.jpg,nb,75468.65,-67.78810628,nb,shoulder,-1
N1C20,32.86504559,-83.75232959,n,8/18/2018,5,Saturday,9:57:01,incident_stopped,2018-08-18_09-57-01_incident_stopped_zone_nb-shoulder.jpg,nb,75477.01667,-36.91653912,nb,shoulder,-1
S2C33,32.92513731,-83.80220611,s,8/18/2018,5,Saturday,10:15:32,incident_stopped,2018-08-18_10-15-32_incident_stopped_zone_nb-shoulder.jpg,nb,75495.53333,-12.07189332,nb,shoulder,-1
BIBB-CAM-022,32.82254015,-83.73046915,s,8/18/2018,5,Saturday,10:24:30,incident_stopped,2018-08-18_10-24-30_incident_stopped_zone_nb-shoulder.jpg,nb,75504.5,-52.86537408,nb,shoulder,-1
S2C11,32.82254015,-83.73046915,s,8/18/2018,5,Saturday,10:29:27,incident_stopped,2018-08-18_10-29-27_incident_stopped_zone_far-shoulder.jpg,nb,75509.45,-52.86537408,far,shoulder,-1
N2C11,32.82699902,-83.73109564,n,8/18/2018,5,Saturday,10:29:27,incident_stopped,2018-08-18_10-29-27_incident_stopped_zone_near-shoulder.jpg,nb,75509.45,-51.41367576,near,shoulder,-1
S2C12,32.82694969,-83.73158785,s,8/18/2018,5,Saturday,10:29:29,incident_stopped,2018-08-18_10-29-29_incident_stopped_zone_nb-shoulder.jpg,nb,75509.48333,-51.36261191,nb,shoulder,-1
S2C04,32.78488999,-83.71869237,s,8/18/2018,5,Saturday,10:33:25,incident_stopped,2018-08-18_10-33-25_incident_stopped_zone_nb-lanes.jpg,nb,75513.41667,-66.06682308,nb,lanes,-1
S1C12,32.82694969,-83.73158785,s,8/18/2018,5,Saturday,10:37:44,incident_stopped,2018-08-18_10-37-44_incident_stopped_zone_nb-shoulder.jpg,nb,75517.73333,-51.36261191,nb,shoulder,-1
BIBB-CAM-014,32.7850913,-83.71806273,n,8/18/2018,5,Saturday,10:52:47,incident_stopped,2018-08-18_10-52-47_incident_stopped_zone_nb-shoulder.jpg,nb,75532.78333,-66.07987571,nb,shoulder,-1
N2C25,32.88361771,-83.77234944,n,8/18/2018,5,Saturday,10:59:00,incident_stopped,2018-08-18_10-59-00_incident_stopped_zone_nb-shoulder.jpg,nb,75539,-28.57124979,nb,shoulder,-1
N1C25,32.88361771,-83.77234944,n,8/18/2018,5,Saturday,10:59:03,incident_stopped,2018-08-18_10-59-03_incident_stopped_zone_ramp-shoulder.jpg,nb,75539.05,-28.57124979,ramp,shoulder,-1
S1C21,32.86987654,-83.75830175,s,8/18/2018,5,Saturday,11:11:33,incident_stopped,2018-08-18_11-11-33_incident_stopped_zone_nb-shoulder.jpg,nb,75551.55,-34.62822647,nb,shoulder,-1
N1C21,32.86981764,-83.75767111,n,8/18/2018,5,Saturday,11:11:34,incident_stopped,2018-08-18_11-11-34_incident_stopped_zone_nb-shoulder.jpg,nb,75551.56667,-34.7310666,nb,shoulder,-1
N1C42,32.759892,-83.709757,n,8/18/2018,5,Saturday,11:18:21,incident_stopped,2018-08-18_11-18-21_incident_stopped_zone_nb-shoulder.jpg,nb,75558.35,-75.01044884,nb,shoulder,-1
S2C08,32.80622138,-83.72432815,s,8/18/2018,5,Saturday,11:39:32,incident_stopped,2018-08-18_11-39-32_incident_stopped_zone_nb-shoulder.jpg,nb,75579.53333,-58.705165,nb,shoulder,-1
N2C08,32.81331958,-83.72706597,n,8/18/2018,5,Saturday,12:20:17,incident_stopped,2018-08-18_12-20-17_incident_stopped_zone_nb-shoulder.jpg,nb,75620.28333,-56.15448649,nb,shoulder,-1
N1C18,32.85482929,-83.74306675,n,8/18/2018,5,Saturday,12:34:10,incident_stopped,2018-08-18_12-34-10_incident_stopped_zone_nb-shoulder.jpg,nb,75634.16667,-41.30822943,nb,shoulder,-1
S1C30,32.91200591,-83.79524157,s,8/18/2018,5,Saturday,12:42:24,incident_stopped,2018-08-18_12-42-24_incident_stopped_zone_nb-shoulder.jpg,nb,75642.4,-17.00028257,nb,shoulder,-1
N1C09,32.81772219,-83.72879532,n,8/18/2018,5,Saturday,12:50:33,incident_slow,2018-08-18_12-50-33_incident_slow_zone_nb-lanes.jpg,nb,75650.55,-54.56967025,nb,lanes,-1
S1C21,32.86987654,-83.75830175,s,8/18/2018,5,Saturday,12:54:21,incident_stopped,2018-08-18_12-54-21_incident_stopped_zone_nb-shoulder.jpg,nb,75654.35,-34.62822647,nb,shoulder,-1
N1C11,32.82699902,-83.73109564,n,8/18/2018,5,Saturday,13:04:43,incident_stopped,2018-08-18_13-04-43_incident_stopped_zone_nb-shoulder.jpg,nb,75664.71667,-51.41367576,nb,shoulder,-1
N2C03,32.78071485,-83.71530658,n,8/18/2018,5,Saturday,13:32:56,incident_stopped,2018-08-18_13-32-56_incident_stopped_zone_nb-shoulder.jpg,nb,75692.93333,-67.78810628,nb,shoulder,-1
S2C17,32.84950348,-83.74113514,s,8/18/2018,5,Saturday,13:33:48,incident_stopped,2018-08-18_13-33-48_incident_stopped_zone_nb-shoulder.jpg,nb,75693.8,-43.18705025,nb,shoulder,-1
BIBB-CAM-027,32.85953942,-83.7465392,n,8/18/2018,5,Saturday,13:42:58,incident_stopped,2018-08-18_13-42-58_incident_stopped_zone_nb-shoulder.jpg,nb,75702.96667,-39.39570165,nb,shoulder,-1
N1C19,32.85953942,-83.7465392,n,8/18/2018,5,Saturday,13:46:14,incident_stopped,2018-08-18_13-46-14_incident_stopped_zone_nb-shoulder.jpg,nb,75706.23333,-39.39570165,nb,shoulder,-1
S1C19,32.85919079,-83.74676747,s,8/18/2018,5,Saturday,13:47:07,incident_stopped,2018-08-18_13-47-07_incident_stopped_zone_nb-shoulder.jpg,nb,75707.11667,-39.46810985,nb,shoulder,-1
N1C40,32.751099,-83.713281,n,8/18/2018,5,Saturday,14:14:31,incident_stopped,2018-08-18_14-14-31_incident_stopped_zone_nb-shoulder.jpg,nb,75734.51667,-77.41345723,nb,shoulder,-1
N2C40,32.751099,-83.713281,n,8/18/2018,5,Saturday,14:14:37,incident_stopped,2018-08-18_14-14-37_incident_stopped_zone_near-shoulder.jpg,nb,75734.61667,-77.41345723,near,shoulder,-1
BIBB-CAM-023,32.82699902,-83.73109564,n,8/18/2018,5,Saturday,14:32:43,incident_stopped,2018-08-18_14-32-43_incident_stopped_zone_nb-shoulder.jpg,nb,75752.71667,-51.41367576,nb,shoulder,-1
N1C25,32.88361771,-83.77234944,n,8/18/2018,5,Saturday,14:38:53,incident_stopped,2018-08-18_14-38-53_incident_stopped_zone_ramp-shoulder.jpg,nb,75758.88333,-28.57124979,ramp,shoulder,-1
BIBB-CAM-012,32.77593588,-83.71230837,n,8/18/2018,5,Saturday,14:40:46,incident_stopped,2018-08-18_14-40-46_incident_stopped_zone_nb-shoulder.jpg,nb,75760.76667,-69.65221113,nb,shoulder,-1
S1C27,32.89654773,-83.78351592,s,8/18/2018,5,Saturday,14:53:28,incident_stopped,2018-08-18_14-53-28_incident_stopped_zone_nb-shoulder.jpg,nb,75773.46667,-23.1858178,nb,shoulder,-1
N1C41,32.7558,-83.709193,n,8/18/2018,5,Saturday,14:59:26,incident_stopped,2018-08-18_14-59-26_incident_stopped_zone_nb-shoulder.jpg,nb,75779.43333,-76.37247586,nb,shoulder,-1
N2C03,32.78071485,-83.71530658,n,8/18/2018,5,Saturday,15:23:42,incident_stopped,2018-08-18_15-23-42_incident_stopped_zone_nb-shoulder.jpg,nb,75803.7,-67.78810628,nb,shoulder,-1
S1C19,32.85919079,-83.74676747,s,8/18/2018,5,Saturday,15:40:57,incident_congestion,2018-08-18_15-40-57_incident_congestion_zone_nb-lanes.jpg,nb,75820.95,-39.46810985,nb,lanes,-1
N3C38,32.94876151,-83.81228301,n,8/18/2018,5,Saturday,15:42:53,incident_stopped,2018-08-18_15-42-53_incident_stopped_zone_nb-shoulder.jpg,nb,75822.88333,-3.479229064,nb,shoulder,-1
N1C38,32.94876151,-83.81228301,n,8/18/2018,5,Saturday,15:46:41,incident_stopped,2018-08-18_15-46-41_incident_stopped_zone_ramp-shoulder.jpg,nb,75826.68333,-3.479229064,ramp,shoulder,-1
S2C38,32.95157525,-83.81265346,s,8/18/2018,5,Saturday,15:50:54,incident_stopped,2018-08-18_15-50-54_incident_stopped_zone_north-shoulder.jpg,nb,75830.9,-2.501382112,north,shoulder,-1
N1C17,32.84958885,-83.74065988,n,8/18/2018,5,Saturday,16:15:29,incident_stopped,2018-08-18_16-15-29_incident_stopped_zone_nb-shoulder.jpg,nb,75855.48333,-43.22840936,nb,shoulder,-1
BIBB-CAM-028,32.86504559,-83.75232959,n,8/18/2018,5,Saturday,16:30:46,incident_stopped,2018-08-18_16-30-46_incident_stopped_zone_nb-lanes.jpg,nb,75870.76667,-36.91653912,nb,lanes,-1
N2C01,32.76613511,-83.71030216,n,8/18/2018,5,Saturday,16:37:23,incident_stopped,2018-08-18_16-37-23_incident_stopped_zone_nb-shoulder.jpg,nb,75877.38333,-72.97440738,nb,shoulder,-1
N1C01,32.76613511,-83.71030216,n,8/18/2018,5,Saturday,16:37:37,incident_stopped,2018-08-18_16-37-37_incident_stopped_zone_nb-shoulder.jpg,nb,75877.61667,-72.97440738,nb,shoulder,-1
N1C25,32.88361771,-83.77234944,n,8/18/2018,5,Saturday,17:01:43,incident_stopped,2018-08-18_17-01-43_incident_stopped_zone_ramp-shoulder.jpg,nb,75901.71667,-28.57124979,ramp,shoulder,-1
S1C18,32.85465632,-83.74348346,s,8/18/2018,5,Saturday,17:16:41,incident_stopped,2018-08-18_17-16-41_incident_stopped_zone_nb-shoulder.jpg,nb,75916.68333,-41.30069476,nb,shoulder,-1
BIBB-CAM-032,32.88240434,-83.7719413,s,8/18/2018,5,Saturday,17:24:36,incident_stopped,2018-08-18_17-24-36_incident_stopped_zone_nb-shoulder.jpg,nb,75924.6,-29.00171497,nb,shoulder,-1
N1C03,32.78071485,-83.71530658,n,8/18/2018,5,Saturday,17:44:19,incident_stopped,2018-08-18_17-44-19_incident_stopped_zone_nb-shoulder.jpg,nb,75944.31667,-67.78810628,nb,shoulder,-1
N2C33,32.92077604,-83.79943309,n,8/18/2018,5,Saturday,18:40:29,incident_stopped,2018-08-18_18-40-29_incident_stopped_zone_nb-shoulder.jpg,nb,76000.48333,-13.74452878,nb,shoulder,-1
N2C01,32.76613511,-83.71030216,n,8/18/2018,5,Saturday,19:06:18,incident_stopped,2018-08-18_19-06-18_incident_stopped_zone_nb-shoulder.jpg,nb,76026.3,-72.97440738,nb,shoulder,-1
N1C01,32.76613511,-83.71030216,n,8/18/2018,5,Saturday,19:06:22,incident_stopped,2018-08-18_19-06-22_incident_stopped_zone_nb-shoulder.jpg,nb,76026.36667,-72.97440738,nb,shoulder,-1
N2C17,32.84958885,-83.74065988,n,8/18/2018,5,Saturday,19:41:12,incident_stopped,2018-08-18_19-41-12_incident_stopped_zone_nb-shoulder.jpg,nb,76061.2,-43.22840936,nb,shoulder,-1
S1C21,32.86987654,-83.75830175,s,8/18/2018,5,Saturday,19:41:54,incident_stopped,2018-08-18_19-41-54_incident_stopped_zone_nb-shoulder.jpg,nb,76061.9,-34.62822647,nb,shoulder,-1
N2C03,32.78071485,-83.71530658,n,8/18/2018,5,Saturday,19:49:56,incident_stopped,2018-08-18_19-49-56_incident_stopped_zone_nb-shoulder.jpg,nb,76069.93333,-67.78810628,nb,shoulder,-1
N2C33,32.92077604,-83.79943309,n,8/18/2018,5,Saturday,22:13:58,incident_stopped,2018-08-18_22-13-58_incident_stopped_zone_nb-shoulder.jpg,nb,76213.96667,-13.74452878,nb,shoulder,-1
BIBB-CAM-018,32.79962746,-83.72080704,n,8/18/2018,5,Saturday,22:42:43,incident_stopped,2018-08-18_22-42-43_incident_stopped_zone_nb-shoulder.jpg,nb,76242.71667,-61.20075294,nb,shoulder,-1
BIBB-CAM-012,32.77593588,-83.71230837,n,8/18/2018,5,Saturday,23:29:02,incident_stopped,2018-08-18_23-29-02_incident_stopped_zone_nb-shoulder.jpg,nb,76289.03333,-69.65221113,nb,shoulder,-1
BIBB-CAM-018,32.79962746,-83.72080704,n,8/19/2018,6,Sunday,0:43:18,incident_stopped,2018-08-19_00-43-18_incident_stopped_zone_nb-shoulder.jpg,nb,76363.3,-61.20075294,nb,shoulder,-1
N1C01,32.76613511,-83.71030216,n,8/19/2018,6,Sunday,4:22:10,incident_stopped,2018-08-19_04-22-10_incident_stopped_zone_nb-shoulder.jpg,nb,76582.16667,-72.97440738,nb,shoulder,-1
N1C20,32.86504559,-83.75232959,n,8/19/2018,6,Sunday,6:43:00,incident_stopped,2018-08-19_06-43-00_incident_stopped_zone_nb-shoulder.jpg,nb,76723,-36.91653912,nb,shoulder,-1
S1C30,32.91200591,-83.79524157,s,8/19/2018,6,Sunday,7:22:04,incident_stopped,2018-08-19_07-22-04_incident_stopped_zone_nb-shoulder.jpg,nb,76762.06667,-17.00028257,nb,shoulder,-1
N1C16,32.84577945,-83.73888874,n,8/19/2018,6,Sunday,7:32:29,incident_stopped,2018-08-19_07-32-29_incident_stopped_zone_near-shoulder.jpg,nb,76772.48333,-44.6283787,near,shoulder,-1
N1C05,32.78992515,-83.7196095,n,8/19/2018,6,Sunday,8:52:24,incident_stopped,2018-08-19_08-52-24_incident_stopped_zone_nb-shoulder.jpg,nb,76852.4,-64.37580962,nb,shoulder,-1
N2C07,32.80647151,-83.72379194,n,8/19/2018,6,Sunday,9:01:03,incident_stopped,2018-08-19_09-01-03_incident_stopped_zone_nb-shoulder.jpg,nb,76861.05,-58.69634095,nb,shoulder,-1
S2C09,32.81017134,-83.72613824,s,8/19/2018,6,Sunday,9:01:05,incident_stopped,2018-08-19_09-01-05_incident_stopped_zone_nb-shoulder.jpg,nb,76861.08333,-57.24864799,nb,shoulder,-1
BIBB-CAM-018,32.79962746,-83.72080704,n,8/19/2018,6,Sunday,9:02:11,incident_stopped,2018-08-19_09-02-11_incident_stopped_zone_nb-shoulder.jpg,nb,76862.18333,-61.20075294,nb,shoulder,-1
S2C10,32.81305818,-83.72759727,s,8/19/2018,6,Sunday,9:02:57,incident_stopped,2018-08-19_09-02-57_incident_stopped_zone_far-shoulder.jpg,nb,76862.95,-56.16682713,far,shoulder,-1
S1C09,32.81017134,-83.72613824,s,8/19/2018,6,Sunday,9:03:00,incident_stopped,2018-08-19_09-03-00_incident_stopped_zone_nb-shoulder.jpg,nb,76863,-57.24864799,nb,shoulder,-1
N1C13,32.8332442,-83.73284142,n,8/19/2018,6,Sunday,9:07:07,incident_stopped,2018-08-19_09-07-07_incident_stopped_zone_nb-shoulder.jpg,nb,76867.11667,-49.27056404,nb,shoulder,-1
N2C18,32.85482929,-83.74306675,n,8/19/2018,6,Sunday,9:13:43,incident_stopped,2018-08-19_09-13-43_incident_stopped_zone_nb-shoulder.jpg,nb,76873.71667,-41.30822943,nb,shoulder,-1
S2C18,32.85465632,-83.74348346,s,8/19/2018,6,Sunday,9:13:44,incident_stopped,2018-08-19_09-13-44_incident_stopped_zone_nb-shoulder.jpg,nb,76873.73333,-41.30069476,nb,shoulder,-1
S1C24,32.87958032,-83.76886573,s,8/19/2018,6,Sunday,9:20:42,incident_stopped,2018-08-19_09-20-42_incident_stopped_zone_far-shoulder.jpg,nb,76880.7,-30.26227087,far,shoulder,-1
S1C27,32.89654773,-83.78351592,s,8/19/2018,6,Sunday,9:32:27,incident_stopped,2018-08-19_09-32-27_incident_stopped_zone_nb-shoulder.jpg,nb,76892.45,-23.1858178,nb,shoulder,-1
BIBB-CAM-014,32.7850913,-83.71806273,n,8/19/2018,6,Sunday,9:37:52,incident_stopped,2018-08-19_09-37-52_incident_stopped_zone_nb-shoulder.jpg,nb,76897.86667,-66.07987571,nb,shoulder,-1
N1C10,32.82260317,-83.73001566,n,8/19/2018,6,Sunday,9:59:06,incident_stopped,2018-08-19_09-59-06_incident_stopped_zone_nb-shoulder.jpg,nb,76919.1,-52.90603101,nb,shoulder,-1
BIBB-CAM-020,32.81017134,-83.72613824,s,8/19/2018,6,Sunday,10:31:09,incident_stopped,2018-08-19_10-31-09_incident_stopped_zone_far-shoulder.jpg,nb,76951.15,-57.24864799,far,shoulder,-1
S1C06,32.79460708,-83.72072356,s,8/19/2018,6,Sunday,10:45:12,incident_congestion,2018-08-19_10-45-12_incident_congestion_zone_far-lanes.jpg,nb,76965.2,-62.77430457,far,lanes,-1
N1C03,32.78071485,-83.71530658,n,8/19/2018,6,Sunday,10:48:27,incident_stopped,2018-08-19_10-48-27_incident_stopped_zone_nb-shoulder.jpg,nb,76968.45,-67.78810628,nb,shoulder,-1
S1C30,32.91200591,-83.79524157,s,8/19/2018,6,Sunday,11:00:56,incident_stopped,2018-08-19_11-00-56_incident_stopped_zone_nb-shoulder.jpg,nb,76980.93333,-17.00028257,nb,shoulder,-1
N2C03,32.78071485,-83.71530658,n,8/19/2018,6,Sunday,11:04:16,incident_stopped,2018-08-19_11-04-16_incident_stopped_zone_nb-shoulder.jpg,nb,76984.26667,-67.78810628,nb,shoulder,-1
N1C01,32.76613511,-83.71030216,n,8/19/2018,6,Sunday,11:15:34,incident_stopped,2018-08-19_11-15-34_incident_stopped_zone_nb-shoulder.jpg,nb,76995.56667,-72.97440738,nb,shoulder,-1
S1C28,32.90013203,-83.7863588,s,8/19/2018,6,Sunday,11:35:09,incident_stopped,2018-08-19_11-35-09_incident_stopped_zone_nb-shoulder.jpg,nb,77015.15,-21.73107036,nb,shoulder,-1
S1C27,32.89654773,-83.78351592,s,8/19/2018,6,Sunday,11:35:09,incident_stopped,2018-08-19_11-35-09_incident_stopped_zone_nb-shoulder.jpg,nb,77015.15,-23.1858178,nb,shoulder,-1
N2C01,32.76613511,-83.71030216,n,8/19/2018,6,Sunday,12:03:02,incident_stopped,2018-08-19_12-03-02_incident_stopped_zone_nb-shoulder.jpg,nb,77043.03333,-72.97440738,nb,shoulder,-1
N1C03,32.78071485,-83.71530658,n,8/19/2018,6,Sunday,12:48:39,incident_stopped,2018-08-19_12-48-39_incident_stopped_zone_nb-shoulder.jpg,nb,77088.65,-67.78810628,nb,shoulder,-1
S2C12,32.82694969,-83.73158785,s,8/19/2018,6,Sunday,13:19:55,incident_stopped,2018-08-19_13-19-55_incident_stopped_zone_nb-shoulder.jpg,nb,77119.91667,-51.36261191,nb,shoulder,-1
N2C11,32.82699902,-83.73109564,n,8/19/2018,6,Sunday,13:19:56,incident_stopped,2018-08-19_13-19-56_incident_stopped_zone_near-shoulder.jpg,nb,77119.93333,-51.41367576,near,shoulder,-1
S2C11,32.82254015,-83.73046915,s,8/19/2018,6,Sunday,13:20:00,incident_stopped,2018-08-19_13-20-00_incident_stopped_zone_far-shoulder.jpg,nb,77120,-52.86537408,far,shoulder,-1
N2C40,32.751099,-83.713281,n,8/19/2018,6,Sunday,13:32:29,incident_stopped,2018-08-19_13-32-29_incident_stopped_zone_near-shoulder.jpg,nb,77132.48333,-77.41345723,near,shoulder,-1
S1C16,32.84561646,-83.73933607,s,8/19/2018,6,Sunday,13:49:47,incident_stopped,2018-08-19_13-49-47_incident_stopped_zone_nb-shoulder.jpg,nb,77149.78333,-44.61500342,nb,shoulder,-1
N2C17,32.84958885,-83.74065988,n,8/19/2018,6,Sunday,14:03:32,incident_stopped,2018-08-19_14-03-32_incident_stopped_zone_nb-shoulder.jpg,nb,77163.53333,-43.22840936,nb,shoulder,-1
S1C15,32.84057153,-83.73697533,s,8/19/2018,6,Sunday,14:05:45,incident_stopped,2018-08-19_14-05-45_incident_stopped_zone_nb-shoulder.jpg,nb,77165.75,-46.47309774,nb,shoulder,-1
N1C07,32.80647151,-83.72379194,n,8/19/2018,6,Sunday,15:05:45,incident_stopped,2018-08-19_15-05-45_incident_stopped_zone_ramp-shoulder.jpg,nb,77225.75,-58.69634095,ramp,shoulder,-1
N2C01,32.76613511,-83.71030216,n,8/19/2018,6,Sunday,15:09:30,incident_stopped,2018-08-19_15-09-30_incident_stopped_zone_nb-shoulder.jpg,nb,77229.5,-72.97440738,nb,shoulder,-1
N1C01,32.76613511,-83.71030216,n,8/19/2018,6,Sunday,15:09:36,incident_stopped,2018-08-19_15-09-36_incident_stopped_zone_nb-shoulder.jpg,nb,77229.6,-72.97440738,nb,shoulder,-1
N1C25,32.88361771,-83.77234944,n,8/19/2018,6,Sunday,15:19:26,incident_stopped,2018-08-19_15-19-26_incident_stopped_zone_ramp-shoulder.jpg,nb,77239.43333,-28.57124979,ramp,shoulder,-1
BIBB-CAM-009,32.76613511,-83.71030216,n,8/19/2018,6,Sunday,15:31:25,incident_stopped,2018-08-19_15-31-25_incident_stopped.jpg,nb,77251.41667,-72.97440738,,,-1
N1C33,32.92077604,-83.79943309,n,8/19/2018,6,Sunday,16:06:51,incident_congestion,2018-08-19_16-06-51_incident_congestion_zone_nb-lanes.jpg,nb,77286.85,-13.74452878,nb,lanes,-1
BIBB-CAM-009,32.76613511,-83.71030216,n,8/19/2018,6,Sunday,17:58:49,incident_stopped,2018-08-19_17-58-49_incident_stopped.jpg,nb,77398.81667,-72.97440738,,,-1
N2C11,32.82699902,-83.73109564,n,8/19/2018,6,Sunday,18:14:59,incident_stopped,2018-08-19_18-14-59_incident_stopped_zone_near-shoulder.jpg,nb,77414.98333,-51.41367576,near,shoulder,-1
S2C12,32.82694969,-83.73158785,s,8/19/2018,6,Sunday,18:15:00,incident_stopped,2018-08-19_18-15-00_incident_stopped_zone_nb-shoulder.jpg,nb,77415,-51.36261191,nb,shoulder,-1
N1C09,32.81772219,-83.72879532,n,8/19/2018,6,Sunday,18:33:20,incident_stopped,2018-08-19_18-33-20_incident_stopped_zone_nb-lanes.jpg,nb,77433.33333,-54.56967025,nb,lanes,-1
S2C04,32.78488999,-83.71869237,s,8/19/2018,6,Sunday,19:27:34,incident_stopped,2018-08-19_19-27-34_incident_stopped_zone_nb-shoulder.jpg,nb,77487.56667,-66.06682308,nb,shoulder,-1
BIBB-CAM-039,32.94243524,-83.81127376,s,8/19/2018,6,Sunday,20:02:38,incident_stopped,2018-08-19_20-02-38_incident_stopped_zone_nb-shoulder.jpg,nb,77522.63333,-5.683345579,nb,shoulder,-1
N1C21,32.86981764,-83.75767111,n,8/19/2018,6,Sunday,20:14:35,incident_stopped,2018-08-19_20-14-35_incident_stopped_zone_nb-shoulder.jpg,nb,77534.58333,-34.7310666,nb,shoulder,-1
BIBB-CAM-018,32.79962746,-83.72080704,n,8/19/2018,6,Sunday,20:38:20,incident_stopped,2018-08-19_20-38-20_incident_stopped_zone_nb-shoulder.jpg,nb,77558.33333,-61.20075294,nb,shoulder,-1
S1C21,32.86987654,-83.75830175,s,8/20/2018,0,Monday,5:20:38,incident_stopped,2018-08-20_05-20-38_incident_stopped_zone_nb-shoulder.jpg,nb,78080.63333,-34.62822647,nb,shoulder,-1
S2C08,32.80622138,-83.72432815,s,8/20/2018,0,Monday,5:31:51,incident_stopped,2018-08-20_05-31-51_incident_stopped_zone_nb-shoulder.jpg,nb,78091.85,-58.705165,nb,shoulder,-1
S2C33,32.92513731,-83.80220611,s,8/20/2018,0,Monday,7:35:25,incident_stopped,2018-08-20_07-35-25_incident_stopped_zone_nb-lanes.jpg,nb,78215.41667,-12.07189332,nb,lanes,-1
BIBB-CAM-028,32.86504559,-83.75232959,n,8/20/2018,0,Monday,8:17:55,incident_stopped,2018-08-20_08-17-55_incident_stopped.jpg,nb,78257.91667,-36.91653912,,,-1
N2C01,32.76613511,-83.71030216,n,8/20/2018,0,Monday,8:56:48,incident_stopped,2018-08-20_08-56-48_incident_stopped_zone_nb-shoulder.jpg,nb,78296.8,-72.97440738,nb,shoulder,-1
N1C12,32.83181185,-83.73251121,n,8/20/2018,0,Monday,9:04:07,incident_stopped,2018-08-20_09-04-07_incident_stopped_zone_ramp-lanes.jpg,nb,78304.11667,-49.75191444,ramp,lanes,-1
N1C21,32.86981764,-83.75767111,n,8/20/2018,0,Monday,9:22:25,incident_stopped,2018-08-20_09-22-25_incident_stopped_zone_nb-shoulder.jpg,nb,78322.41667,-34.7310666,nb,shoulder,-1
BIBB-CAM-030,32.86987654,-83.75830175,s,8/20/2018,0,Monday,9:47:05,incident_stopped,2018-08-20_09-47-05_incident_stopped_zone_far-shoulder.jpg,nb,78347.08333,-34.62822647,far,shoulder,-1
N2C33,32.92077604,-83.79943309,n,8/20/2018,0,Monday,10:02:30,incident_stopped,2018-08-20_10-02-30_incident_stopped_zone_nb-shoulder.jpg,nb,78362.5,-13.74452878,nb,shoulder,-1
N3C02,32.76990531,-83.71029631,n,8/20/2018,0,Monday,10:42:20,incident_stopped,2018-08-20_10-42-20_incident_stopped_zone_nb-shoulder.jpg,nb,78402.33333,-71.78891913,nb,shoulder,-1
N1C03,32.78071485,-83.71530658,n,8/20/2018,0,Monday,10:48:49,incident_stopped,2018-08-20_10-48-49_incident_stopped_zone_nb-shoulder.jpg,nb,78408.81667,-67.78810628,nb,shoulder,-1
N2C03,32.78071485,-83.71530658,n,8/20/2018,0,Monday,11:31:46,incident_stopped,2018-08-20_11-31-46_incident_stopped_zone_nb-shoulder.jpg,nb,78451.76667,-67.78810628,nb,shoulder,-1
N2C14,32.83648848,-83.73452853,n,8/20/2018,0,Monday,11:32:51,incident_stopped,2018-08-20_11-32-51_incident_stopped_zone_nb-shoulder.jpg,nb,78452.85,-48.05166032,nb,shoulder,-1
N1C12,32.83181185,-83.73251121,n,8/20/2018,0,Monday,11:48:33,incident_stopped,2018-08-20_11-48-33_incident_stopped_zone_ramp-lanes.jpg,nb,78468.55,-49.75191444,ramp,lanes,-1
N1C03,32.78071485,-83.71530658,n,8/20/2018,0,Monday,12:54:14,incident_stopped,2018-08-20_12-54-14_incident_stopped_zone_nb-shoulder.jpg,nb,78534.23333,-67.78810628,nb,shoulder,-1
S1C21,32.86987654,-83.75830175,s,8/20/2018,0,Monday,13:09:13,incident_stopped,2018-08-20_13-09-13_incident_stopped_zone_nb-shoulder.jpg,nb,78549.21667,-34.62822647,nb,shoulder,-1
BIBB-CAM-013,32.77567367,-83.7128245,s,8/20/2018,0,Monday,13:39:43,incident_stopped,2018-08-20_13-39-43_incident_stopped_zone_nb-shoulder.jpg,nb,78579.71667,-69.6715058,nb,shoulder,-1
N2C01,32.76613511,-83.71030216,n,8/20/2018,0,Monday,13:44:05,incident_stopped,2018-08-20_13-44-05_incident_stopped_zone_nb-shoulder.jpg,nb,78584.08333,-72.97440738,nb,shoulder,-1
N1C01,32.76613511,-83.71030216,n,8/20/2018,0,Monday,13:44:15,incident_stopped,2018-08-20_13-44-15_incident_stopped_zone_nb-shoulder.jpg,nb,78584.25,-72.97440738,nb,shoulder,-1
BIBB-CAM-028,32.86504559,-83.75232959,n,8/20/2018,0,Monday,13:46:25,incident_stopped,2018-08-20_13-46-25_incident_stopped_zone_nb-shoulder.jpg,nb,78586.41667,-36.91653912,nb,shoulder,-1
N2C03,32.78071485,-83.71530658,n,8/20/2018,0,Monday,14:06:16,incident_stopped,2018-08-20_14-06-16_incident_stopped_zone_nb-shoulder.jpg,nb,78606.26667,-67.78810628,nb,shoulder,-1
S3C03,32.78046082,-83.71590778,s,8/20/2018,0,Monday,14:06:21,incident_stopped,2018-08-20_14-06-21_incident_stopped_zone_nb-shoulder.jpg,nb,78606.35,-67.79477411,nb,shoulder,-1
N3C02,32.76990531,-83.71029631,n,8/20/2018,0,Monday,14:20:53,incident_stopped,2018-08-20_14-20-53_incident_stopped_zone_nb-shoulder.jpg,nb,78620.88333,-71.78891913,nb,shoulder,-1
N2C02,32.76990531,-83.71029631,n,8/20/2018,0,Monday,14:20:53,incident_stopped,2018-08-20_14-20-53_incident_stopped_zone_nb-shoulder.jpg,nb,78620.88333,-71.78891913,nb,shoulder,-1
N1C02,32.76990531,-83.71029631,n,8/20/2018,0,Monday,14:32:42,incident_stopped,2018-08-20_14-32-42_incident_stopped_zone_nb-shoulder.jpg,nb,78632.7,-71.78891913,nb,shoulder,-1
N2C17,32.84958885,-83.74065988,n,8/20/2018,0,Monday,14:32:46,incident_stopped,2018-08-20_14-32-46_incident_stopped_zone_nb-shoulder.jpg,nb,78632.76667,-43.22840936,nb,shoulder,-1
S2C17,32.84950348,-83.74113514,s,8/20/2018,0,Monday,14:32:53,incident_stopped,2018-08-20_14-32-53_incident_stopped_zone_nb-shoulder.jpg,nb,78632.88333,-43.18705025,nb,shoulder,-1
S1C02,32.77015102,-83.71101814,s,8/20/2018,0,Monday,15:06:10,incident_stopped,2018-08-20_15-06-10_incident_stopped_zone_nb-shoulder.jpg,nb,78666.16667,-71.62458863,nb,shoulder,-1
S2C04,32.78488999,-83.71869237,s,8/20/2018,0,Monday,15:39:43,incident_stopped,2018-08-20_15-39-43_incident_stopped_zone_nb-shoulder.jpg,nb,78699.71667,-66.06682308,nb,shoulder,-1
N1C05,32.78992515,-83.7196095,n,8/20/2018,0,Monday,16:02:31,incident_stopped,2018-08-20_16-02-31_incident_stopped_zone_nb-shoulder.jpg,nb,78722.51667,-64.37580962,nb,shoulder,-1
N1C06,32.79465366,-83.72010538,n,8/20/2018,0,Monday,16:02:34,incident_stopped,2018-08-20_16-02-34_incident_stopped_zone_nb-shoulder.jpg,nb,78722.56667,-62.83684554,nb,shoulder,-1
N2C03,32.78071485,-83.71530658,n,8/20/2018,0,Monday,16:03:05,incident_stopped,2018-08-20_16-03-05_incident_stopped_zone_nb-shoulder.jpg,nb,78723.08333,-67.78810628,nb,shoulder,-1
N2C06,32.79465366,-83.72010538,n,8/20/2018,0,Monday,16:04:51,incident_stopped,2018-08-20_16-04-51_incident_stopped_zone_nb-shoulder.jpg,nb,78724.85,-62.83684554,nb,shoulder,-1
N1C14,32.83648848,-83.73452853,n,8/20/2018,0,Monday,17:06:01,incident_stopped,2018-08-20_17-06-01_incident_stopped_zone_ramp-shoulder.jpg,nb,78786.01667,-48.05166032,ramp,shoulder,-1
N1C21,32.86981764,-83.75767111,n,8/20/2018,0,Monday,18:09:02,incident_stopped,2018-08-20_18-09-02_incident_stopped_zone_nb-shoulder.jpg,nb,78849.03333,-34.7310666,nb,shoulder,-1
S1C21,32.86987654,-83.75830175,s,8/20/2018,0,Monday,18:09:09,incident_stopped,2018-08-20_18-09-09_incident_stopped_zone_nb-shoulder.jpg,nb,78849.15,-34.62822647,nb,shoulder,-1
S2C12,32.82694969,-83.73158785,s,8/20/2018,0,Monday,18:33:58,incident_stopped,2018-08-20_18-33-58_incident_stopped_zone_nb-shoulder.jpg,nb,78873.96667,-51.36261191,nb,shoulder,-1
N2C11,32.82699902,-83.73109564,n,8/20/2018,0,Monday,18:34:01,incident_stopped,2018-08-20_18-34-01_incident_stopped_zone_near-shoulder.jpg,nb,78874.01667,-51.41367576,near,shoulder,-1
S2C11,32.82254015,-83.73046915,s,8/20/2018,0,Monday,18:34:02,incident_stopped,2018-08-20_18-34-02_incident_stopped_zone_far-shoulder.jpg,nb,78874.03333,-52.86537408,far,shoulder,-1
N1C41,32.7558,-83.709193,n,8/20/2018,0,Monday,19:31:31,incident_stopped,2018-08-20_19-31-31_incident_stopped_zone_nb-shoulder.jpg,nb,78931.51667,-76.37247586,nb,shoulder,-1
S1C32,32.92026721,-83.79963273,s,8/20/2018,0,Monday,20:16:33,incident_stopped,2018-08-20_20-16-33_incident_stopped_zone_nb-shoulder.jpg,nb,78976.55,-13.89579256,nb,shoulder,-1
S1C30,32.91200591,-83.79524157,s,8/20/2018,0,Monday,20:34:24,incident_stopped,2018-08-20_20-34-24_incident_stopped_zone_nb-shoulder.jpg,nb,78994.4,-17.00028257,nb,shoulder,-1
N2C03,32.78071485,-83.71530658,n,8/20/2018,0,Monday,22:21:15,incident_stopped,2018-08-20_22-21-15_incident_stopped_zone_nb-shoulder.jpg,nb,79101.25,-67.78810628,nb,shoulder,-1
S2C09,32.81017134,-83.72613824,s,8/20/2018,0,Monday,23:55:53,incident_stopped,2018-08-20_23-55-53_incident_stopped_zone_nb-shoulder.jpg,nb,79195.88333,-57.24864799,nb,shoulder,-1
S2C13,32.831725,-83.73297366,s,8/21/2018,1,Tuesday,2:59:37,incident_stopped,2018-08-21_02-59-37_incident_stopped_zone_nb-shoulder.jpg,nb,79379.61667,-49.71525632,nb,shoulder,-1
N2C03,32.78071485,-83.71530658,n,8/21/2018,1,Tuesday,3:10:44,incident_stopped,2018-08-21_03-10-44_incident_stopped_zone_nb-shoulder.jpg,nb,79390.73333,-67.78810628,nb,shoulder,-1
N1C01,32.76613511,-83.71030216,n,8/21/2018,1,Tuesday,3:37:07,incident_stopped,2018-08-21_03-37-07_incident_stopped_zone_nb-shoulder.jpg,nb,79417.11667,-72.97440738,nb,shoulder,-1
N1C08,32.81331958,-83.72706597,n,8/21/2018,1,Tuesday,5:17:09,incident_stopped,2018-08-21_05-17-09_incident_stopped_zone_ramp-shoulder.jpg,nb,79517.15,-56.15448649,ramp,shoulder,-1
S1C30,32.91200591,-83.79524157,s,8/21/2018,1,Tuesday,7:14:44,incident_stopped,2018-08-21_07-14-44_incident_stopped_zone_nb-lanes.jpg,nb,79634.73333,-17.00028257,nb,lanes,-1
N1C26,32.88798194,-83.77607704,n,8/21/2018,1,Tuesday,7:29:11,incident_stopped,2018-08-21_07-29-11_incident_stopped_zone_nb-shoulder.jpg,nb,79649.18333,-26.75233619,nb,shoulder,-1
S2C26,32.88776313,-83.77647583,s,8/21/2018,1,Tuesday,7:29:12,incident_stopped,2018-08-21_07-29-12_incident_stopped_zone_nb-shoulder.jpg,nb,79649.2,-26.77497584,nb,shoulder,-1
S1C16,32.84561646,-83.73933607,s,8/21/2018,1,Tuesday,8:11:07,incident_stopped,2018-08-21_08-11-07_incident_stopped_zone_nb-shoulder.jpg,nb,79691.11667,-44.61500342,nb,shoulder,-1
N1C25,32.88361771,-83.77234944,n,8/21/2018,1,Tuesday,8:11:51,incident_stopped,2018-08-21_08-11-51_incident_stopped_zone_ramp-shoulder.jpg,nb,79691.85,-28.57124979,ramp,shoulder,-1
N2C25,32.88361771,-83.77234944,n,8/21/2018,1,Tuesday,8:11:55,incident_stopped,2018-08-21_08-11-55_incident_stopped_zone_nb-shoulder.jpg,nb,79691.91667,-28.57124979,nb,shoulder,-1
N2C17,32.84958885,-83.74065988,n,8/21/2018,1,Tuesday,8:21:49,incident_stopped,2018-08-21_08-21-49_incident_stopped_zone_nb-shoulder.jpg,nb,79701.81667,-43.22840936,nb,shoulder,-1
S1C17,32.84950348,-83.74113514,s,8/21/2018,1,Tuesday,8:23:58,incident_stopped,2018-08-21_08-23-58_incident_stopped_zone_nb-shoulder.jpg,nb,79703.96667,-43.18705025,nb,shoulder,-1
N2C33,32.92077604,-83.79943309,n,8/21/2018,1,Tuesday,8:50:15,incident_stopped,2018-08-21_08-50-15_incident_stopped_zone_nb-shoulder.jpg,nb,79730.25,-13.74452878,nb,shoulder,-1
S2C24,32.87958032,-83.76886573,s,8/21/2018,1,Tuesday,8:50:37,incident_stopped,2018-08-21_08-50-37_incident_stopped_zone_nb-shoulder.jpg,nb,79730.61667,-30.26227087,nb,shoulder,-1
N1C11,32.82699902,-83.73109564,n,8/21/2018,1,Tuesday,9:07:07,incident_stopped,2018-08-21_09-07-07_incident_stopped_zone_nb-shoulder.jpg,nb,79747.11667,-51.41367576,nb,shoulder,-1
N2C03,32.78071485,-83.71530658,n,8/21/2018,1,Tuesday,9:08:45,incident_stopped,2018-08-21_09-08-45_incident_stopped_zone_nb-shoulder.jpg,nb,79748.75,-67.78810628,nb,shoulder,-1
N1C14,32.83648848,-83.73452853,n,8/21/2018,1,Tuesday,9:14:14,incident_stopped,2018-08-21_09-14-14_incident_stopped_zone_ramp-shoulder.jpg,nb,79754.23333,-48.05166032,ramp,shoulder,-1
BIBB-CAM-030,32.86987654,-83.75830175,s,8/21/2018,1,Tuesday,9:22:25,incident_stopped,2018-08-21_09-22-25_incident_stopped_zone_far-shoulder.jpg,nb,79762.41667,-34.62822647,far,shoulder,-1
N1C28,32.89668342,-83.78307091,n,8/21/2018,1,Tuesday,9:43:10,incident_stopped,2018-08-21_09-43-10_incident_stopped_zone_nb-shoulder.jpg,nb,79783.16667,-23.1910345,nb,shoulder,-1
BIBB-CAM-032,32.88240434,-83.7719413,s,8/21/2018,1,Tuesday,9:52:18,incident_stopped,2018-08-21_09-52-18_incident_stopped_zone_nb-shoulder.jpg,nb,79792.3,-29.00171497,nb,shoulder,-1
S3C03,32.78046082,-83.71590778,s,8/21/2018,1,Tuesday,10:03:31,incident_stopped,2018-08-21_10-03-31_incident_stopped_zone_nb-shoulder.jpg,nb,79803.51667,-67.79477411,nb,shoulder,-1
BIBB-CAM-019,32.80622138,-83.72432815,s,8/21/2018,1,Tuesday,10:08:46,incident_stopped,2018-08-21_10-08-46_incident_stopped_zone_far-shoulder.jpg,nb,79808.76667,-58.705165,far,shoulder,-1
N1C26,32.88798194,-83.77607704,n,8/21/2018,1,Tuesday,10:10:18,incident_stopped,2018-08-21_10-10-18_incident_stopped_zone_nb-shoulder.jpg,nb,79810.3,-26.75233619,nb,shoulder,-1
S1C32,32.92026721,-83.79963273,s,8/21/2018,1,Tuesday,10:50:25,incident_stopped,2018-08-21_10-50-25_incident_stopped_zone_nb-shoulder.jpg,nb,79850.41667,-13.89579256,nb,shoulder,-1
N2C03,32.78071485,-83.71530658,n,8/21/2018,1,Tuesday,11:29:01,incident_stopped,2018-08-21_11-29-01_incident_stopped_zone_nb-shoulder.jpg,nb,79889.01667,-67.78810628,nb,shoulder,-1
S1C21,32.86987654,-83.75830175,s,8/21/2018,1,Tuesday,12:08:00,incident_stopped,2018-08-21_12-08-00_incident_stopped_zone_nb-shoulder.jpg,nb,79928,-34.62822647,nb,shoulder,-1
N2C33,32.92077604,-83.79943309,n,8/21/2018,1,Tuesday,12:11:25,incident_stopped,2018-08-21_12-11-25_incident_stopped_zone_nb-shoulder.jpg,nb,79931.41667,-13.74452878,nb,shoulder,-1
S3C03,32.78046082,-83.71590778,s,8/21/2018,1,Tuesday,12:36:18,incident_stopped,2018-08-21_12-36-18_incident_stopped_zone_nb-shoulder.jpg,nb,79956.3,-67.79477411,nb,shoulder,-1
S1C27,32.89654773,-83.78351592,s,8/21/2018,1,Tuesday,12:45:51,incident_stopped,2018-08-21_12-45-51_incident_stopped_zone_nb-shoulder.jpg,nb,79965.85,-23.1858178,nb,shoulder,-1
S2C08,32.80622138,-83.72432815,s,8/21/2018,1,Tuesday,12:48:38,incident_stopped,2018-08-21_12-48-38_incident_stopped_zone_nb-shoulder.jpg,nb,79968.63333,-58.705165,nb,shoulder,-1
N2C14,32.83648848,-83.73452853,n,8/21/2018,1,Tuesday,13:08:22,incident_stopped,2018-08-21_13-08-22_incident_stopped_zone_nb-shoulder.jpg,nb,79988.36667,-48.05166032,nb,shoulder,-1
N2C03,32.78071485,-83.71530658,n,8/21/2018,1,Tuesday,13:10:15,incident_stopped,2018-08-21_13-10-15_incident_stopped_zone_nb-shoulder.jpg,nb,79990.25,-67.78810628,nb,shoulder,-1
S1C30,32.91200591,-83.79524157,s,8/21/2018,1,Tuesday,13:12:34,incident_stopped,2018-08-21_13-12-34_incident_stopped_zone_nb-shoulder.jpg,nb,79992.56667,-17.00028257,nb,shoulder,-1
N2C39,32.95177015,-83.81217745,n,8/21/2018,1,Tuesday,13:46:48,incident_stopped,2018-08-21_13-46-48_incident_stopped_zone_near-shoulder.jpg,nb,80026.8,-2.4510298,near,shoulder,-1
BIBB-CAM-013,32.77567367,-83.7128245,s,8/21/2018,1,Tuesday,13:52:09,incident_stopped,2018-08-21_13-52-09_incident_stopped_zone_nb-shoulder.jpg,nb,80032.15,-69.6715058,nb,shoulder,-1
BIBB-CAM-030,32.86987654,-83.75830175,s,8/21/2018,1,Tuesday,14:00:49,incident_stopped,2018-08-21_14-00-49_incident_stopped_zone_far-shoulder.jpg,nb,80040.81667,-34.62822647,far,shoulder,-1
S1C21,32.86987654,-83.75830175,s,8/21/2018,1,Tuesday,14:30:22,incident_stopped,2018-08-21_14-30-22_incident_stopped_zone_nb-shoulder.jpg,nb,80070.36667,-34.62822647,nb,shoulder,-1
N2C33,32.92077604,-83.79943309,n,8/21/2018,1,Tuesday,14:30:50,incident_stopped,2018-08-21_14-30-50_incident_stopped_zone_nb-shoulder.jpg,nb,80070.83333,-13.74452878,nb,shoulder,-1
S1C16,32.84561646,-83.73933607,s,8/21/2018,1,Tuesday,14:37:50,incident_stopped,2018-08-21_14-37-50_incident_stopped_zone_nb-shoulder.jpg,nb,80077.83333,-44.61500342,nb,shoulder,-1
S1C27,32.89654773,-83.78351592,s,8/21/2018,1,Tuesday,14:45:56,incident_stopped,2018-08-21_14-45-56_incident_stopped_zone_nb-shoulder.jpg,nb,80085.93333,-23.1858178,nb,shoulder,-1
N1C25,32.88361771,-83.77234944,n,8/21/2018,1,Tuesday,14:59:25,incident_stopped,2018-08-21_14-59-25_incident_stopped_zone_ramp-shoulder.jpg,nb,80099.41667,-28.57124979,ramp,shoulder,-1
N2C26,32.88798194,-83.77607704,n,8/21/2018,1,Tuesday,15:16:33,incident_stopped,2018-08-21_15-16-33_incident_stopped_zone_nb-shoulder.jpg,nb,80116.55,-26.75233619,nb,shoulder,-1
N1C07,32.80647151,-83.72379194,n,8/21/2018,1,Tuesday,16:05:43,incident_stopped,2018-08-21_16-05-43_incident_stopped_zone_ramp-shoulder.jpg,nb,80165.71667,-58.69634095,ramp,shoulder,-1
BIBB-CAM-030,32.86987654,-83.75830175,s,8/21/2018,1,Tuesday,16:22:30,incident_stopped,2018-08-21_16-22-30_incident_stopped_zone_far-shoulder.jpg,nb,80182.5,-34.62822647,far,shoulder,-1
N1C33,32.92077604,-83.79943309,n,8/21/2018,1,Tuesday,17:28:01,incident_congestion,2018-08-21_17-28-01_incident_congestion_zone_nb-lanes.jpg,nb,80248.01667,-13.74452878,nb,lanes,-1
N3C38,32.94876151,-83.81228301,n,8/21/2018,1,Tuesday,17:30:06,incident_stopped,2018-08-21_17-30-06_incident_stopped_zone_nb-shoulder.jpg,nb,80250.1,-3.479229064,nb,shoulder,-1
S2C17,32.84950348,-83.74113514,s,8/21/2018,1,Tuesday,17:33:03,incident_stopped,2018-08-21_17-33-03_incident_stopped_zone_nb-shoulder.jpg,nb,80253.05,-43.18705025,nb,shoulder,-1
N2C38,32.94876151,-83.81228301,n,8/21/2018,1,Tuesday,17:33:46,incident_stopped,2018-08-21_17-33-46_incident_stopped_zone_nb-shoulder.jpg,nb,80253.76667,-3.479229064,nb,shoulder,-1
S2C33,32.92513731,-83.80220611,s,8/21/2018,1,Tuesday,17:37:08,incident_stopped,2018-08-21_17-37-08_incident_stopped_zone_nb-shoulder.jpg,nb,80257.13333,-12.07189332,nb,shoulder,-1
BIBB-CAM-027,32.85953942,-83.7465392,n,8/21/2018,1,Tuesday,17:43:47,incident_stopped,2018-08-21_17-43-47_incident_stopped_zone_nb-shoulder.jpg,nb,80263.78333,-39.39570165,nb,shoulder,-1
N2C03,32.78071485,-83.71530658,n,8/21/2018,1,Tuesday,17:46:15,incident_stopped,2018-08-21_17-46-15_incident_stopped_zone_nb-shoulder.jpg,nb,80266.25,-67.78810628,nb,shoulder,-1
S2C19,32.85919079,-83.74676747,s,8/21/2018,1,Tuesday,18:11:16,incident_stopped,2018-08-21_18-11-16_incident_stopped_zone_nb-shoulder.jpg,nb,80291.26667,-39.46810985,nb,shoulder,-1
S2C24,32.87958032,-83.76886573,s,8/21/2018,1,Tuesday,18:27:23,incident_stopped,2018-08-21_18-27-23_incident_stopped_zone_nb-shoulder.jpg,nb,80307.38333,-30.26227087,nb,shoulder,-1
S2C38,32.95157525,-83.81265346,s,8/21/2018,1,Tuesday,20:33:32,incident_slow,2018-08-21_20-33-32_incident_slow_zone_north-lanes.jpg,nb,80433.53333,-2.501382112,north,lanes,-1
S1C20,32.86504559,-83.75232959,s,8/22/2018,2,Wednesday,2:13:44,incident_stopped,2018-08-22_02-13-44_incident_stopped_zone_far-shoulder.jpg,nb,80773.73333,-36.91653912,far,shoulder,-1
N2C42,32.759892,-83.709757,n,8/22/2018,2,Wednesday,4:44:29,incident_stopped,2018-08-22_04-44-29_incident_stopped_zone_nb-shoulder.jpg,nb,80924.48333,-75.01044884,nb,shoulder,-1
N2C11,32.82699902,-83.73109564,n,8/22/2018,2,Wednesday,7:31:18,incident_stopped,2018-08-22_07-31-18_incident_stopped_zone_near-shoulder.jpg,nb,81091.3,-51.41367576,near,shoulder,-1
N2C03,32.78071485,-83.71530658,n,8/22/2018,2,Wednesday,7:39:26,incident_stopped,2018-08-22_07-39-26_incident_stopped_zone_nb-shoulder.jpg,nb,81099.43333,-67.78810628,nb,shoulder,-1
N2C33,32.92077604,-83.79943309,n,8/22/2018,2,Wednesday,7:56:46,incident_stopped,2018-08-22_07-56-46_incident_stopped_zone_nb-shoulder.jpg,nb,81116.76667,-13.74452878,nb,shoulder,-1
N2C32,32.91549987,-83.79665373,n,8/22/2018,2,Wednesday,8:10:10,incident_stopped,2018-08-22_08-10-10_incident_stopped_zone_nb-shoulder.jpg,nb,81130.16667,-15.72572861,nb,shoulder,-1
N3C38,32.94876151,-83.81228301,n,8/22/2018,2,Wednesday,9:17:33,incident_stopped,2018-08-22_09-17-33_incident_stopped_zone_nb-shoulder.jpg,nb,81197.55,-3.479229064,nb,shoulder,-1
N2C33,32.92077604,-83.79943309,n,8/22/2018,2,Wednesday,9:50:23,incident_stopped,2018-08-22_09-50-23_incident_stopped_zone_nb-shoulder.jpg,nb,81230.38333,-13.74452878,nb,shoulder,-1
S1C31,32.91536047,-83.79703412,s,8/22/2018,2,Wednesday,10:14:12,incident_stopped,2018-08-22_10-14-12_incident_stopped_zone_nb-shoulder.jpg,nb,81254.2,-15.73785658,nb,shoulder,-1
S2C08,32.80622138,-83.72432815,s,8/22/2018,2,Wednesday,10:14:22,incident_stopped,2018-08-22_10-14-22_incident_stopped_zone_nb-shoulder.jpg,nb,81254.36667,-58.705165,nb,shoulder,-1
S2C04,32.78488999,-83.71869237,s,8/22/2018,2,Wednesday,10:26:57,incident_stopped,2018-08-22_10-26-57_incident_stopped_zone_nb-shoulder.jpg,nb,81266.95,-66.06682308,nb,shoulder,-1
N1C26,32.88798194,-83.77607704,n,8/22/2018,2,Wednesday,10:27:50,incident_stopped,2018-08-22_10-27-50_incident_stopped_zone_nb-shoulder.jpg,nb,81267.83333,-26.75233619,nb,shoulder,-1
S1C21,32.86987654,-83.75830175,s,8/22/2018,2,Wednesday,10:35:24,incident_stopped,2018-08-22_10-35-24_incident_stopped_zone_nb-shoulder.jpg,nb,81275.4,-34.62822647,nb,shoulder,-1
N1C03,32.78071485,-83.71530658,n,8/22/2018,2,Wednesday,11:26:56,incident_stopped,2018-08-22_11-26-56_incident_stopped_zone_nb-shoulder.jpg,nb,81326.93333,-67.78810628,nb,shoulder,-1
N1C38,32.94876151,-83.81228301,n,8/22/2018,2,Wednesday,12:15:34,incident_stopped,2018-08-22_12-15-34_incident_stopped_zone_ramp-shoulder.jpg,nb,81375.56667,-3.479229064,ramp,shoulder,-1
BIBB-CAM-028,32.86504559,-83.75232959,n,8/22/2018,2,Wednesday,12:31:29,incident_stopped,2018-08-22_12-31-29_incident_stopped.jpg,nb,81391.48333,-36.91653912,,,-1
S1C21,32.86987654,-83.75830175,s,8/22/2018,2,Wednesday,12:44:54,incident_stopped,2018-08-22_12-44-54_incident_stopped_zone_nb-shoulder.jpg,nb,81404.9,-34.62822647,nb,shoulder,-1
N2C01,32.76613511,-83.71030216,n,8/22/2018,2,Wednesday,12:56:51,incident_stopped,2018-08-22_12-56-51_incident_stopped_zone_nb-shoulder.jpg,nb,81416.85,-72.97440738,nb,shoulder,-1
S1C27,32.89654773,-83.78351592,s,8/22/2018,2,Wednesday,13:00:48,incident_stopped,2018-08-22_13-00-48_incident_stopped_zone_nb-shoulder.jpg,nb,81420.8,-23.1858178,nb,shoulder,-1
N1C21,32.86981764,-83.75767111,n,8/22/2018,2,Wednesday,13:37:59,incident_stopped,2018-08-22_13-37-59_incident_stopped_zone_nb-shoulder.jpg,nb,81457.98333,-34.7310666,nb,shoulder,-1
N2C39,32.95177015,-83.81217745,n,8/22/2018,2,Wednesday,13:52:46,incident_stopped,2018-08-22_13-52-46_incident_stopped_zone_near-shoulder.jpg,nb,81472.76667,-2.4510298,near,shoulder,-1
N2C03,32.78071485,-83.71530658,n,8/22/2018,2,Wednesday,14:04:30,incident_stopped,2018-08-22_14-04-30_incident_stopped_zone_nb-shoulder.jpg,nb,81484.5,-67.78810628,nb,shoulder,-1
S3C03,32.78046082,-83.71590778,s,8/22/2018,2,Wednesday,14:04:36,incident_stopped,2018-08-22_14-04-36_incident_stopped_zone_nb-shoulder.jpg,nb,81484.6,-67.79477411,nb,shoulder,-1
N2C03,32.78071485,-83.71530658,n,8/22/2018,2,Wednesday,14:22:51,incident_congestion,2018-08-22_14-22-51_incident_congestion_zone_nb-lanes.jpg,nb,81502.85,-67.78810628,nb,lanes,-1
BIBB-CAM-033,32.89075559,-83.77887713,s,8/22/2018,2,Wednesday,14:50:49,incident_stopped,2018-08-22_14-50-49_incident_stopped_zone_nb-shoulder.jpg,nb,81530.81667,-25.54978527,nb,shoulder,-1
S1C12,32.82694969,-83.73158785,s,8/22/2018,2,Wednesday,14:53:06,incident_stopped,2018-08-22_14-53-06_incident_stopped_zone_nb-shoulder.jpg,nb,81533.1,-51.36261191,nb,shoulder,-1
BIBB-CAM-028,32.86504559,-83.75232959,n,8/22/2018,2,Wednesday,14:53:27,incident_stopped,2018-08-22_14-53-27_incident_stopped.jpg,nb,81533.45,-36.91653912,,,-1
N1C03,32.78071485,-83.71530658,n,8/22/2018,2,Wednesday,15:03:30,incident_stopped,2018-08-22_15-03-30_incident_stopped_zone_nb-shoulder.jpg,nb,81543.5,-67.78810628,nb,shoulder,-1
N2C26,32.88798194,-83.77607704,n,8/22/2018,2,Wednesday,15:14:09,incident_stopped,2018-08-22_15-14-09_incident_stopped_zone_nb-shoulder.jpg,nb,81554.15,-26.75233619,nb,shoulder,-1
S1C30,32.91200591,-83.79524157,s,8/22/2018,2,Wednesday,15:37:51,incident_stopped,2018-08-22_15-37-51_incident_stopped_zone_nb-shoulder.jpg,nb,81577.85,-17.00028257,nb,shoulder,-1
N1C25,32.88361771,-83.77234944,n,8/22/2018,2,Wednesday,16:15:44,incident_stopped,2018-08-22_16-15-44_incident_stopped_zone_ramp-shoulder.jpg,nb,81615.73333,-28.57124979,ramp,shoulder,-1
N2C03,32.78071485,-83.71530658,n,8/22/2018,2,Wednesday,17:55:31,incident_stopped,2018-08-22_17-55-31_incident_stopped_zone_nb-shoulder.jpg,nb,81715.51667,-67.78810628,nb,shoulder,-1
N1C33,32.92077604,-83.79943309,n,8/22/2018,2,Wednesday,18:02:56,incident_congestion,2018-08-22_18-02-56_incident_congestion_zone_nb-lanes.jpg,nb,81722.93333,-13.74452878,nb,lanes,-1
N2C26,32.88798194,-83.77607704,n,8/22/2018,2,Wednesday,18:31:29,incident_stopped,2018-08-22_18-31-29_incident_stopped_zone_nb-shoulder.jpg,nb,81751.48333,-26.75233619,nb,shoulder,-1
S1C17,32.84950348,-83.74113514,s,8/22/2018,2,Wednesday,19:02:23,incident_stopped,2018-08-22_19-02-23_incident_stopped_zone_nb-shoulder.jpg,nb,81782.38333,-43.18705025,nb,shoulder,-1
S1C21,32.86987654,-83.75830175,s,8/22/2018,2,Wednesday,19:39:38,incident_stopped,2018-08-22_19-39-38_incident_stopped_zone_nb-shoulder.jpg,nb,81819.63333,-34.62822647,nb,shoulder,-1
BIBB-CAM-030,32.86987654,-83.75830175,s,8/22/2018,2,Wednesday,19:48:11,incident_stopped,2018-08-22_19-48-11_incident_stopped_zone_far-shoulder.jpg,nb,81828.18333,-34.62822647,far,shoulder,-1
N1C20,32.86504559,-83.75232959,n,8/22/2018,2,Wednesday,19:56:16,incident_stopped,2018-08-22_19-56-16_incident_stopped_zone_nb-lanes.jpg,nb,81836.26667,-36.91653912,nb,lanes,-1
BIBB-CAM-018,32.79962746,-83.72080704,n,8/22/2018,2,Wednesday,21:41:34,incident_stopped,2018-08-22_21-41-34_incident_stopped_zone_nb-shoulder.jpg,nb,81941.56667,-61.20075294,nb,shoulder,-1
N2C03,32.78071485,-83.71530658,n,8/22/2018,2,Wednesday,22:50:56,incident_stopped,2018-08-22_22-50-56_incident_stopped_zone_nb-shoulder.jpg,nb,82010.93333,-67.78810628,nb,shoulder,-1
S1C16,32.84561646,-83.73933607,s,8/23/2018,3,Thursday,4:24:37,incident_stopped,2018-08-23_04-24-37_incident_stopped_zone_nb-shoulder.jpg,nb,82344.61667,-44.61500342,nb,shoulder,-1
N1C20,32.86504559,-83.75232959,n,8/23/2018,3,Thursday,7:33:15,incident_stopped,2018-08-23_07-33-15_incident_stopped_zone_nb-shoulder.jpg,nb,82533.25,-36.91653912,nb,shoulder,-1
N3C02,32.76990531,-83.71029631,n,8/23/2018,3,Thursday,7:35:02,incident_stopped,2018-08-23_07-35-02_incident_stopped_zone_nb-shoulder.jpg,nb,82535.03333,-71.78891913,nb,shoulder,-1
N2C33,32.92077604,-83.79943309,n,8/23/2018,3,Thursday,8:01:10,incident_stopped,2018-08-23_08-01-10_incident_stopped_zone_nb-shoulder.jpg,nb,82561.16667,-13.74452878,nb,shoulder,-1
S2C08,32.80622138,-83.72432815,s,8/23/2018,3,Thursday,8:10:43,incident_stopped,2018-08-23_08-10-43_incident_stopped_zone_nb-shoulder.jpg,nb,82570.71667,-58.705165,nb,shoulder,-1
N2C42,32.759892,-83.709757,n,8/23/2018,3,Thursday,8:34:05,incident_stopped,2018-08-23_08-34-05_incident_stopped_zone_nb-shoulder.jpg,nb,82594.08333,-75.01044884,nb,shoulder,-1
S2C23,32.8774369,-83.7665846,s,8/23/2018,3,Thursday,8:50:38,incident_stopped,2018-08-23_08-50-38_incident_stopped_zone_far-shoulder.jpg,nb,82610.63333,-31.21570867,far,shoulder,-1
N2C01,32.76613511,-83.71030216,n,8/23/2018,3,Thursday,9:01:22,incident_stopped,2018-08-23_09-01-22_incident_stopped_zone_nb-shoulder.jpg,nb,82621.36667,-72.97440738,nb,shoulder,-1
N1C01,32.76613511,-83.71030216,n,8/23/2018,3,Thursday,9:14:25,incident_stopped,2018-08-23_09-14-25_incident_stopped_zone_nb-shoulder.jpg,nb,82634.41667,-72.97440738,nb,shoulder,-1
N3C42,32.759892,-83.709757,n,8/23/2018,3,Thursday,9:14:38,incident_stopped,2018-08-23_09-14-38_incident_stopped_zone_nb-shoulder.jpg,nb,82634.63333,-75.01044884,nb,shoulder,-1
N1C20,32.86504559,-83.75232959,n,8/23/2018,3,Thursday,9:25:13,incident_stopped,2018-08-23_09-25-13_incident_stopped_zone_nb-shoulder.jpg,nb,82645.21667,-36.91653912,nb,shoulder,-1
N2C39,32.95177015,-83.81217745,n,8/23/2018,3,Thursday,10:24:40,incident_stopped,2018-08-23_10-24-40_incident_stopped_zone_near-shoulder.jpg,nb,82704.66667,-2.4510298,near,shoulder,-1
N2C03,32.78071485,-83.71530658,n,8/23/2018,3,Thursday,11:03:05,incident_stopped,2018-08-23_11-03-05_incident_stopped_zone_nb-shoulder.jpg,nb,82743.08333,-67.78810628,nb,shoulder,-1
S1C21,32.86987654,-83.75830175,s,8/23/2018,3,Thursday,11:14:27,incident_stopped,2018-08-23_11-14-27_incident_stopped_zone_nb-shoulder.jpg,nb,82754.45,-34.62822647,nb,shoulder,-1
S2C08,32.80622138,-83.72432815,s,8/23/2018,3,Thursday,11:33:18,incident_stopped,2018-08-23_11-33-18_incident_stopped_zone_nb-shoulder.jpg,nb,82773.3,-58.705165,nb,shoulder,-1
BIBB-CAM-023,32.82699902,-83.73109564,n,8/23/2018,3,Thursday,11:54:28,incident_stopped,2018-08-23_11-54-28_incident_stopped_zone_nb-shoulder.jpg,nb,82794.46667,-51.41367576,nb,shoulder,-1
BIBB-CAM-030,32.86987654,-83.75830175,s,8/23/2018,3,Thursday,12:22:34,incident_stopped,2018-08-23_12-22-34_incident_stopped_zone_far-shoulder.jpg,nb,82822.56667,-34.62822647,far,shoulder,-1
S1C21,32.86987654,-83.75830175,s,8/23/2018,3,Thursday,12:40:23,incident_stopped,2018-08-23_12-40-23_incident_stopped_zone_nb-shoulder.jpg,nb,82840.38333,-34.62822647,nb,shoulder,-1
N1C10,32.82260317,-83.73001566,n,8/23/2018,3,Thursday,12:52:43,incident_stopped,2018-08-23_12-52-43_incident_stopped_zone_nb-shoulder.jpg,nb,82852.71667,-52.90603101,nb,shoulder,-1
BIBB-CAM-038,32.93499248,-83.80738753,s,8/23/2018,3,Thursday,13:18:34,incident_stopped,2018-08-23_13-18-34_incident_stopped_zone_far-shoulder.jpg,nb,82878.56667,-8.404850441,far,shoulder,-1
N2C03,32.78071485,-83.71530658,n,8/23/2018,3,Thursday,13:40:14,incident_stopped,2018-08-23_13-40-14_incident_stopped_zone_nb-shoulder.jpg,nb,82900.23333,-67.78810628,nb,shoulder,-1
S3C23,32.8774369,-83.7665846,s,8/23/2018,3,Thursday,13:44:07,incident_stopped,2018-08-23_13-44-07_incident_stopped_zone_nb-shoulder.jpg,nb,82904.11667,-31.21570867,nb,shoulder,-1
N2C01,32.76613511,-83.71030216,n,8/23/2018,3,Thursday,13:52:07,incident_stopped,2018-08-23_13-52-07_incident_stopped_zone_nb-shoulder.jpg,nb,82912.11667,-72.97440738,nb,shoulder,-1
N1C17,32.84958885,-83.74065988,n,8/23/2018,3,Thursday,13:54:24,incident_stopped,2018-08-23_13-54-24_incident_stopped_zone_nb-shoulder.jpg,nb,82914.4,-43.22840936,nb,shoulder,-1
BIBB-CAM-024,32.8332442,-83.73284142,n,8/23/2018,3,Thursday,14:49:36,incident_stopped,2018-08-23_14-49-36_incident_stopped.jpg,nb,82969.6,-49.27056404,,,-1
BIBB-CAM-024,32.8332442,-83.73284142,n,8/23/2018,3,Thursday,14:53:03,incident_congestion,2018-08-23_14-53-03_incident_congestion_zone_nb-lanes.jpg,nb,82973.05,-49.27056404,nb,lanes,-1
BIBB-CAM-028,32.86504559,-83.75232959,n,8/23/2018,3,Thursday,14:55:20,incident_stopped,2018-08-23_14-55-20_incident_stopped.jpg,nb,82975.33333,-36.91653912,,,-1
BIBB-CAM-012,32.77593588,-83.71230837,n,8/23/2018,3,Thursday,15:23:45,incident_stopped,2018-08-23_15-23-45_incident_stopped_zone_nb-shoulder.jpg,nb,83003.75,-69.65221113,nb,shoulder,-1
N2C01,32.76613511,-83.71030216,n,8/23/2018,3,Thursday,15:25:16,incident_stopped,2018-08-23_15-25-16_incident_stopped_zone_nb-shoulder.jpg,nb,83005.26667,-72.97440738,nb,shoulder,-1
S2C17,32.84950348,-83.74113514,s,8/23/2018,3,Thursday,15:25:33,incident_stopped,2018-08-23_15-25-33_incident_stopped_zone_nb-shoulder.jpg,nb,83005.55,-43.18705025,nb,shoulder,-1
BIBB-CAM-019,32.80622138,-83.72432815,s,8/23/2018,3,Thursday,16:13:56,incident_stopped,2018-08-23_16-13-56_incident_stopped_zone_far-shoulder.jpg,nb,83053.93333,-58.705165,far,shoulder,-1
BIBB-CAM-024,32.8332442,-83.73284142,n,8/23/2018,3,Thursday,16:20:06,incident_stopped,2018-08-23_16-20-06_incident_stopped.jpg,nb,83060.1,-49.27056404,,,-1
N1C07,32.80647151,-83.72379194,n,8/23/2018,3,Thursday,16:26:14,incident_stopped,2018-08-23_16-26-14_incident_stopped_zone_ramp-shoulder.jpg,nb,83066.23333,-58.69634095,ramp,shoulder,-1
S2C04,32.78488999,-83.71869237,s,8/23/2018,3,Thursday,16:29:32,incident_stopped,2018-08-23_16-29-32_incident_stopped_zone_nb-shoulder.jpg,nb,83069.53333,-66.06682308,nb,shoulder,-1
N1C17,32.84958885,-83.74065988,n,8/23/2018,3,Thursday,16:31:15,incident_stopped,2018-08-23_16-31-15_incident_stopped_zone_nb-shoulder.jpg,nb,83071.25,-43.22840936,nb,shoulder,-1
BIBB-CAM-024,32.8332442,-83.73284142,n,8/23/2018,3,Thursday,16:46:13,incident_congestion,2018-08-23_16-46-13_incident_congestion_zone_nb-lanes.jpg,nb,83086.21667,-49.27056404,nb,lanes,-1
N1C25,32.88361771,-83.77234944,n,8/23/2018,3,Thursday,17:44:18,incident_stopped,2018-08-23_17-44-18_incident_stopped_zone_ramp-shoulder.jpg,nb,83144.3,-28.57124979,ramp,shoulder,-1
BIBB-CAM-024,32.8332442,-83.73284142,n,8/23/2018,3,Thursday,17:52:28,incident_stopped,2018-08-23_17-52-28_incident_stopped.jpg,nb,83152.46667,-49.27056404,,,-1
S3C03,32.78046082,-83.71590778,s,8/23/2018,3,Thursday,17:57:51,incident_stopped,2018-08-23_17-57-51_incident_stopped_zone_nb-shoulder.jpg,nb,83157.85,-67.79477411,nb,shoulder,-1
N2C03,32.78071485,-83.71530658,n,8/23/2018,3,Thursday,17:57:51,incident_stopped,2018-08-23_17-57-51_incident_stopped_zone_nb-shoulder.jpg,nb,83157.85,-67.78810628,nb,shoulder,-1
N2C01,32.76613511,-83.71030216,n,8/23/2018,3,Thursday,18:13:36,incident_stopped,2018-08-23_18-13-36_incident_stopped_zone_nb-shoulder.jpg,nb,83173.6,-72.97440738,nb,shoulder,-1
N2C41,32.7558,-83.709193,n,8/23/2018,3,Thursday,18:59:38,incident_stopped,2018-08-23_18-59-38_incident_stopped_zone_near-shoulder.jpg,nb,83219.63333,-76.37247586,near,shoulder,-1
S1C09,32.81017134,-83.72613824,s,8/23/2018,3,Thursday,19:28:28,incident_stopped,2018-08-23_19-28-28_incident_stopped_zone_nb-shoulder.jpg,nb,83248.46667,-57.24864799,nb,shoulder,-1
N2C30,32.90369996,-83.788703,n,8/23/2018,3,Thursday,19:35:31,incident_stopped,2018-08-23_19-35-31_incident_stopped_zone_nb-shoulder.jpg,nb,83255.51667,-20.33695357,nb,shoulder,-1
N1C20,32.86504559,-83.75232959,n,8/23/2018,3,Thursday,19:39:42,incident_stopped,2018-08-23_19-39-42_incident_stopped_zone_nb-shoulder.jpg,nb,83259.7,-36.91653912,nb,shoulder,-1
N2C01,32.76613511,-83.71030216,n,8/23/2018,3,Thursday,22:48:42,incident_stopped,2018-08-23_22-48-42_incident_stopped_zone_nb-shoulder.jpg,nb,83448.7,-72.97440738,nb,shoulder,-1
S1C20,32.86504559,-83.75232959,s,8/23/2018,3,Thursday,23:43:39,incident_stopped,2018-08-23_23-43-39_incident_stopped_zone_far-shoulder.jpg,nb,83503.65,-36.91653912,far,shoulder,-1
N2C33,32.92077604,-83.79943309,n,8/24/2018,4,Friday,1:19:26,incident_stopped,2018-08-24_01-19-26_incident_stopped_zone_nb-shoulder.jpg,nb,83599.43333,-13.74452878,nb,shoulder,-1
S2C17,32.84950348,-83.74113514,s,8/24/2018,4,Friday,2:28:08,incident_stopped,2018-08-24_02-28-08_incident_stopped_zone_nb-shoulder.jpg,nb,83668.13333,-43.18705025,nb,shoulder,-1
N2C17,32.84958885,-83.74065988,n,8/24/2018,4,Friday,2:28:10,incident_stopped,2018-08-24_02-28-10_incident_stopped_zone_nb-shoulder.jpg,nb,83668.16667,-43.22840936,nb,shoulder,-1
BIBB-CAM-023,32.82699902,-83.73109564,n,8/24/2018,4,Friday,2:35:35,incident_stopped,2018-08-24_02-35-35_incident_stopped_zone_nb-shoulder.jpg,nb,83675.58333,-51.41367576,nb,shoulder,-1
BIBB-CAM-027,32.85953942,-83.7465392,n,8/24/2018,4,Friday,3:16:31,incident_stopped,2018-08-24_03-16-31_incident_stopped.jpg,nb,83716.51667,-39.39570165,,,-1
N2C33,32.92077604,-83.79943309,n,8/24/2018,4,Friday,5:11:24,incident_stopped,2018-08-24_05-11-24_incident_stopped_zone_nb-shoulder.jpg,nb,83831.4,-13.74452878,nb,shoulder,-1
N2C01,32.76613511,-83.71030216,n,8/24/2018,4,Friday,5:26:50,incident_stopped,2018-08-24_05-26-50_incident_stopped_zone_nb-shoulder.jpg,nb,83846.83333,-72.97440738,nb,shoulder,-1
BIBB-CAM-030,32.86987654,-83.75830175,s,8/24/2018,4,Friday,7:39:39,incident_stopped,2018-08-24_07-39-39_incident_stopped_zone_far-shoulder.jpg,nb,83979.65,-34.62822647,far,shoulder,-1
N2C03,32.78071485,-83.71530658,n,8/24/2018,4,Friday,7:41:48,incident_stopped,2018-08-24_07-41-48_incident_stopped_zone_nb-shoulder.jpg,nb,83981.8,-67.78810628,nb,shoulder,-1
BIBB-CAM-024,32.8332442,-83.73284142,n,8/24/2018,4,Friday,8:09:13,incident_stopped,2018-08-24_08-09-13_incident_stopped.jpg,nb,84009.21667,-49.27056404,,,-1
S2C09,32.81017134,-83.72613824,s,8/24/2018,4,Friday,8:47:52,incident_stopped,2018-08-24_08-47-52_incident_stopped_zone_nb-shoulder.jpg,nb,84047.86667,-57.24864799,nb,shoulder,-1
N2C26,32.88798194,-83.77607704,n,8/24/2018,4,Friday,9:05:42,incident_stopped,2018-08-24_09-05-42_incident_stopped_zone_nb-shoulder.jpg,nb,84065.7,-26.75233619,nb,shoulder,-1
N2C08,32.81331958,-83.72706597,n,8/24/2018,4,Friday,9:10:07,incident_stopped,2018-08-24_09-10-07_incident_stopped_zone_nb-shoulder.jpg,nb,84070.11667,-56.15448649,nb,shoulder,-1
N2C03,32.78071485,-83.71530658,n,8/24/2018,4,Friday,9:15:11,incident_stopped,2018-08-24_09-15-11_incident_stopped_zone_nb-shoulder.jpg,nb,84075.18333,-67.78810628,nb,shoulder,-1
BIBB-CAM-024,32.8332442,-83.73284142,n,8/24/2018,4,Friday,9:39:48,incident_stopped,2018-08-24_09-39-48_incident_stopped.jpg,nb,84099.8,-49.27056404,,,-1
N1C16,32.84577945,-83.73888874,n,8/24/2018,4,Friday,9:42:00,incident_stopped,2018-08-24_09-42-00_incident_stopped_zone_near-shoulder.jpg,nb,84102,-44.6283787,near,shoulder,-1
N1C21,32.86981764,-83.75767111,n,8/24/2018,4,Friday,9:45:51,incident_stopped,2018-08-24_09-45-51_incident_stopped_zone_nb-shoulder.jpg,nb,84105.85,-34.7310666,nb,shoulder,-1
N2C33,32.92077604,-83.79943309,n,8/24/2018,4,Friday,9:50:47,incident_stopped,2018-08-24_09-50-47_incident_stopped_zone_nb-shoulder.jpg,nb,84110.78333,-13.74452878,nb,shoulder,-1
S2C24,32.87958032,-83.76886573,s,8/24/2018,4,Friday,10:36:49,incident_stopped,2018-08-24_10-36-49_incident_stopped_zone_nb-shoulder.jpg,nb,84156.81667,-30.26227087,nb,shoulder,-1
S1C21,32.86987654,-83.75830175,s,8/24/2018,4,Friday,11:08:58,incident_stopped,2018-08-24_11-08-58_incident_stopped_zone_nb-shoulder.jpg,nb,84188.96667,-34.62822647,nb,shoulder,-1
BIBB-CAM-024,32.8332442,-83.73284142,n,8/24/2018,4,Friday,11:10:47,incident_stopped,2018-08-24_11-10-47_incident_stopped.jpg,nb,84190.78333,-49.27056404,,,-1
S1C16,32.84561646,-83.73933607,s,8/24/2018,4,Friday,11:33:27,incident_stopped,2018-08-24_11-33-27_incident_stopped_zone_nb-shoulder.jpg,nb,84213.45,-44.61500342,nb,shoulder,-1
S2C18,32.85465632,-83.74348346,s,8/24/2018,4,Friday,11:45:02,incident_stopped,2018-08-24_11-45-02_incident_stopped_zone_nb-shoulder.jpg,nb,84225.03333,-41.30069476,nb,shoulder,-1
BIBB-CAM-027,32.85953942,-83.7465392,n,8/24/2018,4,Friday,12:01:14,incident_stopped,2018-08-24_12-01-14_incident_stopped_zone_nb-shoulder.jpg,nb,84241.23333,-39.39570165,nb,shoulder,-1
S2C19,32.85919079,-83.74676747,s,8/24/2018,4,Friday,12:01:20,incident_stopped,2018-08-24_12-01-20_incident_stopped_zone_nb-shoulder.jpg,nb,84241.33333,-39.46810985,nb,shoulder,-1
N1C23,32.87756847,-83.76599732,n,8/24/2018,4,Friday,12:08:25,incident_stopped,2018-08-24_12-08-25_incident_stopped_zone_nb-shoulder.jpg,nb,84248.41667,-31.24939169,nb,shoulder,-1
BIBB-CAM-028,32.86504559,-83.75232959,n,8/24/2018,4,Friday,12:08:46,incident_stopped,2018-08-24_12-08-46_incident_stopped_zone_nb-shoulder.jpg,nb,84248.76667,-36.91653912,nb,shoulder,-1
BIBB-CAM-032,32.88240434,-83.7719413,s,8/24/2018,4,Friday,12:11:58,incident_stopped,2018-08-24_12-11-58_incident_stopped_zone_nb-shoulder.jpg,nb,84251.96667,-29.00171497,nb,shoulder,-1
BIBB-CAM-024,32.8332442,-83.73284142,n,8/24/2018,4,Friday,12:45:52,incident_stopped,2018-08-24_12-45-52_incident_stopped.jpg,nb,84285.86667,-49.27056404,,,-1
N1C21,32.86981764,-83.75767111,n,8/24/2018,4,Friday,12:48:23,incident_stopped,2018-08-24_12-48-23_incident_stopped_zone_nb-shoulder.jpg,nb,84288.38333,-34.7310666,nb,shoulder,-1
N1C14,32.83648848,-83.73452853,n,8/24/2018,4,Friday,14:01:50,incident_stopped,2018-08-24_14-01-50_incident_stopped_zone_ramp-shoulder.jpg,nb,84361.83333,-48.05166032,ramp,shoulder,-1
N2C14,32.83648848,-83.73452853,n,8/24/2018,4,Friday,14:01:53,incident_stopped,2018-08-24_14-01-53_incident_stopped_zone_nb-shoulder.jpg,nb,84361.88333,-48.05166032,nb,shoulder,-1
N2C40,32.751099,-83.713281,n,8/24/2018,4,Friday,14:22:09,incident_stopped,2018-08-24_14-22-09_incident_stopped_zone_near-shoulder.jpg,nb,84382.15,-77.41345723,near,shoulder,-1
BIBB-CAM-024,32.8332442,-83.73284142,n,8/24/2018,4,Friday,14:24:10,incident_stopped,2018-08-24_14-24-10_incident_stopped.jpg,nb,84384.16667,-49.27056404,,,-1
BIBB-CAM-024,32.8332442,-83.73284142,n,8/24/2018,4,Friday,14:24:41,incident_congestion,2018-08-24_14-24-41_incident_congestion_zone_nb-lanes.jpg,nb,84384.68333,-49.27056404,nb,lanes,-1
S1C21,32.86987654,-83.75830175,s,8/24/2018,4,Friday,14:39:40,incident_stopped,2018-08-24_14-39-40_incident_stopped_zone_nb-shoulder.jpg,nb,84399.66667,-34.62822647,nb,shoulder,-1
BIBB-CAM-030,32.86987654,-83.75830175,s,8/24/2018,4,Friday,14:48:38,incident_stopped,2018-08-24_14-48-38_incident_stopped_zone_far-shoulder.jpg,nb,84408.63333,-34.62822647,far,shoulder,-1
N1C40,32.751099,-83.713281,n,8/24/2018,4,Friday,15:04:05,incident_stopped,2018-08-24_15-04-05_incident_stopped_zone_nb-shoulder.jpg,nb,84424.08333,-77.41345723,nb,shoulder,-1
BIBB-CAM-023,32.82699902,-83.73109564,n,8/24/2018,4,Friday,15:21:18,incident_stopped,2018-08-24_15-21-18_incident_stopped_zone_nb-shoulder.jpg,nb,84441.3,-51.41367576,nb,shoulder,-1
N2C33,32.92077604,-83.79943309,n,8/24/2018,4,Friday,15:30:27,incident_stopped,2018-08-24_15-30-27_incident_stopped_zone_nb-shoulder.jpg,nb,84450.45,-13.74452878,nb,shoulder,-1
BIBB-CAM-026,32.84958885,-83.74065988,n,8/24/2018,4,Friday,15:37:30,incident_stopped,2018-08-24_15-37-30_incident_stopped_zone_nb-shoulder.jpg,nb,84457.5,-43.22840936,nb,shoulder,-1
S1C20,32.86504559,-83.75232959,s,8/24/2018,4,Friday,15:57:19,incident_stopped,2018-08-24_15-57-19_incident_stopped_zone_far-lanes.jpg,nb,84477.31667,-36.91653912,far,lanes,-1
BIBB-CAM-024,32.8332442,-83.73284142,n,8/24/2018,4,Friday,16:05:25,incident_stopped,2018-08-24_16-05-25_incident_stopped.jpg,nb,84485.41667,-49.27056404,,,-1
N2C03,32.78071485,-83.71530658,n,8/24/2018,4,Friday,16:14:35,incident_stopped,2018-08-24_16-14-35_incident_stopped_zone_nb-shoulder.jpg,nb,84494.58333,-67.78810628,nb,shoulder,-1
N2C40,32.751099,-83.713281,n,8/24/2018,4,Friday,16:37:42,incident_stopped,2018-08-24_16-37-42_incident_stopped_zone_near-shoulder.jpg,nb,84517.7,-77.41345723,near,shoulder,-1
N1C40,32.751099,-83.713281,n,8/24/2018,4,Friday,16:40:34,incident_stopped,2018-08-24_16-40-34_incident_stopped_zone_nb-shoulder.jpg,nb,84520.56667,-77.41345723,nb,shoulder,-1
N1C01,32.76613511,-83.71030216,n,8/24/2018,4,Friday,17:18:47,incident_stopped,2018-08-24_17-18-47_incident_stopped_zone_nb-shoulder.jpg,nb,84558.78333,-72.97440738,nb,shoulder,-1
N2C01,32.76613511,-83.71030216,n,8/24/2018,4,Friday,17:18:47,incident_stopped,2018-08-24_17-18-47_incident_stopped_zone_nb-shoulder.jpg,nb,84558.78333,-72.97440738,nb,shoulder,-1
N2C39,32.95177015,-83.81217745,n,8/24/2018,4,Friday,17:33:32,incident_slow,2018-08-24_17-33-32_incident_slow_zone_near-lanes.jpg,nb,84573.53333,-2.4510298,near,lanes,1
S2C38,32.95157525,-83.81265346,s,8/24/2018,4,Friday,17:33:55,incident_congestion,2018-08-24_17-33-55_incident_congestion_zone_north-lanes.jpg,nb,84573.91667,-2.501382112,north,lanes,1
S2C38,32.95157525,-83.81265346,s,8/24/2018,4,Friday,17:34:33,incident_slow,2018-08-24_17-34-33_incident_slow_zone_north-lanes.jpg,nb,84574.55,-2.501382112,north,lanes,1
N2C38,32.94876151,-83.81228301,n,8/24/2018,4,Friday,17:38:07,incident_congestion,2018-08-24_17-38-07_incident_congestion_zone_nb-lanes.jpg,nb,84578.11667,-3.479229064,nb,lanes,1
N2C39,32.95177015,-83.81217745,n,8/24/2018,4,Friday,17:39:47,incident_stopped,2018-08-24_17-39-47_incident_stopped_zone_near-lanes.jpg,nb,84579.78333,-2.4510298,near,lanes,1
S2C38,32.95157525,-83.81265346,s,8/24/2018,4,Friday,17:39:58,incident_stopped,2018-08-24_17-39-58_incident_stopped_zone_north-shoulder.jpg,nb,84579.96667,-2.501382112,north,shoulder,1
N3C38,32.94876151,-83.81228301,n,8/24/2018,4,Friday,17:40:25,incident_congestion,2018-08-24_17-40-25_incident_congestion_zone_nb-lanes.jpg,nb,84580.41667,-3.479229064,nb,lanes,1
N2C39,32.95177015,-83.81217745,n,8/24/2018,4,Friday,17:41:18,incident_congestion,2018-08-24_17-41-18_incident_congestion_zone_near-lanes.jpg,nb,84581.3,-2.4510298,near,lanes,1
N2C38,32.94876151,-83.81228301,n,8/24/2018,4,Friday,17:43:33,incident_slow,2018-08-24_17-43-33_incident_slow_zone_nb-lanes.jpg,nb,84583.55,-3.479229064,nb,lanes,-1
N3C38,32.94876151,-83.81228301,n,8/24/2018,4,Friday,17:44:32,incident_slow,2018-08-24_17-44-32_incident_slow_zone_nb-lanes.jpg,nb,84584.53333,-3.479229064,nb,lanes,-1
BIBB-CAM-024,32.8332442,-83.73284142,n,8/24/2018,4,Friday,17:55:06,incident_stopped,2018-08-24_17-55-06_incident_stopped.jpg,nb,84595.1,-49.27056404,,,-1
BIBB-CAM-024,32.8332442,-83.73284142,n,8/24/2018,4,Friday,18:08:36,incident_congestion,2018-08-24_18-08-36_incident_congestion_zone_nb-lanes.jpg,nb,84608.6,-49.27056404,nb,lanes,-1
N1C20,32.86504559,-83.75232959,n,8/24/2018,4,Friday,18:24:01,incident_stopped,2018-08-24_18-24-01_incident_stopped_zone_nb-shoulder.jpg,nb,84624.01667,-36.91653912,nb,shoulder,-1
N1C03,32.78071485,-83.71530658,n,8/24/2018,4,Friday,18:27:10,incident_stopped,2018-08-24_18-27-10_incident_stopped_zone_nb-shoulder.jpg,nb,84627.16667,-67.78810628,nb,shoulder,-1
N2C01,32.76613511,-83.71030216,n,8/24/2018,4,Friday,19:02:24,incident_stopped,2018-08-24_19-02-24_incident_stopped_zone_nb-shoulder.jpg,nb,84662.4,-72.97440738,nb,shoulder,-1
S1C21,32.86987654,-83.75830175,s,8/24/2018,4,Friday,19:09:10,incident_stopped,2018-08-24_19-09-10_incident_stopped_zone_nb-shoulder.jpg,nb,84669.16667,-34.62822647,nb,shoulder,-1
N2C30,32.90369996,-83.788703,n,8/24/2018,4,Friday,20:24:47,incident_stopped,2018-08-24_20-24-47_incident_stopped_zone_nb-shoulder.jpg,nb,84744.78333,-20.33695357,nb,shoulder,-1
BIBB-CAM-024,32.8332442,-83.73284142,n,8/24/2018,4,Friday,23:20:40,incident_stopped,2018-08-24_23-20-40_incident_stopped.jpg,nb,84920.66667,-49.27056404,,,-1
N1C21,32.86981764,-83.75767111,n,8/24/2018,4,Friday,23:26:49,incident_stopped,2018-08-24_23-26-49_incident_stopped_zone_nb-shoulder.jpg,nb,84926.81667,-34.7310666,nb,shoulder,-1
N1C25,32.88361771,-83.77234944,n,8/25/2018,5,Saturday,0:27:01,incident_stopped,2018-08-25_00-27-01_incident_stopped_zone_ramp-shoulder.jpg,nb,84987.01667,-28.57124979,ramp,shoulder,-1
N2C25,32.88361771,-83.77234944,n,8/25/2018,5,Saturday,0:27:02,incident_stopped,2018-08-25_00-27-02_incident_stopped_zone_nb-shoulder.jpg,nb,84987.03333,-28.57124979,nb,shoulder,-1
N1C16,32.84577945,-83.73888874,n,8/25/2018,5,Saturday,1:43:09,incident_stopped,2018-08-25_01-43-09_incident_stopped_zone_near-shoulder.jpg,nb,85063.15,-44.6283787,near,shoulder,-1
S1C16,32.84561646,-83.73933607,s,8/25/2018,5,Saturday,1:43:11,incident_stopped,2018-08-25_01-43-11_incident_stopped_zone_nb-shoulder.jpg,nb,85063.18333,-44.61500342,nb,shoulder,-1
S1C28,32.90013203,-83.7863588,s,8/25/2018,5,Saturday,4:47:43,incident_stopped,2018-08-25_04-47-43_incident_stopped_zone_nb-shoulder.jpg,nb,85247.71667,-21.73107036,nb,shoulder,-1
N2C01,32.76613511,-83.71030216,n,8/25/2018,5,Saturday,5:02:47,incident_stopped,2018-08-25_05-02-47_incident_stopped_zone_nb-shoulder.jpg,nb,85262.78333,-72.97440738,nb,shoulder,-1
BIBB-CAM-024,32.8332442,-83.73284142,n,8/25/2018,5,Saturday,5:53:58,incident_stopped,2018-08-25_05-53-58_incident_stopped.jpg,nb,85313.96667,-49.27056404,,,-1
S2C17,32.84950348,-83.74113514,s,8/25/2018,5,Saturday,6:00:55,incident_stopped,2018-08-25_06-00-55_incident_stopped_zone_nb-shoulder.jpg,nb,85320.91667,-43.18705025,nb,shoulder,-1
N1C21,32.86981764,-83.75767111,n,8/25/2018,5,Saturday,7:23:10,incident_stopped,2018-08-25_07-23-10_incident_stopped_zone_nb-shoulder.jpg,nb,85403.16667,-34.7310666,nb,shoulder,-1
BIBB-CAM-024,32.8332442,-83.73284142,n,8/25/2018,5,Saturday,7:47:41,incident_stopped,2018-08-25_07-47-41_incident_stopped.jpg,nb,85427.68333,-49.27056404,,,-1
N1C16,32.84577945,-83.73888874,n,8/25/2018,5,Saturday,7:48:13,incident_stopped,2018-08-25_07-48-13_incident_stopped_zone_near-shoulder.jpg,nb,85428.21667,-44.6283787,near,shoulder,-1
N2C01,32.76613511,-83.71030216,n,8/25/2018,5,Saturday,8:45:58,incident_stopped,2018-08-25_08-45-58_incident_stopped_zone_nb-shoulder.jpg,nb,85485.96667,-72.97440738,nb,shoulder,-1
BIBB-CAM-018,32.79962746,-83.72080704,n,8/25/2018,5,Saturday,8:46:11,incident_stopped,2018-08-25_08-46-11_incident_stopped.jpg,nb,85486.18333,-61.20075294,,,-1
N1C11,32.82699902,-83.73109564,n,8/25/2018,5,Saturday,8:59:00,incident_stopped,2018-08-25_08-59-00_incident_stopped_zone_nb-shoulder.jpg,nb,85499,-51.41367576,nb,shoulder,-1
N2C11,32.82699902,-83.73109564,n,8/25/2018,5,Saturday,8:59:00,incident_stopped,2018-08-25_08-59-00_incident_stopped_zone_near-shoulder.jpg,nb,85499,-51.41367576,near,shoulder,-1
N2C17,32.84958885,-83.74065988,n,8/25/2018,5,Saturday,9:21:43,incident_stopped,2018-08-25_09-21-43_incident_stopped_zone_nb-shoulder.jpg,nb,85521.71667,-43.22840936,nb,shoulder,-1
BIBB-CAM-024,32.8332442,-83.73284142,n,8/25/2018,5,Saturday,9:34:02,incident_stopped,2018-08-25_09-34-02_incident_stopped.jpg,nb,85534.03333,-49.27056404,,,-1
N3C02,32.76990531,-83.71029631,n,8/25/2018,5,Saturday,9:53:05,incident_stopped,2018-08-25_09-53-05_incident_stopped_zone_nb-shoulder.jpg,nb,85553.08333,-71.78891913,nb,shoulder,-1
S1C21,32.86987654,-83.75830175,s,8/25/2018,5,Saturday,9:53:44,incident_stopped,2018-08-25_09-53-44_incident_stopped_zone_nb-shoulder.jpg,nb,85553.73333,-34.62822647,nb,shoulder,-1
N1C16,32.84577945,-83.73888874,n,8/25/2018,5,Saturday,10:03:48,incident_stopped,2018-08-25_10-03-48_incident_stopped_zone_near-shoulder.jpg,nb,85563.8,-44.6283787,near,shoulder,-1
S1C16,32.84561646,-83.73933607,s,8/25/2018,5,Saturday,10:24:53,incident_stopped,2018-08-25_10-24-53_incident_stopped_zone_nb-shoulder.jpg,nb,85584.88333,-44.61500342,nb,shoulder,-1
S1C09,32.81017134,-83.72613824,s,8/25/2018,5,Saturday,10:34:35,incident_stopped,2018-08-25_10-34-35_incident_stopped_zone_nb-shoulder.jpg,nb,85594.58333,-57.24864799,nb,shoulder,-1
S2C24,32.87958032,-83.76886573,s,8/25/2018,5,Saturday,10:54:31,incident_stopped,2018-08-25_10-54-31_incident_stopped_zone_nb-shoulder.jpg,nb,85614.51667,-30.26227087,nb,shoulder,-1
N2C01,32.76613511,-83.71030216,n,8/25/2018,5,Saturday,11:10:14,incident_stopped,2018-08-25_11-10-14_incident_stopped_zone_nb-shoulder.jpg,nb,85630.23333,-72.97440738,nb,shoulder,-1
S2C12,32.82694969,-83.73158785,s,8/25/2018,5,Saturday,11:12:46,incident_stopped,2018-08-25_11-12-46_incident_stopped_zone_nb-shoulder.jpg,nb,85632.76667,-51.36261191,nb,shoulder,-1
S2C11,32.82254015,-83.73046915,s,8/25/2018,5,Saturday,11:22:18,incident_stopped,2018-08-25_11-22-18_incident_stopped_zone_far-shoulder.jpg,nb,85642.3,-52.86537408,far,shoulder,-1
N2C11,32.82699902,-83.73109564,n,8/25/2018,5,Saturday,11:22:27,incident_stopped,2018-08-25_11-22-27_incident_stopped_zone_near-shoulder.jpg,nb,85642.45,-51.41367576,near,shoulder,-1
BIBB-CAM-024,32.8332442,-83.73284142,n,8/25/2018,5,Saturday,11:28:06,incident_stopped,2018-08-25_11-28-06_incident_stopped.jpg,nb,85648.1,-49.27056404,,,-1
N2C40,32.751099,-83.713281,n,8/25/2018,5,Saturday,12:13:36,incident_stopped,2018-08-25_12-13-36_incident_stopped_zone_near-shoulder.jpg,nb,85693.6,-77.41345723,near,shoulder,-1
N1C09,32.81772219,-83.72879532,n,8/25/2018,5,Saturday,12:21:16,incident_stopped,2018-08-25_12-21-16_incident_stopped_zone_nb-lanes.jpg,nb,85701.26667,-54.56967025,nb,lanes,-1
S1C18,32.85465632,-83.74348346,s,8/25/2018,5,Saturday,12:24:08,incident_stopped,2018-08-25_12-24-08_incident_stopped_zone_nb-lanes.jpg,nb,85704.13333,-41.30069476,nb,lanes,-1
BIBB-CAM-028,32.86504559,-83.75232959,n,8/25/2018,5,Saturday,12:34:20,incident_stopped,2018-08-25_12-34-20_incident_stopped_zone_nb-shoulder.jpg,nb,85714.33333,-36.91653912,nb,shoulder,-1
N1C07,32.80647151,-83.72379194,n,8/25/2018,5,Saturday,12:39:15,incident_stopped,2018-08-25_12-39-15_incident_stopped_zone_ramp-shoulder.jpg,nb,85719.25,-58.69634095,ramp,shoulder,-1
S1C21,32.86987654,-83.75830175,s,8/25/2018,5,Saturday,12:53:33,incident_stopped,2018-08-25_12-53-33_incident_stopped_zone_nb-shoulder.jpg,nb,85733.55,-34.62822647,nb,shoulder,-1
N1C14,32.83648848,-83.73452853,n,8/25/2018,5,Saturday,12:57:10,incident_stopped,2018-08-25_12-57-10_incident_stopped_zone_ramp-shoulder.jpg,nb,85737.16667,-48.05166032,ramp,shoulder,-1
S2C38,32.95157525,-83.81265346,s,8/25/2018,5,Saturday,13:11:50,incident_stopped,2018-08-25_13-11-50_incident_stopped_zone_north-shoulder.jpg,nb,85751.83333,-2.501382112,north,shoulder,-1
BIBB-CAM-030,32.86987654,-83.75830175,s,8/25/2018,5,Saturday,13:23:37,incident_stopped,2018-08-25_13-23-37_incident_stopped_zone_far-shoulder.jpg,nb,85763.61667,-34.62822647,far,shoulder,-1
N3C02,32.76990531,-83.71029631,n,8/25/2018,5,Saturday,13:51:04,incident_stopped,2018-08-25_13-51-04_incident_stopped_zone_nb-shoulder.jpg,nb,85791.06667,-71.78891913,nb,shoulder,-1
S2C33,32.92513731,-83.80220611,s,8/25/2018,5,Saturday,14:17:35,incident_stopped,2018-08-25_14-17-35_incident_stopped_zone_nb-shoulder.jpg,nb,85817.58333,-12.07189332,nb,shoulder,-1
N2C03,32.78071485,-83.71530658,n,8/25/2018,5,Saturday,14:41:09,incident_stopped,2018-08-25_14-41-09_incident_stopped_zone_nb-shoulder.jpg,nb,85841.15,-67.78810628,nb,shoulder,-1
N2C01,32.76613511,-83.71030216,n,8/25/2018,5,Saturday,14:52:04,incident_stopped,2018-08-25_14-52-04_incident_stopped_zone_nb-shoulder.jpg,nb,85852.06667,-72.97440738,nb,shoulder,-1
BIBB-CAM-024,32.8332442,-83.73284142,n,8/25/2018,5,Saturday,15:21:10,incident_stopped,2018-08-25_15-21-10_incident_stopped.jpg,nb,85881.16667,-49.27056404,,,-1
S1C30,32.91200591,-83.79524157,s,8/25/2018,5,Saturday,15:43:08,incident_stopped,2018-08-25_15-43-08_incident_stopped_zone_nb-shoulder.jpg,nb,85903.13333,-17.00028257,nb,shoulder,-1
N1C03,32.78071485,-83.71530658,n,8/25/2018,5,Saturday,16:18:17,incident_stopped,2018-08-25_16-18-17_incident_stopped_zone_nb-shoulder.jpg,nb,85938.28333,-67.78810628,nb,shoulder,-1
N1C25,32.88361771,-83.77234944,n,8/25/2018,5,Saturday,16:29:37,incident_stopped,2018-08-25_16-29-37_incident_stopped_zone_ramp-shoulder.jpg,nb,85949.61667,-28.57124979,ramp,shoulder,-1
N2C33,32.92077604,-83.79943309,n,8/25/2018,5,Saturday,16:49:14,incident_stopped,2018-08-25_16-49-14_incident_stopped_zone_nb-shoulder.jpg,nb,85969.23333,-13.74452878,nb,shoulder,-1
BIBB-CAM-024,32.8332442,-83.73284142,n,8/25/2018,5,Saturday,16:57:33,incident_stopped,2018-08-25_16-57-33_incident_stopped.jpg,nb,85977.55,-49.27056404,,,-1
N1C07,32.80647151,-83.72379194,n,8/25/2018,5,Saturday,17:04:13,incident_stopped,2018-08-25_17-04-13_incident_stopped_zone_ramp-shoulder.jpg,nb,85984.21667,-58.69634095,ramp,shoulder,-1
N2C01,32.76613511,-83.71030216,n,8/25/2018,5,Saturday,17:05:22,incident_stopped,2018-08-25_17-05-22_incident_stopped_zone_nb-shoulder.jpg,nb,85985.36667,-72.97440738,nb,shoulder,-1
N1C14,32.83648848,-83.73452853,n,8/25/2018,5,Saturday,17:27:21,incident_stopped,2018-08-25_17-27-21_incident_stopped_zone_ramp-shoulder.jpg,nb,86007.35,-48.05166032,ramp,shoulder,-1
N1C20,32.86504559,-83.75232959,n,8/25/2018,5,Saturday,17:42:39,incident_stopped,2018-08-25_17-42-39_incident_stopped_zone_nb-shoulder.jpg,nb,86022.65,-36.91653912,nb,shoulder,-1
S2C18,32.85465632,-83.74348346,s,8/25/2018,5,Saturday,17:44:53,incident_stopped,2018-08-25_17-44-53_incident_stopped_zone_nb-shoulder.jpg,nb,86024.88333,-41.30069476,nb,shoulder,-1
N2C03,32.78071485,-83.71530658,n,8/25/2018,5,Saturday,17:48:30,incident_stopped,2018-08-25_17-48-30_incident_stopped_zone_nb-shoulder.jpg,nb,86028.5,-67.78810628,nb,shoulder,-1
S2C17,32.84950348,-83.74113514,s,8/25/2018,5,Saturday,17:57:40,incident_stopped,2018-08-25_17-57-40_incident_stopped_zone_nb-shoulder.jpg,nb,86037.66667,-43.18705025,nb,shoulder,-1
N1C12,32.83181185,-83.73251121,n,8/25/2018,5,Saturday,18:13:19,incident_stopped,2018-08-25_18-13-19_incident_stopped_zone_ramp-lanes.jpg,nb,86053.31667,-49.75191444,ramp,lanes,-1
BIBB-CAM-024,32.8332442,-83.73284142,n,8/25/2018,5,Saturday,18:45:21,incident_stopped,2018-08-25_18-45-21_incident_stopped.jpg,nb,86085.35,-49.27056404,,,-1
N3C02,32.76990531,-83.71029631,n,8/25/2018,5,Saturday,18:52:02,incident_stopped,2018-08-25_18-52-02_incident_stopped_zone_nb-shoulder.jpg,nb,86092.03333,-71.78891913,nb,shoulder,-1
BIBB-CAM-028,32.86504559,-83.75232959,n,8/25/2018,5,Saturday,20:24:00,incident_stopped,2018-08-25_20-24-00_incident_stopped_zone_nb-shoulder.jpg,nb,86184,-36.91653912,nb,shoulder,-1
BIBB-CAM-024,32.8332442,-83.73284142,n,8/25/2018,5,Saturday,21:31:44,incident_stopped,2018-08-25_21-31-44_incident_stopped.jpg,nb,86251.73333,-49.27056404,,,-1
N1C21,32.86981764,-83.75767111,n,8/25/2018,5,Saturday,22:14:08,incident_stopped,2018-08-25_22-14-08_incident_stopped_zone_nb-shoulder.jpg,nb,86294.13333,-34.7310666,nb,shoulder,-1
BIBB-CAM-024,32.8332442,-83.73284142,n,8/25/2018,5,Saturday,23:33:24,incident_stopped,2018-08-25_23-33-24_incident_stopped.jpg,nb,86373.4,-49.27056404,,,-1
N1C03,32.78071485,-83.71530658,n,8/25/2018,5,Saturday,23:38:59,incident_stopped,2018-08-25_23-38-59_incident_stopped_zone_nb-shoulder.jpg,nb,86378.98333,-67.78810628,nb,shoulder,-1
S1C21,32.86987654,-83.75830175,s,8/26/2018,6,Sunday,0:41:13,incident_stopped,2018-08-26_00-41-13_incident_stopped_zone_nb-shoulder.jpg,nb,86441.21667,-34.62822647,nb,shoulder,-1
S2C14,32.83620205,-83.73500536,s,8/26/2018,6,Sunday,3:22:40,incident_stopped,2018-08-26_03-22-40_incident_stopped_zone_far-shoulder.jpg,nb,86602.66667,-48.07309629,far,shoulder,-1
N2C14,32.83648848,-83.73452853,n,8/26/2018,6,Sunday,3:22:40,incident_stopped,2018-08-26_03-22-40_incident_stopped_zone_nb-shoulder.jpg,nb,86602.66667,-48.05166032,nb,shoulder,-1
N1C21,32.86981764,-83.75767111,n,8/26/2018,6,Sunday,6:29:40,incident_stopped,2018-08-26_06-29-40_incident_stopped_zone_nb-shoulder.jpg,nb,86789.66667,-34.7310666,nb,shoulder,-1
N2C33,32.92077604,-83.79943309,n,8/26/2018,6,Sunday,7:38:09,incident_stopped,2018-08-26_07-38-09_incident_stopped_zone_nb-shoulder.jpg,nb,86858.15,-13.74452878,nb,shoulder,-1
N2C39,32.95177015,-83.81217745,n,8/26/2018,6,Sunday,8:52:06,incident_stopped,2018-08-26_08-52-06_incident_stopped_zone_near-shoulder.jpg,nb,86932.1,-2.4510298,near,shoulder,-1
S2C38,32.95157525,-83.81265346,s,8/26/2018,6,Sunday,8:52:10,incident_stopped,2018-08-26_08-52-10_incident_stopped_zone_north-shoulder.jpg,nb,86932.16667,-2.501382112,north,shoulder,-1
BIBB-CAM-024,32.8332442,-83.73284142,n,8/26/2018,6,Sunday,9:01:14,incident_stopped,2018-08-26_09-01-14_incident_stopped.jpg,nb,86941.23333,-49.27056404,,,-1
BIBB-CAM-026,32.84958885,-83.74065988,n,8/26/2018,6,Sunday,9:09:15,incident_stopped,2018-08-26_09-09-15_incident_stopped_zone_nb-shoulder.jpg,nb,86949.25,-43.22840936,nb,shoulder,-1
N2C33,32.92077604,-83.79943309,n,8/26/2018,6,Sunday,9:19:14,incident_stopped,2018-08-26_09-19-14_incident_stopped_zone_nb-shoulder.jpg,nb,86959.23333,-13.74452878,nb,shoulder,-1
N1C21,32.86981764,-83.75767111,n,8/26/2018,6,Sunday,9:39:07,incident_stopped,2018-08-26_09-39-07_incident_stopped_zone_nb-shoulder.jpg,nb,86979.11667,-34.7310666,nb,shoulder,-1
N1C05,32.78992515,-83.7196095,n,8/26/2018,6,Sunday,10:22:24,incident_stopped,2018-08-26_10-22-24_incident_stopped_zone_nb-shoulder.jpg,nb,87022.4,-64.37580962,nb,shoulder,-1
N2C15,32.84068577,-83.73653266,n,8/26/2018,6,Sunday,10:29:24,incident_stopped,2018-08-26_10-29-24_incident_stopped_zone_nb-shoulder.jpg,nb,87029.4,-46.49987236,nb,shoulder,-1
BIBB-CAM-024,32.8332442,-83.73284142,n,8/26/2018,6,Sunday,10:31:23,incident_stopped,2018-08-26_10-31-23_incident_stopped.jpg,nb,87031.38333,-49.27056404,,,-1
N1C17,32.84958885,-83.74065988,n,8/26/2018,6,Sunday,10:44:51,incident_stopped,2018-08-26_10-44-51_incident_stopped_zone_nb-shoulder.jpg,nb,87044.85,-43.22840936,nb,shoulder,-1
N3C01,32.76613511,-83.71030216,n,8/26/2018,6,Sunday,11:11:17,incident_stopped,2018-08-26_11-11-17_incident_stopped_zone_nb-shoulder.jpg,nb,87071.28333,-72.97440738,nb,shoulder,-1
N1C31,32.90737428,-83.79168212,n,8/26/2018,6,Sunday,11:46:58,incident_stopped,2018-08-26_11-46-58_incident_stopped_zone_nb-lanes.jpg,nb,87106.96667,-18.84792303,nb,lanes,-1
BIBB-CAM-014,32.7850913,-83.71806273,n,8/26/2018,6,Sunday,12:20:14,incident_stopped,2018-08-26_12-20-14_incident_stopped_zone_nb-shoulder.jpg,nb,87140.23333,-66.07987571,nb,shoulder,-1
BIBB-CAM-024,32.8332442,-83.73284142,n,8/26/2018,6,Sunday,12:49:05,incident_stopped,2018-08-26_12-49-05_incident_stopped.jpg,nb,87169.08333,-49.27056404,,,-1
S1C21,32.86987654,-83.75830175,s,8/26/2018,6,Sunday,13:04:41,incident_stopped,2018-08-26_13-04-41_incident_stopped_zone_nb-shoulder.jpg,nb,87184.68333,-34.62822647,nb,shoulder,-1
N3C02,32.76990531,-83.71029631,n,8/26/2018,6,Sunday,13:08:39,incident_stopped,2018-08-26_13-08-39_incident_stopped_zone_nb-shoulder.jpg,nb,87188.65,-71.78891913,nb,shoulder,-1
N1C16,32.84577945,-83.73888874,n,8/26/2018,6,Sunday,13:57:51,incident_stopped,2018-08-26_13-57-51_incident_stopped_zone_near-shoulder.jpg,nb,87237.85,-44.6283787,near,shoulder,-1
S1C16,32.84561646,-83.73933607,s,8/26/2018,6,Sunday,13:57:53,incident_stopped,2018-08-26_13-57-53_incident_stopped_zone_nb-shoulder.jpg,nb,87237.88333,-44.61500342,nb,shoulder,-1
N1C10,32.82260317,-83.73001566,n,8/26/2018,6,Sunday,14:32:53,incident_stopped,2018-08-26_14-32-53_incident_stopped_zone_nb-shoulder.jpg,nb,87272.88333,-52.90603101,nb,shoulder,-1
S1C21,32.86987654,-83.75830175,s,8/26/2018,6,Sunday,14:35:13,incident_stopped,2018-08-26_14-35-13_incident_stopped_zone_nb-shoulder.jpg,nb,87275.21667,-34.62822647,nb,shoulder,-1
N1C31,32.90737428,-83.79168212,n,8/26/2018,6,Sunday,14:39:31,incident_stopped,2018-08-26_14-39-31_incident_stopped_zone_nb-shoulder.jpg,nb,87279.51667,-18.84792303,nb,shoulder,-1
N1C20,32.86504559,-83.75232959,n,8/26/2018,6,Sunday,14:53:06,incident_stopped,2018-08-26_14-53-06_incident_stopped_zone_nb-lanes.jpg,nb,87293.1,-36.91653912,nb,lanes,-1
N2C01,32.76613511,-83.71030216,n,8/26/2018,6,Sunday,16:06:19,incident_stopped,2018-08-26_16-06-19_incident_stopped_zone_nb-shoulder.jpg,nb,87366.31667,-72.97440738,nb,shoulder,-1
N1C03,32.78071485,-83.71530658,n,8/26/2018,6,Sunday,16:23:24,incident_stopped,2018-08-26_16-23-24_incident_stopped_zone_nb-shoulder.jpg,nb,87383.4,-67.78810628,nb,shoulder,-1
BIBB-CAM-024,32.8332442,-83.73284142,n,8/26/2018,6,Sunday,16:32:32,incident_stopped,2018-08-26_16-32-32_incident_stopped.jpg,nb,87392.53333,-49.27056404,,,-1
BIBB-CAM-018,32.79962746,-83.72080704,n,8/26/2018,6,Sunday,16:54:24,incident_stopped,2018-08-26_16-54-24_incident_stopped.jpg,nb,87414.4,-61.20075294,,,-1
N1C26,32.88798194,-83.77607704,n,8/26/2018,6,Sunday,17:20:35,incident_stopped,2018-08-26_17-20-35_incident_stopped_zone_nb-shoulder.jpg,nb,87440.58333,-26.75233619,nb,shoulder,-1
N1C10,32.82260317,-83.73001566,n,8/26/2018,6,Sunday,17:57:41,incident_stopped,2018-08-26_17-57-41_incident_stopped_zone_nb-shoulder.jpg,nb,87477.68333,-52.90603101,nb,shoulder,-1
BIBB-CAM-024,32.8332442,-83.73284142,n,8/26/2018,6,Sunday,18:27:24,incident_stopped,2018-08-26_18-27-24_incident_stopped.jpg,nb,87507.4,-49.27056404,,,-1
N2C33,32.92077604,-83.79943309,n,8/26/2018,6,Sunday,18:34:21,incident_stopped,2018-08-26_18-34-21_incident_stopped_zone_nb-shoulder.jpg,nb,87514.35,-13.74452878,nb,shoulder,-1
BIBB-CAM-013,32.77567367,-83.7128245,s,8/26/2018,6,Sunday,19:28:34,incident_stopped,2018-08-26_19-28-34_incident_stopped_zone_nb-shoulder.jpg,nb,87568.56667,-69.6715058,nb,shoulder,-1
N2C01,32.76613511,-83.71030216,n,8/26/2018,6,Sunday,19:46:30,incident_stopped,2018-08-26_19-46-30_incident_stopped_zone_nb-shoulder.jpg,nb,87586.5,-72.97440738,nb,shoulder,-1
BIBB-CAM-024,32.8332442,-83.73284142,n,8/26/2018,6,Sunday,20:59:03,incident_stopped,2018-08-26_20-59-03_incident_stopped.jpg,nb,87659.05,-49.27056404,,,-1
S1C21,32.86987654,-83.75830175,s,8/26/2018,6,Sunday,22:57:07,incident_stopped,2018-08-26_22-57-07_incident_stopped_zone_nb-shoulder.jpg,nb,87777.11667,-34.62822647,nb,shoulder,-1
N1C21,32.86981764,-83.75767111,n,8/27/2018,0,Monday,1:39:53,incident_stopped,2018-08-27_01-39-53_incident_stopped_zone_nb-shoulder.jpg,nb,87939.88333,-34.7310666,nb,shoulder,-1
S1C21,32.86987654,-83.75830175,s,8/27/2018,0,Monday,1:39:56,incident_stopped,2018-08-27_01-39-56_incident_stopped_zone_nb-shoulder.jpg,nb,87939.93333,-34.62822647,nb,shoulder,-1
N2C09,32.81772219,-83.72879532,n,8/27/2018,0,Monday,1:56:24,incident_stopped,2018-08-27_01-56-24_incident_stopped_zone_nb-shoulder.jpg,nb,87956.4,-54.56967025,nb,shoulder,-1
S1C02,32.77015102,-83.71101814,s,8/27/2018,0,Monday,2:14:23,incident_stopped,2018-08-27_02-14-23_incident_stopped_zone_nb-shoulder.jpg,nb,87974.38333,-71.62458863,nb,shoulder,-1
N1C03,32.78071485,-83.71530658,n,8/27/2018,0,Monday,7:17:08,incident_stopped,2018-08-27_07-17-08_incident_stopped_zone_nb-shoulder.jpg,nb,88277.13333,-67.78810628,nb,shoulder,-1
BIBB-CAM-013,32.77567367,-83.7128245,s,8/27/2018,0,Monday,7:24:03,incident_stopped,2018-08-27_07-24-03_incident_stopped_zone_nb-lanes.jpg,nb,88284.05,-69.6715058,nb,lanes,-1
N2C01,32.76613511,-83.71030216,n,8/27/2018,0,Monday,7:48:40,incident_stopped,2018-08-27_07-48-40_incident_stopped_zone_nb-shoulder.jpg,nb,88308.66667,-72.97440738,nb,shoulder,-1
S1C30,32.91200591,-83.79524157,s,8/27/2018,0,Monday,8:30:29,incident_stopped,2018-08-27_08-30-29_incident_stopped_zone_nb-shoulder.jpg,nb,88350.48333,-17.00028257,nb,shoulder,-1
BIBB-CAM-024,32.8332442,-83.73284142,n,8/27/2018,0,Monday,8:35:54,incident_stopped,2018-08-27_08-35-54_incident_stopped.jpg,nb,88355.9,-49.27056404,,,-1
N2C41,32.7558,-83.709193,n,8/27/2018,0,Monday,8:40:17,incident_stopped,2018-08-27_08-40-17_incident_stopped_zone_near-shoulder.jpg,nb,88360.28333,-76.37247586,near,shoulder,-1
N1C09,32.81772219,-83.72879532,n,8/27/2018,0,Monday,9:12:32,incident_slow,2018-08-27_09-12-32_incident_slow_zone_nb-lanes.jpg,nb,88392.53333,-54.56967025,nb,lanes,-1
S2C33,32.92513731,-83.80220611,s,8/27/2018,0,Monday,9:27:21,incident_stopped,2018-08-27_09-27-21_incident_stopped_zone_nb-shoulder.jpg,nb,88407.35,-12.07189332,nb,shoulder,-1
N1C25,32.88361771,-83.77234944,n,8/27/2018,0,Monday,9:28:31,incident_stopped,2018-08-27_09-28-31_incident_stopped_zone_ramp-shoulder.jpg,nb,88408.51667,-28.57124979,ramp,shoulder,-1
N2C25,32.88361771,-83.77234944,n,8/27/2018,0,Monday,9:28:37,incident_stopped,2018-08-27_09-28-37_incident_stopped_zone_nb-shoulder.jpg,nb,88408.61667,-28.57124979,nb,shoulder,-1
S1C21,32.86987654,-83.75830175,s,8/27/2018,0,Monday,10:01:21,incident_stopped,2018-08-27_10-01-21_incident_stopped_zone_nb-shoulder.jpg,nb,88441.35,-34.62822647,nb,shoulder,-1
BIBB-CAM-024,32.8332442,-83.73284142,n,8/27/2018,0,Monday,10:16:22,incident_stopped,2018-08-27_10-16-22_incident_stopped.jpg,nb,88456.36667,-49.27056404,,,-1
N1C36,32.93748827,-83.80825819,n,8/27/2018,0,Monday,10:19:28,incident_stopped,2018-08-27_10-19-28_incident_stopped_zone_nb-shoulder.jpg,nb,88459.46667,-7.509238214,nb,shoulder,-1
N2C03,32.78071485,-83.71530658,n,8/27/2018,0,Monday,10:25:41,incident_stopped,2018-08-27_10-25-41_incident_stopped_zone_nb-shoulder.jpg,nb,88465.68333,-67.78810628,nb,shoulder,-1
N1C33,32.92077604,-83.79943309,n,8/27/2018,0,Monday,10:29:33,incident_stopped,2018-08-27_10-29-33_incident_stopped_zone_nb-shoulder.jpg,nb,88469.55,-13.74452878,nb,shoulder,-1
S1C09,32.81017134,-83.72613824,s,8/27/2018,0,Monday,11:17:43,incident_stopped,2018-08-27_11-17-43_incident_stopped_zone_nb-shoulder.jpg,nb,88517.71667,-57.24864799,nb,shoulder,-1
N2C01,32.76613511,-83.71030216,n,8/27/2018,0,Monday,11:23:14,incident_stopped,2018-08-27_11-23-14_incident_stopped_zone_nb-shoulder.jpg,nb,88523.23333,-72.97440738,nb,shoulder,-1
S1C30,32.91200591,-83.79524157,s,8/27/2018,0,Monday,11:39:55,incident_stopped,2018-08-27_11-39-55_incident_stopped_zone_nb-lanes.jpg,nb,88539.91667,-17.00028257,nb,lanes,-1
S1C21,32.86987654,-83.75830175,s,8/27/2018,0,Monday,11:42:22,incident_stopped,2018-08-27_11-42-22_incident_stopped_zone_nb-shoulder.jpg,nb,88542.36667,-34.62822647,nb,shoulder,-1
BIBB-CAM-024,32.8332442,-83.73284142,n,8/27/2018,0,Monday,11:48:53,incident_stopped,2018-08-27_11-48-53_incident_stopped.jpg,nb,88548.88333,-49.27056404,,,-1
S2C17,32.84950348,-83.74113514,s,8/27/2018,0,Monday,12:01:00,incident_stopped,2018-08-27_12-01-00_incident_stopped_zone_nb-shoulder.jpg,nb,88561,-43.18705025,nb,shoulder,-1
S3C03,32.78046082,-83.71590778,s,8/27/2018,0,Monday,12:07:05,incident_stopped,2018-08-27_12-07-05_incident_stopped_zone_nb-shoulder.jpg,nb,88567.08333,-67.79477411,nb,shoulder,-1
N2C03,32.78071485,-83.71530658,n,8/27/2018,0,Monday,12:07:16,incident_stopped,2018-08-27_12-07-16_incident_stopped_zone_nb-shoulder.jpg,nb,88567.26667,-67.78810628,nb,shoulder,-1
N2C11,32.82699902,-83.73109564,n,8/27/2018,0,Monday,12:08:40,incident_stopped,2018-08-27_12-08-40_incident_stopped_zone_near-shoulder.jpg,nb,88568.66667,-51.41367576,near,shoulder,-1
S2C11,32.82254015,-83.73046915,s,8/27/2018,0,Monday,12:08:43,incident_stopped,2018-08-27_12-08-43_incident_stopped_zone_far-shoulder.jpg,nb,88568.71667,-52.86537408,far,shoulder,-1
S2C12,32.82694969,-83.73158785,s,8/27/2018,0,Monday,12:08:44,incident_stopped,2018-08-27_12-08-44_incident_stopped_zone_nb-shoulder.jpg,nb,88568.73333,-51.36261191,nb,shoulder,-1
N1C33,32.92077604,-83.79943309,n,8/27/2018,0,Monday,12:17:42,incident_stopped,2018-08-27_12-17-42_incident_stopped_zone_nb-shoulder.jpg,nb,88577.7,-13.74452878,nb,shoulder,-1
N1C26,32.88798194,-83.77607704,n,8/27/2018,0,Monday,12:45:01,incident_stopped,2018-08-27_12-45-01_incident_stopped_zone_nb-shoulder.jpg,nb,88605.01667,-26.75233619,nb,shoulder,-1
N2C33,32.92077604,-83.79943309,n,8/27/2018,0,Monday,13:04:36,incident_stopped,2018-08-27_13-04-36_incident_stopped_zone_nb-shoulder.jpg,nb,88624.6,-13.74452878,nb,shoulder,-1
N3C02,32.76990531,-83.71029631,n,8/27/2018,0,Monday,13:04:46,incident_stopped,2018-08-27_13-04-46_incident_stopped_zone_nb-shoulder.jpg,nb,88624.76667,-71.78891913,nb,shoulder,-1
S1C16,32.84561646,-83.73933607,s,8/27/2018,0,Monday,13:13:00,incident_stopped,2018-08-27_13-13-00_incident_stopped_zone_nb-shoulder.jpg,nb,88633,-44.61500342,nb,shoulder,-1
N1C17,32.84958885,-83.74065988,n,8/27/2018,0,Monday,13:20:36,incident_stopped,2018-08-27_13-20-36_incident_stopped_zone_nb-shoulder.jpg,nb,88640.6,-43.22840936,nb,shoulder,-1
BIBB-CAM-027,32.85953942,-83.7465392,n,8/27/2018,0,Monday,13:23:16,incident_stopped,2018-08-27_13-23-16_incident_stopped_zone_nb-shoulder.jpg,nb,88643.26667,-39.39570165,nb,shoulder,-1
N1C19,32.85953942,-83.7465392,n,8/27/2018,0,Monday,13:28:53,incident_stopped,2018-08-27_13-28-53_incident_stopped_zone_nb-shoulder.jpg,nb,88648.88333,-39.39570165,nb,shoulder,-1
S1C19,32.85919079,-83.74676747,s,8/27/2018,0,Monday,13:29:06,incident_stopped,2018-08-27_13-29-06_incident_stopped_zone_nb-shoulder.jpg,nb,88649.1,-39.46810985,nb,shoulder,-1
S2C18,32.85465632,-83.74348346,s,8/27/2018,0,Monday,13:33:57,incident_stopped,2018-08-27_13-33-57_incident_stopped_zone_nb-shoulder.jpg,nb,88653.95,-41.30069476,nb,shoulder,-1
N2C11,32.82699902,-83.73109564,n,8/27/2018,0,Monday,14:03:15,incident_stopped,2018-08-27_14-03-15_incident_stopped_zone_near-shoulder.jpg,nb,88683.25,-51.41367576,near,shoulder,-1
S2C12,32.82694969,-83.73158785,s,8/27/2018,0,Monday,14:03:24,incident_stopped,2018-08-27_14-03-24_incident_stopped_zone_nb-shoulder.jpg,nb,88683.4,-51.36261191,nb,shoulder,-1
S1C30,32.91200591,-83.79524157,s,8/27/2018,0,Monday,14:15:56,incident_stopped,2018-08-27_14-15-56_incident_stopped_zone_nb-shoulder.jpg,nb,88695.93333,-17.00028257,nb,shoulder,-1
BIBB-CAM-023,32.82699902,-83.73109564,n,8/27/2018,0,Monday,14:26:14,incident_stopped,2018-08-27_14-26-14_incident_stopped_zone_nb-shoulder.jpg,nb,88706.23333,-51.41367576,nb,shoulder,-1
S1C21,32.86987654,-83.75830175,s,8/27/2018,0,Monday,14:29:41,incident_stopped,2018-08-27_14-29-41_incident_stopped_zone_nb-shoulder.jpg,nb,88709.68333,-34.62822647,nb,shoulder,-1
S2C33,32.92513731,-83.80220611,s,8/27/2018,0,Monday,14:46:01,incident_stopped,2018-08-27_14-46-01_incident_stopped_zone_nb-shoulder.jpg,nb,88726.01667,-12.07189332,nb,shoulder,-1
BIBB-CAM-024,32.8332442,-83.73284142,n,8/27/2018,0,Monday,14:49:41,incident_stopped,2018-08-27_14-49-41_incident_stopped.jpg,nb,88729.68333,-49.27056404,,,-1
S2C11,32.82254015,-83.73046915,s,8/27/2018,0,Monday,14:51:27,incident_stopped,2018-08-27_14-51-27_incident_stopped_zone_far-shoulder.jpg,nb,88731.45,-52.86537408,far,shoulder,-1
BIBB-CAM-024,32.8332442,-83.73284142,n,8/27/2018,0,Monday,15:10:41,incident_congestion,2018-08-27_15-10-41_incident_congestion_zone_nb-lanes.jpg,nb,88750.68333,-49.27056404,nb,lanes,-1
N2C01,32.76613511,-83.71030216,n,8/27/2018,0,Monday,15:59:15,incident_stopped,2018-08-27_15-59-15_incident_stopped_zone_nb-shoulder.jpg,nb,88799.25,-72.97440738,nb,shoulder,-1
N1C31,32.90737428,-83.79168212,n,8/27/2018,0,Monday,16:00:49,incident_stopped,2018-08-27_16-00-49_incident_stopped_zone_nb-shoulder.jpg,nb,88800.81667,-18.84792303,nb,shoulder,-1
N2C17,32.84958885,-83.74065988,n,8/27/2018,0,Monday,16:01:16,incident_stopped,2018-08-27_16-01-16_incident_stopped_zone_nb-shoulder.jpg,nb,88801.26667,-43.22840936,nb,shoulder,-1
BIBB-CAM-014,32.7850913,-83.71806273,n,8/27/2018,0,Monday,16:16:38,incident_stopped,2018-08-27_16-16-38_incident_stopped_zone_nb-shoulder.jpg,nb,88816.63333,-66.07987571,nb,shoulder,-1
BIBB-CAM-024,32.8332442,-83.73284142,n,8/27/2018,0,Monday,16:22:52,incident_stopped,2018-08-27_16-22-52_incident_stopped.jpg,nb,88822.86667,-49.27056404,,,-1
BIBB-CAM-009,32.76613511,-83.71030216,n,8/27/2018,0,Monday,16:28:08,incident_stopped,2018-08-27_16-28-08_incident_stopped.jpg,nb,88828.13333,-72.97440738,,,-1
N1C03,32.78071485,-83.71530658,n,8/27/2018,0,Monday,16:32:08,incident_stopped,2018-08-27_16-32-08_incident_stopped_zone_nb-shoulder.jpg,nb,88832.13333,-67.78810628,nb,shoulder,-1
BIBB-CAM-024,32.8332442,-83.73284142,n,8/27/2018,0,Monday,16:47:52,incident_congestion,2018-08-27_16-47-52_incident_congestion_zone_nb-lanes.jpg,nb,88847.86667,-49.27056404,nb,lanes,-1
BIBB-CAM-030,32.86987654,-83.75830175,s,8/27/2018,0,Monday,17:06:36,incident_stopped,2018-08-27_17-06-36_incident_stopped_zone_far-shoulder.jpg,nb,88866.6,-34.62822647,far,shoulder,-1
N1C17,32.84958885,-83.74065988,n,8/27/2018,0,Monday,17:09:49,incident_stopped,2018-08-27_17-09-49_incident_stopped_zone_nb-shoulder.jpg,nb,88869.81667,-43.22840936,nb,shoulder,-1
BIBB-CAM-024,32.8332442,-83.73284142,n,8/27/2018,0,Monday,17:54:01,incident_stopped,2018-08-27_17-54-01_incident_stopped.jpg,nb,88914.01667,-49.27056404,,,-1
N2C01,32.76613511,-83.71030216,n,8/27/2018,0,Monday,18:02:24,incident_stopped,2018-08-27_18-02-24_incident_stopped_zone_nb-shoulder.jpg,nb,88922.4,-72.97440738,nb,shoulder,-1
N1C29,32.89985331,-83.78559794,n,8/27/2018,0,Monday,18:18:28,incident_stopped,2018-08-27_18-18-28_incident_stopped_zone_nb-lanes.jpg,nb,88938.46667,-21.901237,nb,lanes,-1
BIBB-CAM-024,32.8332442,-83.73284142,n,8/27/2018,0,Monday,18:37:47,incident_congestion,2018-08-27_18-37-47_incident_congestion_zone_nb-lanes.jpg,nb,88957.78333,-49.27056404,nb,lanes,-1
N1C21,32.86981764,-83.75767111,n,8/27/2018,0,Monday,18:52:12,incident_stopped,2018-08-27_18-52-12_incident_stopped_zone_nb-shoulder.jpg,nb,88972.2,-34.7310666,nb,shoulder,-1
S1C21,32.86987654,-83.75830175,s,8/27/2018,0,Monday,19:01:09,incident_stopped,2018-08-27_19-01-09_incident_stopped_zone_nb-shoulder.jpg,nb,88981.15,-34.62822647,nb,shoulder,-1
BIBB-CAM-036,32.91536047,-83.79703412,s,8/27/2018,0,Monday,19:17:45,incident_stopped,2018-08-27_19-17-45_incident_stopped_zone_far-shoulder.jpg,nb,88997.75,-15.73785658,far,shoulder,-1
BIBB-CAM-030,32.86987654,-83.75830175,s,8/27/2018,0,Monday,19:50:56,incident_stopped,2018-08-27_19-50-56_incident_stopped_zone_far-shoulder.jpg,nb,89030.93333,-34.62822647,far,shoulder,-1
N1C20,32.86504559,-83.75232959,n,8/27/2018,0,Monday,19:54:26,incident_stopped,2018-08-27_19-54-26_incident_stopped_zone_nb-shoulder.jpg,nb,89034.43333,-36.91653912,nb,shoulder,-1
BIBB-CAM-016,32.78992515,-83.7196095,n,8/27/2018,0,Monday,20:25:58,incident_stopped,2018-08-27_20-25-58_incident_stopped_zone_nb-shoulder.jpg,nb,89065.96667,-64.37580962,nb,shoulder,-1
BIBB-CAM-024,32.8332442,-83.73284142,n,8/27/2018,0,Monday,21:03:08,incident_stopped,2018-08-27_21-03-08_incident_stopped.jpg,nb,89103.13333,-49.27056404,,,-1
BIBB-CAM-012,32.77593588,-83.71230837,n,8/27/2018,0,Monday,21:08:48,incident_stopped,2018-08-27_21-08-48_incident_stopped_zone_nb-shoulder.jpg,nb,89108.8,-69.65221113,nb,shoulder,-1
BIBB-CAM-024,32.8332442,-83.73284142,n,8/28/2018,1,Tuesday,0:20:23,incident_stopped,2018-08-28_00-20-23_incident_stopped.jpg,nb,89300.38333,-49.27056404,,,-1
N1C14,32.83648848,-83.73452853,n,8/28/2018,1,Tuesday,4:40:47,incident_stopped,2018-08-28_04-40-47_incident_stopped_zone_ramp-shoulder.jpg,nb,89560.78333,-48.05166032,ramp,shoulder,-1
N1C01,32.76613511,-83.71030216,n,8/28/2018,1,Tuesday,5:46:52,incident_stopped,2018-08-28_05-46-52_incident_stopped_zone_nb-shoulder.jpg,nb,89626.86667,-72.97440738,nb,shoulder,-1
N2C33,32.92077604,-83.79943309,n,8/28/2018,1,Tuesday,6:12:38,incident_stopped,2018-08-28_06-12-38_incident_stopped_zone_nb-shoulder.jpg,nb,89652.63333,-13.74452878,nb,shoulder,-1
N1C07,32.80647151,-83.72379194,n,8/28/2018,1,Tuesday,6:42:13,incident_stopped,2018-08-28_06-42-13_incident_stopped_zone_ramp-shoulder.jpg,nb,89682.21667,-58.69634095,ramp,shoulder,-1
N2C14,32.83648848,-83.73452853,n,8/28/2018,1,Tuesday,6:52:03,incident_stopped,2018-08-28_06-52-03_incident_stopped_zone_nb-shoulder.jpg,nb,89692.05,-48.05166032,nb,shoulder,-1
S2C14,32.83620205,-83.73500536,s,8/28/2018,1,Tuesday,6:52:05,incident_stopped,2018-08-28_06-52-05_incident_stopped_zone_far-shoulder.jpg,nb,89692.08333,-48.07309629,far,shoulder,-1
BIBB-CAM-023,32.82699902,-83.73109564,n,8/28/2018,1,Tuesday,7:26:40,incident_stopped,2018-08-28_07-26-40_incident_stopped_zone_nb-shoulder.jpg,nb,89726.66667,-51.41367576,nb,shoulder,-1
S1C16,32.84561646,-83.73933607,s,8/28/2018,1,Tuesday,8:21:28,incident_stopped,2018-08-28_08-21-28_incident_stopped_zone_nb-shoulder.jpg,nb,89781.46667,-44.61500342,nb,shoulder,-1
BIBB-CAM-024,32.8332442,-83.73284142,n,8/28/2018,1,Tuesday,8:50:36,incident_stopped,2018-08-28_08-50-36_incident_stopped.jpg,nb,89810.6,-49.27056404,,,-1
S1C21,32.86987654,-83.75830175,s,8/28/2018,1,Tuesday,9:54:27,incident_stopped,2018-08-28_09-54-27_incident_stopped_zone_nb-shoulder.jpg,nb,89874.45,-34.62822647,nb,shoulder,-1
N2C33,32.92077604,-83.79943309,n,8/28/2018,1,Tuesday,10:09:47,incident_stopped,2018-08-28_10-09-47_incident_stopped_zone_nb-shoulder.jpg,nb,89889.78333,-13.74452878,nb,shoulder,-1
BIBB-CAM-024,32.8332442,-83.73284142,n,8/28/2018,1,Tuesday,10:29:20,incident_stopped,2018-08-28_10-29-20_incident_stopped.jpg,nb,89909.33333,-49.27056404,,,-1
N2C03,32.78071485,-83.71530658,n,8/28/2018,1,Tuesday,10:43:41,incident_stopped,2018-08-28_10-43-41_incident_stopped_zone_nb-shoulder.jpg,nb,89923.68333,-67.78810628,nb,shoulder,-1
S3C03,32.78046082,-83.71590778,s,8/28/2018,1,Tuesday,10:43:46,incident_stopped,2018-08-28_10-43-46_incident_stopped_zone_nb-shoulder.jpg,nb,89923.76667,-67.79477411,nb,shoulder,-1
N1C36,32.93748827,-83.80825819,n,8/28/2018,1,Tuesday,10:52:12,incident_stopped,2018-08-28_10-52-12_incident_stopped_zone_nb-shoulder.jpg,nb,89932.2,-7.509238214,nb,shoulder,-1
N1C16,32.84577945,-83.73888874,n,8/28/2018,1,Tuesday,10:59:29,incident_stopped,2018-08-28_10-59-29_incident_stopped_zone_near-shoulder.jpg,nb,89939.48333,-44.6283787,near,shoulder,-1
N1C21,32.86981764,-83.75767111,n,8/28/2018,1,Tuesday,10:59:31,incident_stopped,2018-08-28_10-59-31_incident_stopped_zone_nb-shoulder.jpg,nb,89939.51667,-34.7310666,nb,shoulder,-1
S1C21,32.86987654,-83.75830175,s,8/28/2018,1,Tuesday,11:46:28,incident_stopped,2018-08-28_11-46-28_incident_stopped_zone_nb-shoulder.jpg,nb,89986.46667,-34.62822647,nb,shoulder,-1
BIBB-CAM-024,32.8332442,-83.73284142,n,8/28/2018,1,Tuesday,12:09:13,incident_stopped,2018-08-28_12-09-13_incident_stopped.jpg,nb,90009.21667,-49.27056404,,,-1
N1C17,32.84958885,-83.74065988,n,8/28/2018,1,Tuesday,12:16:10,incident_stopped,2018-08-28_12-16-10_incident_stopped_zone_nb-shoulder.jpg,nb,90016.16667,-43.22840936,nb,shoulder,-1
N1C31,32.90737428,-83.79168212,n,8/28/2018,1,Tuesday,12:16:16,incident_stopped,2018-08-28_12-16-16_incident_stopped_zone_nb-shoulder.jpg,nb,90016.26667,-18.84792303,nb,shoulder,-1
S1C31,32.91536047,-83.79703412,s,8/28/2018,1,Tuesday,12:37:17,incident_stopped,2018-08-28_12-37-17_incident_stopped_zone_nb-shoulder.jpg,nb,90037.28333,-15.73785658,nb,shoulder,-1
N1C25,32.88361771,-83.77234944,n,8/28/2018,1,Tuesday,12:55:38,incident_stopped,2018-08-28_12-55-38_incident_stopped_zone_ramp-shoulder.jpg,nb,90055.63333,-28.57124979,ramp,shoulder,-1
N3C38,32.94876151,-83.81228301,n,8/28/2018,1,Tuesday,13:02:27,incident_stopped,2018-08-28_13-02-27_incident_stopped_zone_nb-shoulder.jpg,nb,90062.45,-3.479229064,nb,shoulder,-1
S2C12,32.82694969,-83.73158785,s,8/28/2018,1,Tuesday,13:05:15,incident_stopped,2018-08-28_13-05-15_incident_stopped_zone_nb-shoulder.jpg,nb,90065.25,-51.36261191,nb,shoulder,-1
S2C11,32.82254015,-83.73046915,s,8/28/2018,1,Tuesday,13:05:17,incident_stopped,2018-08-28_13-05-17_incident_stopped_zone_far-shoulder.jpg,nb,90065.28333,-52.86537408,far,shoulder,-1
N2C11,32.82699902,-83.73109564,n,8/28/2018,1,Tuesday,13:05:18,incident_stopped,2018-08-28_13-05-18_incident_stopped_zone_near-shoulder.jpg,nb,90065.3,-51.41367576,near,shoulder,-1
N1C19,32.85953942,-83.7465392,n,8/28/2018,1,Tuesday,13:15:59,incident_stopped,2018-08-28_13-15-59_incident_stopped_zone_nb-shoulder.jpg,nb,90075.98333,-39.39570165,nb,shoulder,-1
N1C14,32.83648848,-83.73452853,n,8/28/2018,1,Tuesday,13:26:56,incident_stopped,2018-08-28_13-26-56_incident_stopped_zone_ramp-shoulder.jpg,nb,90086.93333,-48.05166032,ramp,shoulder,-1
N2C01,32.76613511,-83.71030216,n,8/28/2018,1,Tuesday,13:33:07,incident_stopped,2018-08-28_13-33-07_incident_stopped_zone_nb-shoulder.jpg,nb,90093.11667,-72.97440738,nb,shoulder,-1
BIBB-CAM-030,32.86987654,-83.75830175,s,8/28/2018,1,Tuesday,13:43:10,incident_stopped,2018-08-28_13-43-10_incident_stopped_zone_far-shoulder.jpg,nb,90103.16667,-34.62822647,far,shoulder,-1
N1C21,32.86981764,-83.75767111,n,8/28/2018,1,Tuesday,13:46:22,incident_stopped,2018-08-28_13-46-22_incident_stopped_zone_nb-shoulder.jpg,nb,90106.36667,-34.7310666,nb,shoulder,-1
S1C21,32.86987654,-83.75830175,s,8/28/2018,1,Tuesday,13:46:25,incident_stopped,2018-08-28_13-46-25_incident_stopped_zone_nb-shoulder.jpg,nb,90106.41667,-34.62822647,nb,shoulder,-1
N2C03,32.78071485,-83.71530658,n,8/28/2018,1,Tuesday,13:56:12,incident_stopped,2018-08-28_13-56-12_incident_stopped_zone_nb-shoulder.jpg,nb,90116.2,-67.78810628,nb,shoulder,-1
N1C11,32.82699902,-83.73109564,n,8/28/2018,1,Tuesday,14:04:30,incident_stopped,2018-08-28_14-04-30_incident_stopped_zone_nb-shoulder.jpg,nb,90124.5,-51.41367576,nb,shoulder,-1
N1C01,32.76613511,-83.71030216,n,8/28/2018,1,Tuesday,14:25:41,incident_stopped,2018-08-28_14-25-41_incident_stopped_zone_nb-shoulder.jpg,nb,90145.68333,-72.97440738,nb,shoulder,-1
S1C02,32.77015102,-83.71101814,s,8/28/2018,1,Tuesday,14:50:42,incident_stopped,2018-08-28_14-50-42_incident_stopped_zone_nb-shoulder.jpg,nb,90170.7,-71.62458863,nb,shoulder,-1
BIBB-CAM-009,32.76613511,-83.71030216,n,8/28/2018,1,Tuesday,14:50:46,incident_stopped,2018-08-28_14-50-46_incident_stopped.jpg,nb,90170.76667,-72.97440738,,,-1
N1C10,32.82260317,-83.73001566,n,8/28/2018,1,Tuesday,14:53:38,incident_stopped,2018-08-28_14-53-38_incident_stopped_zone_nb-shoulder.jpg,nb,90173.63333,-52.90603101,nb,shoulder,-1
BIBB-CAM-028,32.86504559,-83.75232959,n,8/28/2018,1,Tuesday,15:04:15,incident_stopped,2018-08-28_15-04-15_incident_stopped_zone_nb-shoulder.jpg,nb,90184.25,-36.91653912,nb,shoulder,-1
BIBB-CAM-024,32.8332442,-83.73284142,n,8/28/2018,1,Tuesday,15:09:41,incident_stopped,2018-08-28_15-09-41_incident_stopped.jpg,nb,90189.68333,-49.27056404,,,-1
N1C31,32.90737428,-83.79168212,n,8/28/2018,1,Tuesday,16:03:30,incident_stopped,2018-08-28_16-03-30_incident_stopped_zone_nb-shoulder.jpg,nb,90243.5,-18.84792303,nb,shoulder,-1
BIBB-CAM-034,32.90013203,-83.7863588,s,8/28/2018,1,Tuesday,16:15:36,incident_stopped,2018-08-28_16-15-36_incident_stopped_zone_nb-shoulder.jpg,nb,90255.6,-21.73107036,nb,shoulder,-1
S1C30,32.91200591,-83.79524157,s,8/28/2018,1,Tuesday,16:31:17,incident_stopped,2018-08-28_16-31-17_incident_stopped_zone_nb-shoulder.jpg,nb,90271.28333,-17.00028257,nb,shoulder,-1
BIBB-CAM-024,32.8332442,-83.73284142,n,8/28/2018,1,Tuesday,16:45:47,incident_stopped,2018-08-28_16-45-47_incident_stopped.jpg,nb,90285.78333,-49.27056404,,,-1
N1C03,32.78071485,-83.71530658,n,8/28/2018,1,Tuesday,17:07:02,incident_stopped,2018-08-28_17-07-02_incident_stopped_zone_nb-shoulder.jpg,nb,90307.03333,-67.78810628,nb,shoulder,-1
N1C07,32.80647151,-83.72379194,n,8/28/2018,1,Tuesday,17:11:41,incident_stopped,2018-08-28_17-11-41_incident_stopped_zone_ramp-shoulder.jpg,nb,90311.68333,-58.69634095,ramp,shoulder,-1
N2C09,32.81772219,-83.72879532,n,8/28/2018,1,Tuesday,17:40:14,incident_stopped,2018-08-28_17-40-14_incident_stopped_zone_nb-shoulder.jpg,nb,90340.23333,-54.56967025,nb,shoulder,-1
N2C01,32.76613511,-83.71030216,n,8/28/2018,1,Tuesday,18:09:05,incident_stopped,2018-08-28_18-09-05_incident_stopped_zone_nb-shoulder.jpg,nb,90369.08333,-72.97440738,nb,shoulder,-1
BIBB-CAM-024,32.8332442,-83.73284142,n,8/28/2018,1,Tuesday,18:19:20,incident_stopped,2018-08-28_18-19-20_incident_stopped.jpg,nb,90379.33333,-49.27056404,,,-1
BIBB-CAM-034,32.90013203,-83.7863588,s,8/28/2018,1,Tuesday,20:12:01,incident_stopped,2018-08-28_20-12-01_incident_stopped_zone_nb-lanes.jpg,nb,90492.01667,-21.73107036,nb,lanes,-1
BIBB-CAM-032,32.88240434,-83.7719413,s,8/28/2018,1,Tuesday,20:41:36,incident_stopped,2018-08-28_20-41-36_incident_stopped_zone_nb-shoulder.jpg,nb,90521.6,-29.00171497,nb,shoulder,-1
BIBB-CAM-024,32.8332442,-83.73284142,n,8/28/2018,1,Tuesday,21:07:11,incident_stopped,2018-08-28_21-07-11_incident_stopped.jpg,nb,90547.18333,-49.27056404,,,-1
N2C03,32.78071485,-83.71530658,n,8/28/2018,1,Tuesday,21:33:06,incident_stopped,2018-08-28_21-33-06_incident_stopped_zone_nb-shoulder.jpg,nb,90573.1,-67.78810628,nb,shoulder,-1
N2C17,32.84958885,-83.74065988,n,8/28/2018,1,Tuesday,22:56:54,incident_stopped,2018-08-28_22-56-54_incident_stopped_zone_nb-shoulder.jpg,nb,90656.9,-43.22840936,nb,shoulder,-1
BIBB-CAM-024,32.8332442,-83.73284142,n,8/28/2018,1,Tuesday,23:06:58,incident_stopped,2018-08-28_23-06-58_incident_stopped.jpg,nb,90666.96667,-49.27056404,,,-1
S2C38,32.95157525,-83.81265346,s,8/29/2018,2,Wednesday,0:37:09,incident_stopped,2018-08-29_00-37-09_incident_stopped_zone_north-shoulder.jpg,nb,90757.15,-2.501382112,north,shoulder,-1
N2C39,32.95177015,-83.81217745,n,8/29/2018,2,Wednesday,0:37:13,incident_stopped,2018-08-29_00-37-13_incident_stopped_zone_near-shoulder.jpg,nb,90757.21667,-2.4510298,near,shoulder,-1
S1C09,32.81017134,-83.72613824,s,8/29/2018,2,Wednesday,2:28:06,incident_stopped,2018-08-29_02-28-06_incident_stopped_zone_nb-shoulder.jpg,nb,90868.1,-57.24864799,nb,shoulder,-1
BIBB-CAM-024,32.8332442,-83.73284142,n,8/29/2018,2,Wednesday,3:31:15,incident_stopped,2018-08-29_03-31-15_incident_stopped.jpg,nb,90931.25,-49.27056404,,,-1
BIBB-CAM-024,32.8332442,-83.73284142,n,8/29/2018,2,Wednesday,5:24:13,incident_stopped,2018-08-29_05-24-13_incident_stopped.jpg,nb,91044.21667,-49.27056404,,,-1
N2C09,32.81772219,-83.72879532,n,8/29/2018,2,Wednesday,5:40:41,incident_stopped,2018-08-29_05-40-41_incident_stopped_zone_nb-shoulder.jpg,nb,91060.68333,-54.56967025,nb,shoulder,-1
N2C01,32.76613511,-83.71030216,n,8/29/2018,2,Wednesday,6:58:00,incident_stopped,2018-08-29_06-58-00_incident_stopped_zone_nb-shoulder.jpg,nb,91138,-72.97440738,nb,shoulder,-1
BIBB-CAM-028,32.86504559,-83.75232959,n,8/29/2018,2,Wednesday,7:28:19,incident_stopped,2018-08-29_07-28-19_incident_stopped.jpg,nb,91168.31667,-36.91653912,,,-1
BIBB-CAM-024,32.8332442,-83.73284142,n,8/29/2018,2,Wednesday,7:28:21,incident_stopped,2018-08-29_07-28-21_incident_stopped.jpg,nb,91168.35,-49.27056404,,,-1
N1C20,32.86504559,-83.75232959,n,8/29/2018,2,Wednesday,9:10:55,incident_stopped,2018-08-29_09-10-55_incident_stopped_zone_nb-lanes.jpg,nb,91270.91667,-36.91653912,nb,lanes,-1
BIBB-CAM-030,32.86987654,-83.75830175,s,8/29/2018,2,Wednesday,9:12:08,incident_stopped,2018-08-29_09-12-08_incident_stopped_zone_far-shoulder.jpg,nb,91272.13333,-34.62822647,far,shoulder,-1
N2C01,32.76613511,-83.71030216,n,8/29/2018,2,Wednesday,9:18:41,incident_stopped,2018-08-29_09-18-41_incident_stopped_zone_nb-shoulder.jpg,nb,91278.68333,-72.97440738,nb,shoulder,-1
N1C03,32.78071485,-83.71530658,n,8/29/2018,2,Wednesday,9:21:25,incident_stopped,2018-08-29_09-21-25_incident_stopped_zone_nb-shoulder.jpg,nb,91281.41667,-67.78810628,nb,shoulder,-1
S1C21,32.86987654,-83.75830175,s,8/29/2018,2,Wednesday,9:22:24,incident_stopped,2018-08-29_09-22-24_incident_stopped_zone_nb-shoulder.jpg,nb,91282.4,-34.62822647,nb,shoulder,-1
N1C01,32.76613511,-83.71030216,n,8/29/2018,2,Wednesday,9:33:00,incident_stopped,2018-08-29_09-33-00_incident_stopped_zone_nb-shoulder.jpg,nb,91293,-72.97440738,nb,shoulder,-1
BIBB-CAM-014,32.7850913,-83.71806273,n,8/29/2018,2,Wednesday,9:59:21,incident_stopped,2018-08-29_09-59-21_incident_stopped_zone_nb-shoulder.jpg,nb,91319.35,-66.07987571,nb,shoulder,-1
BIBB-CAM-018,32.79962746,-83.72080704,n,8/29/2018,2,Wednesday,9:59:43,incident_stopped,2018-08-29_09-59-43_incident_stopped.jpg,nb,91319.71667,-61.20075294,,,-1
N1C38,32.94876151,-83.81228301,n,8/29/2018,2,Wednesday,10:15:43,incident_stopped,2018-08-29_10-15-43_incident_stopped_zone_ramp-shoulder.jpg,nb,91335.71667,-3.479229064,ramp,shoulder,-1
N2C03,32.78071485,-83.71530658,n,8/29/2018,2,Wednesday,10:30:12,incident_stopped,2018-08-29_10-30-12_incident_stopped_zone_nb-shoulder.jpg,nb,91350.2,-67.78810628,nb,shoulder,-1
S2C22,32.87291783,-83.76154621,s,8/29/2018,2,Wednesday,10:34:30,incident_stopped,2018-08-29_10-34-30_incident_stopped_zone_nb-shoulder.jpg,nb,91354.5,-33.26350279,nb,shoulder,-1
S2C12,32.82694969,-83.73158785,s,8/29/2018,2,Wednesday,10:41:34,incident_stopped,2018-08-29_10-41-34_incident_stopped_zone_nb-shoulder.jpg,nb,91361.56667,-51.36261191,nb,shoulder,-1
N2C11,32.82699902,-83.73109564,n,8/29/2018,2,Wednesday,10:44:03,incident_stopped,2018-08-29_10-44-03_incident_stopped_zone_near-shoulder.jpg,nb,91364.05,-51.41367576,near,shoulder,-1
S1C21,32.86987654,-83.75830175,s,8/29/2018,2,Wednesday,11:08:51,incident_stopped,2018-08-29_11-08-51_incident_stopped_zone_nb-shoulder.jpg,nb,91388.85,-34.62822647,nb,shoulder,-1
N3C41,32.7558,-83.709193,n,8/29/2018,2,Wednesday,11:33:23,incident_stopped,2018-08-29_11-33-23_incident_stopped_zone_nb-shoulder.jpg,nb,91413.38333,-76.37247586,nb,shoulder,-1
N1C03,32.78071485,-83.71530658,n,8/29/2018,2,Wednesday,11:38:59,incident_stopped,2018-08-29_11-38-59_incident_stopped_zone_nb-shoulder.jpg,nb,91418.98333,-67.78810628,nb,shoulder,-1
BIBB-CAM-033,32.89075559,-83.77887713,s,8/29/2018,2,Wednesday,11:55:26,incident_stopped,2018-08-29_11-55-26_incident_stopped_zone_nb-shoulder.jpg,nb,91435.43333,-25.54978527,nb,shoulder,-1
BIBB-CAM-030,32.86987654,-83.75830175,s,8/29/2018,2,Wednesday,11:56:09,incident_stopped,2018-08-29_11-56-09_incident_stopped_zone_far-shoulder.jpg,nb,91436.15,-34.62822647,far,shoulder,-1
N2C03,32.78071485,-83.71530658,n,8/29/2018,2,Wednesday,12:25:47,incident_stopped,2018-08-29_12-25-47_incident_stopped_zone_nb-shoulder.jpg,nb,91465.78333,-67.78810628,nb,shoulder,-1
S3C03,32.78046082,-83.71590778,s,8/29/2018,2,Wednesday,12:25:47,incident_stopped,2018-08-29_12-25-47_incident_stopped_zone_nb-shoulder.jpg,nb,91465.78333,-67.79477411,nb,shoulder,-1
S1C33,32.92513731,-83.80220611,s,8/29/2018,2,Wednesday,12:25:54,incident_stopped,2018-08-29_12-25-54_incident_stopped_zone_nb-shoulder.jpg,nb,91465.9,-12.07189332,nb,shoulder,-1
BIBB-CAM-020,32.81017134,-83.72613824,s,8/29/2018,2,Wednesday,12:36:04,incident_stopped,2018-08-29_12-36-04_incident_stopped_zone_far-shoulder.jpg,nb,91476.06667,-57.24864799,far,shoulder,-1
N2C01,32.76613511,-83.71030216,n,8/29/2018,2,Wednesday,12:37:16,incident_stopped,2018-08-29_12-37-16_incident_stopped_zone_nb-shoulder.jpg,nb,91477.26667,-72.97440738,nb,shoulder,-1
S1C21,32.86987654,-83.75830175,s,8/29/2018,2,Wednesday,12:57:42,incident_stopped,2018-08-29_12-57-42_incident_stopped_zone_nb-shoulder.jpg,nb,91497.7,-34.62822647,nb,shoulder,-1
BIBB-CAM-027,32.85953942,-83.7465392,n,8/29/2018,2,Wednesday,13:14:10,incident_stopped,2018-08-29_13-14-10_incident_stopped_zone_nb-shoulder.jpg,nb,91514.16667,-39.39570165,nb,shoulder,-1
S2C19,32.85919079,-83.74676747,s,8/29/2018,2,Wednesday,13:14:12,incident_stopped,2018-08-29_13-14-12_incident_stopped_zone_nb-shoulder.jpg,nb,91514.2,-39.46810985,nb,shoulder,-1
N1C10,32.82260317,-83.73001566,n,8/29/2018,2,Wednesday,14:05:42,incident_stopped,2018-08-29_14-05-42_incident_stopped_zone_nb-shoulder.jpg,nb,91565.7,-52.90603101,nb,shoulder,-1
S1C32,32.92026721,-83.79963273,s,8/29/2018,2,Wednesday,14:15:53,incident_stopped,2018-08-29_14-15-53_incident_stopped_zone_nb-shoulder.jpg,nb,91575.88333,-13.89579256,nb,shoulder,-1
N1C19,32.85953942,-83.7465392,n,8/29/2018,2,Wednesday,14:21:15,incident_stopped,2018-08-29_14-21-15_incident_stopped_zone_nb-shoulder.jpg,nb,91581.25,-39.39570165,nb,shoulder,-1
N1C27,32.89097522,-83.77848725,n,8/29/2018,2,Wednesday,14:25:46,incident_stopped,2018-08-29_14-25-46_incident_stopped_zone_nb-shoulder.jpg,nb,91585.76667,-25.52467894,nb,shoulder,-1
BIBB-CAM-025,32.84057153,-83.73697533,s,8/29/2018,2,Wednesday,15:18:25,incident_stopped,2018-08-29_15-18-25_incident_stopped_zone_nb-shoulder.jpg,nb,91638.41667,-46.47309774,nb,shoulder,-1
BIBB-CAM-024,32.8332442,-83.73284142,n,8/29/2018,2,Wednesday,15:20:45,incident_stopped,2018-08-29_15-20-45_incident_stopped.jpg,nb,91640.75,-49.27056404,,,-1
N1C31,32.90737428,-83.79168212,n,8/29/2018,2,Wednesday,15:27:37,incident_stopped,2018-08-29_15-27-37_incident_stopped_zone_nb-lanes.jpg,nb,91647.61667,-18.84792303,nb,lanes,-1
N1C20,32.86504559,-83.75232959,n,8/29/2018,2,Wednesday,15:55:26,incident_stopped,2018-08-29_15-55-26_incident_stopped_zone_nb-shoulder.jpg,nb,91675.43333,-36.91653912,nb,shoulder,-1
N2C03,32.78071485,-83.71530658,n,8/29/2018,2,Wednesday,16:00:05,incident_stopped,2018-08-29_16-00-05_incident_stopped_zone_nb-shoulder.jpg,nb,91680.08333,-67.78810628,nb,shoulder,-1
N1C17,32.84958885,-83.74065988,n,8/29/2018,2,Wednesday,16:03:23,incident_stopped,2018-08-29_16-03-23_incident_stopped_zone_nb-shoulder.jpg,nb,91683.38333,-43.22840936,nb,shoulder,-1
BIBB-CAM-024,32.8332442,-83.73284142,n,8/29/2018,2,Wednesday,16:52:17,incident_stopped,2018-08-29_16-52-17_incident_stopped.jpg,nb,91732.28333,-49.27056404,,,-1
BIBB-CAM-024,32.8332442,-83.73284142,n,8/29/2018,2,Wednesday,16:55:17,incident_congestion,2018-08-29_16-55-17_incident_congestion_zone_nb-lanes.jpg,nb,91735.28333,-49.27056404,nb,lanes,-1
S2C38,32.95157525,-83.81265346,s,8/29/2018,2,Wednesday,16:56:36,incident_stopped,2018-08-29_16-56-36_incident_stopped_zone_north-shoulder.jpg,nb,91736.6,-2.501382112,north,shoulder,-1
BIBB-CAM-030,32.86987654,-83.75830175,s,8/29/2018,2,Wednesday,17:07:17,incident_stopped,2018-08-29_17-07-17_incident_stopped_zone_far-shoulder.jpg,nb,91747.28333,-34.62822647,far,shoulder,-1
N2C42,32.759892,-83.709757,n,8/29/2018,2,Wednesday,17:19:21,incident_stopped,2018-08-29_17-19-21_incident_stopped_zone_nb-shoulder.jpg,nb,91759.35,-75.01044884,nb,shoulder,-1
N1C31,32.90737428,-83.79168212,n,8/29/2018,2,Wednesday,17:23:01,incident_stopped,2018-08-29_17-23-01_incident_stopped_zone_nb-shoulder.jpg,nb,91763.01667,-18.84792303,nb,shoulder,-1
N1C07,32.80647151,-83.72379194,n,8/29/2018,2,Wednesday,17:30:31,incident_stopped,2018-08-29_17-30-31_incident_stopped_zone_ramp-shoulder.jpg,nb,91770.51667,-58.69634095,ramp,shoulder,-1
BIBB-CAM-009,32.76613511,-83.71030216,n,8/29/2018,2,Wednesday,17:38:50,incident_stopped,2018-08-29_17-38-50_incident_stopped.jpg,nb,91778.83333,-72.97440738,,,-1
N2C01,32.76613511,-83.71030216,n,8/29/2018,2,Wednesday,17:57:51,incident_stopped,2018-08-29_17-57-51_incident_stopped_zone_nb-shoulder.jpg,nb,91797.85,-72.97440738,nb,shoulder,-1
N1C33,32.92077604,-83.79943309,n,8/29/2018,2,Wednesday,17:59:28,incident_congestion,2018-08-29_17-59-28_incident_congestion_zone_nb-lanes.jpg,nb,91799.46667,-13.74452878,nb,lanes,-1
BIBB-CAM-024,32.8332442,-83.73284142,n,8/29/2018,2,Wednesday,18:10:00,incident_congestion,2018-08-29_18-10-00_incident_congestion_zone_nb-lanes.jpg,nb,91810,-49.27056404,nb,lanes,-1
N1C09,32.81772219,-83.72879532,n,8/29/2018,2,Wednesday,18:21:32,incident_slow,2018-08-29_18-21-32_incident_slow_zone_nb-lanes.jpg,nb,91821.53333,-54.56967025,nb,lanes,-1
BIBB-CAM-024,32.8332442,-83.73284142,n,8/29/2018,2,Wednesday,21:46:19,incident_stopped,2018-08-29_21-46-19_incident_stopped.jpg,nb,92026.31667,-49.27056404,,,-1
S1C16,32.84561646,-83.73933607,s,8/29/2018,2,Wednesday,22:15:28,incident_stopped,2018-08-29_22-15-28_incident_stopped_zone_nb-shoulder.jpg,nb,92055.46667,-44.61500342,nb,shoulder,-1
N1C07,32.80647151,-83.72379194,n,8/29/2018,2,Wednesday,22:46:05,incident_stopped,2018-08-29_22-46-05_incident_stopped_zone_ramp-shoulder.jpg,nb,92086.08333,-58.69634095,ramp,shoulder,-1
S1C30,32.91200591,-83.79524157,s,8/30/2018,3,Thursday,0:01:23,incident_stopped,2018-08-30_00-01-23_incident_stopped_zone_nb-shoulder.jpg,nb,92161.38333,-17.00028257,nb,shoulder,-1
S1C20,32.86504559,-83.75232959,s,8/30/2018,3,Thursday,0:12:32,incident_stopped,2018-08-30_00-12-32_incident_stopped_zone_far-shoulder.jpg,nb,92172.53333,-36.91653912,far,shoulder,-1
S1C17,32.84950348,-83.74113514,s,8/30/2018,3,Thursday,3:12:47,incident_stopped,2018-08-30_03-12-47_incident_stopped_zone_nb-lanes.jpg,nb,92352.78333,-43.18705025,nb,lanes,-1
S1C19,32.85919079,-83.74676747,s,8/30/2018,3,Thursday,3:39:58,incident_stopped,2018-08-30_03-39-58_incident_stopped_zone_nb-shoulder.jpg,nb,92379.96667,-39.46810985,nb,shoulder,-1
S1C28,32.90013203,-83.7863588,s,8/30/2018,3,Thursday,4:50:04,incident_stopped,2018-08-30_04-50-04_incident_stopped_zone_nb-shoulder.jpg,nb,92450.06667,-21.73107036,nb,shoulder,-1
BIBB-CAM-024,32.8332442,-83.73284142,n,8/30/2018,3,Thursday,5:03:26,incident_stopped,2018-08-30_05-03-26_incident_stopped.jpg,nb,92463.43333,-49.27056404,,,-1
BIBB-CAM-024,32.8332442,-83.73284142,n,8/30/2018,3,Thursday,6:33:34,incident_stopped,2018-08-30_06-33-34_incident_stopped.jpg,nb,92553.56667,-49.27056404,,,-1
N2C03,32.78071485,-83.71530658,n,8/30/2018,3,Thursday,7:05:16,incident_stopped,2018-08-30_07-05-16_incident_stopped_zone_nb-shoulder.jpg,nb,92585.26667,-67.78810628,nb,shoulder,-1
N2C33,32.92077604,-83.79943309,n,8/30/2018,3,Thursday,7:09:11,incident_stopped,2018-08-30_07-09-11_incident_stopped_zone_nb-shoulder.jpg,nb,92589.18333,-13.74452878,nb,shoulder,-1
BIBB-CAM-018,32.79962746,-83.72080704,n,8/30/2018,3,Thursday,8:07:38,incident_stopped,2018-08-30_08-07-38_incident_stopped.jpg,nb,92647.63333,-61.20075294,,,-1
N1C20,32.86504559,-83.75232959,n,8/30/2018,3,Thursday,8:11:39,incident_stopped,2018-08-30_08-11-39_incident_stopped_zone_nb-shoulder.jpg,nb,92651.65,-36.91653912,nb,shoulder,-1
BIBB-CAM-024,32.8332442,-83.73284142,n,8/30/2018,3,Thursday,8:14:05,incident_stopped,2018-08-30_08-14-05_incident_stopped.jpg,nb,92654.08333,-49.27056404,,,-1
N1C21,32.86981764,-83.75767111,n,8/30/2018,3,Thursday,8:18:15,incident_stopped,2018-08-30_08-18-15_incident_stopped_zone_nb-shoulder.jpg,nb,92658.25,-34.7310666,nb,shoulder,-1
S1C21,32.86987654,-83.75830175,s,8/30/2018,3,Thursday,8:18:17,incident_stopped,2018-08-30_08-18-17_incident_stopped_zone_nb-shoulder.jpg,nb,92658.28333,-34.62822647,nb,shoulder,-1
S2C17,32.84950348,-83.74113514,s,8/30/2018,3,Thursday,8:27:01,incident_stopped,2018-08-30_08-27-01_incident_stopped_zone_nb-shoulder.jpg,nb,92667.01667,-43.18705025,nb,shoulder,-1
N2C17,32.84958885,-83.74065988,n,8/30/2018,3,Thursday,8:27:01,incident_stopped,2018-08-30_08-27-01_incident_stopped_zone_nb-shoulder.jpg,nb,92667.01667,-43.22840936,nb,shoulder,-1
N1C03,32.78071485,-83.71530658,n,8/30/2018,3,Thursday,8:42:34,incident_stopped,2018-08-30_08-42-34_incident_stopped_zone_nb-shoulder.jpg,nb,92682.56667,-67.78810628,nb,shoulder,-1
N1C26,32.88798194,-83.77607704,n,8/30/2018,3,Thursday,8:58:34,incident_stopped,2018-08-30_08-58-34_incident_stopped_zone_nb-shoulder.jpg,nb,92698.56667,-26.75233619,nb,shoulder,-1
S1C16,32.84561646,-83.73933607,s,8/30/2018,3,Thursday,9:14:22,incident_stopped,2018-08-30_09-14-22_incident_stopped_zone_nb-shoulder.jpg,nb,92714.36667,-44.61500342,nb,shoulder,-1
BIBB-CAM-030,32.86987654,-83.75830175,s,8/30/2018,3,Thursday,9:25:51,incident_stopped,2018-08-30_09-25-51_incident_stopped_zone_far-shoulder.jpg,nb,92725.85,-34.62822647,far,shoulder,-1
N2C03,32.78071485,-83.71530658,n,8/30/2018,3,Thursday,9:33:31,incident_stopped,2018-08-30_09-33-31_incident_stopped_zone_nb-shoulder.jpg,nb,92733.51667,-67.78810628,nb,shoulder,-1
N3C38,32.94876151,-83.81228301,n,8/30/2018,3,Thursday,9:42:40,incident_stopped,2018-08-30_09-42-40_incident_stopped_zone_nb-shoulder.jpg,nb,92742.66667,-3.479229064,nb,shoulder,-1
S1C09,32.81017134,-83.72613824,s,8/30/2018,3,Thursday,9:55:14,incident_stopped,2018-08-30_09-55-14_incident_stopped_zone_nb-shoulder.jpg,nb,92755.23333,-57.24864799,nb,shoulder,-1
BIBB-CAM-024,32.8332442,-83.73284142,n,8/30/2018,3,Thursday,9:57:14,incident_stopped,2018-08-30_09-57-14_incident_stopped.jpg,nb,92757.23333,-49.27056404,,,-1
N1C28,32.89668342,-83.78307091,n,8/30/2018,3,Thursday,10:08:07,incident_stopped,2018-08-30_10-08-07_incident_stopped_zone_nb-lanes.jpg,nb,92768.11667,-23.1910345,nb,lanes,-1
N1C08,32.81331958,-83.72706597,n,8/30/2018,3,Thursday,10:08:54,incident_stopped,2018-08-30_10-08-54_incident_stopped_zone_ramp-shoulder.jpg,nb,92768.9,-56.15448649,ramp,shoulder,-1
S1C21,32.86987654,-83.75830175,s,8/30/2018,3,Thursday,11:06:20,incident_stopped,2018-08-30_11-06-20_incident_stopped_zone_nb-shoulder.jpg,nb,92826.33333,-34.62822647,nb,shoulder,-1
S2C18,32.85465632,-83.74348346,s,8/30/2018,3,Thursday,11:16:42,incident_stopped,2018-08-30_11-16-42_incident_stopped_zone_nb-shoulder.jpg,nb,92836.7,-41.30069476,nb,shoulder,-1
BIBB-CAM-028,32.86504559,-83.75232959,n,8/30/2018,3,Thursday,11:31:22,incident_stopped,2018-08-30_11-31-22_incident_stopped.jpg,nb,92851.36667,-36.91653912,,,-1
N2C03,32.78071485,-83.71530658,n,8/30/2018,3,Thursday,11:33:24,incident_stopped,2018-08-30_11-33-24_incident_stopped_zone_nb-shoulder.jpg,nb,92853.4,-67.78810628,nb,shoulder,-1
N3C38,32.94876151,-83.81228301,n,8/30/2018,3,Thursday,11:33:42,incident_stopped,2018-08-30_11-33-42_incident_stopped_zone_nb-shoulder.jpg,nb,92853.7,-3.479229064,nb,shoulder,-1
BIBB-CAM-024,32.8332442,-83.73284142,n,8/30/2018,3,Thursday,11:42:51,incident_stopped,2018-08-30_11-42-51_incident_stopped.jpg,nb,92862.85,-49.27056404,,,-1
N1C23,32.87756847,-83.76599732,n,8/30/2018,3,Thursday,11:46:06,incident_stopped,2018-08-30_11-46-06_incident_stopped_zone_nb-shoulder.jpg,nb,92866.1,-31.24939169,nb,shoulder,-1
N1C09,32.81772219,-83.72879532,n,8/30/2018,3,Thursday,12:06:32,incident_slow,2018-08-30_12-06-32_incident_slow_zone_nb-lanes.jpg,nb,92886.53333,-54.56967025,nb,lanes,-1
N2C01,32.76613511,-83.71030216,n,8/30/2018,3,Thursday,12:20:21,incident_stopped,2018-08-30_12-20-21_incident_stopped_zone_nb-shoulder.jpg,nb,92900.35,-72.97440738,nb,shoulder,-1
N1C19,32.85953942,-83.7465392,n,8/30/2018,3,Thursday,12:25:23,incident_stopped,2018-08-30_12-25-23_incident_stopped_zone_nb-shoulder.jpg,nb,92905.38333,-39.39570165,nb,shoulder,-1
BIBB-CAM-030,32.86987654,-83.75830175,s,8/30/2018,3,Thursday,12:45:21,incident_stopped,2018-08-30_12-45-21_incident_stopped_zone_far-shoulder.jpg,nb,92925.35,-34.62822647,far,shoulder,-1
N2C26,32.88798194,-83.77607704,n,8/30/2018,3,Thursday,13:08:09,incident_stopped,2018-08-30_13-08-09_incident_stopped_zone_nb-shoulder.jpg,nb,92948.15,-26.75233619,nb,shoulder,-1
S1C26,32.88776313,-83.77647583,s,8/30/2018,3,Thursday,13:08:10,incident_stopped,2018-08-30_13-08-10_incident_stopped_zone_nb-shoulder.jpg,nb,92948.16667,-26.77497584,nb,shoulder,-1
N1C09,32.81772219,-83.72879532,n,8/30/2018,3,Thursday,13:31:32,incident_slow,2018-08-30_13-31-32_incident_slow_zone_nb-lanes.jpg,nb,92971.53333,-54.56967025,nb,lanes,-1
N2C03,32.78071485,-83.71530658,n,8/30/2018,3,Thursday,13:41:22,incident_stopped,2018-08-30_13-41-22_incident_stopped_zone_nb-shoulder.jpg,nb,92981.36667,-67.78810628,nb,shoulder,-1
S1C30,32.91200591,-83.79524157,s,8/30/2018,3,Thursday,13:57:25,incident_stopped,2018-08-30_13-57-25_incident_stopped_zone_nb-shoulder.jpg,nb,92997.41667,-17.00028257,nb,shoulder,-1
BIBB-CAM-014,32.7850913,-83.71806273,n,8/30/2018,3,Thursday,14:01:05,incident_stopped,2018-08-30_14-01-05_incident_stopped_zone_nb-shoulder.jpg,nb,93001.08333,-66.07987571,nb,shoulder,-1
N1C14,32.83648848,-83.73452853,n,8/30/2018,3,Thursday,14:06:25,incident_stopped,2018-08-30_14-06-25_incident_stopped_zone_ramp-shoulder.jpg,nb,93006.41667,-48.05166032,ramp,shoulder,-1
S1C21,32.86987654,-83.75830175,s,8/30/2018,3,Thursday,14:06:50,incident_stopped,2018-08-30_14-06-50_incident_stopped_zone_nb-shoulder.jpg,nb,93006.83333,-34.62822647,nb,shoulder,-1
BIBB-CAM-028,32.86504559,-83.75232959,n,8/30/2018,3,Thursday,14:18:45,incident_stopped,2018-08-30_14-18-45_incident_stopped_zone_nb-shoulder.jpg,nb,93018.75,-36.91653912,nb,shoulder,-1
N3C02,32.76990531,-83.71029631,n,8/30/2018,3,Thursday,14:49:24,incident_stopped,2018-08-30_14-49-24_incident_stopped_zone_nb-shoulder.jpg,nb,93049.4,-71.78891913,nb,shoulder,-1
BIBB-CAM-024,32.8332442,-83.73284142,n,8/30/2018,3,Thursday,15:18:43,incident_stopped,2018-08-30_15-18-43_incident_stopped.jpg,nb,93078.71667,-49.27056404,,,-1
N1C09,32.81772219,-83.72879532,n,8/30/2018,3,Thursday,15:23:33,incident_slow,2018-08-30_15-23-33_incident_slow_zone_nb-lanes.jpg,nb,93083.55,-54.56967025,nb,lanes,-1
BIBB-CAM-014,32.7850913,-83.71806273,n,8/30/2018,3,Thursday,15:32:56,incident_stopped,2018-08-30_15-32-56_incident_stopped_zone_nb-shoulder.jpg,nb,93092.93333,-66.07987571,nb,shoulder,-1
N1C03,32.78071485,-83.71530658,n,8/30/2018,3,Thursday,16:05:50,incident_stopped,2018-08-30_16-05-50_incident_stopped_zone_nb-shoulder.jpg,nb,93125.83333,-67.78810628,nb,shoulder,-1
S1C27,32.89654773,-83.78351592,s,8/30/2018,3,Thursday,16:27:17,incident_stopped,2018-08-30_16-27-17_incident_stopped_zone_nb-shoulder.jpg,nb,93147.28333,-23.1858178,nb,shoulder,-1
N1C25,32.88361771,-83.77234944,n,8/30/2018,3,Thursday,16:34:10,incident_stopped,2018-08-30_16-34-10_incident_stopped_zone_ramp-shoulder.jpg,nb,93154.16667,-28.57124979,ramp,shoulder,-1
BIBB-CAM-024,32.8332442,-83.73284142,n,8/30/2018,3,Thursday,16:52:32,incident_stopped,2018-08-30_16-52-32_incident_stopped.jpg,nb,93172.53333,-49.27056404,,,-1
N1C33,32.92077604,-83.79943309,n,8/30/2018,3,Thursday,17:38:59,incident_congestion,2018-08-30_17-38-59_incident_congestion_zone_nb-lanes.jpg,nb,93218.98333,-13.74452878,nb,lanes,-1
N1C09,32.81772219,-83.72879532,n,8/30/2018,3,Thursday,17:59:32,incident_slow,2018-08-30_17-59-32_incident_slow_zone_nb-lanes.jpg,nb,93239.53333,-54.56967025,nb,lanes,-1
BIBB-CAM-024,32.8332442,-83.73284142,n,8/30/2018,3,Thursday,18:27:13,incident_stopped,2018-08-30_18-27-13_incident_stopped.jpg,nb,93267.21667,-49.27056404,,,-1
N2C03,32.78071485,-83.71530658,n,8/30/2018,3,Thursday,18:27:42,incident_stopped,2018-08-30_18-27-42_incident_stopped_zone_nb-shoulder.jpg,nb,93267.7,-67.78810628,nb,shoulder,-1
BIBB-CAM-018,32.79962746,-83.72080704,n,8/30/2018,3,Thursday,19:41:49,incident_stopped,2018-08-30_19-41-49_incident_stopped.jpg,nb,93341.81667,-61.20075294,,,-1
N1C01,32.76613511,-83.71030216,n,8/30/2018,3,Thursday,20:00:49,incident_stopped,2018-08-30_20-00-49_incident_stopped_zone_nb-shoulder.jpg,nb,93360.81667,-72.97440738,nb,shoulder,-1
N1C09,32.81772219,-83.72879532,n,8/30/2018,3,Thursday,20:33:33,incident_slow,2018-08-30_20-33-33_incident_slow_zone_nb-lanes.jpg,nb,93393.55,-54.56967025,nb,lanes,-1
BIBB-CAM-024,32.8332442,-83.73284142,n,8/30/2018,3,Thursday,21:01:32,incident_stopped,2018-08-30_21-01-32_incident_stopped.jpg,nb,93421.53333,-49.27056404,,,-1
N1C09,32.81772219,-83.72879532,n,8/30/2018,3,Thursday,21:55:32,incident_slow,2018-08-30_21-55-32_incident_slow_zone_nb-lanes.jpg,nb,93475.53333,-54.56967025,nb,lanes,-1
S1C21,32.86987654,-83.75830175,s,8/30/2018,3,Thursday,22:42:14,incident_stopped,2018-08-30_22-42-14_incident_stopped_zone_nb-shoulder.jpg,nb,93522.23333,-34.62822647,nb,shoulder,-1
N1C21,32.86981764,-83.75767111,n,8/30/2018,3,Thursday,23:11:25,incident_stopped,2018-08-30_23-11-25_incident_stopped_zone_nb-shoulder.jpg,nb,93551.41667,-34.7310666,nb,shoulder,-1
N1C09,32.81772219,-83.72879532,n,8/30/2018,3,Thursday,23:11:32,incident_slow,2018-08-30_23-11-32_incident_slow_zone_nb-lanes.jpg,nb,93551.53333,-54.56967025,nb,lanes,-1
N2C11,32.82699902,-83.73109564,n,8/31/2018,4,Friday,0:33:31,incident_stopped,2018-08-31_00-33-31_incident_stopped_zone_near-shoulder.jpg,nb,93633.51667,-51.41367576,near,shoulder,-1
N1C09,32.81772219,-83.72879532,n,8/31/2018,4,Friday,1:01:33,incident_slow,2018-08-31_01-01-33_incident_slow_zone_nb-lanes.jpg,nb,93661.55,-54.56967025,nb,lanes,-1
N2C14,32.83648848,-83.73452853,n,8/31/2018,4,Friday,2:11:05,incident_stopped,2018-08-31_02-11-05_incident_stopped_zone_nb-shoulder.jpg,nb,93731.08333,-48.05166032,nb,shoulder,-1
S2C14,32.83620205,-83.73500536,s,8/31/2018,4,Friday,2:11:07,incident_stopped,2018-08-31_02-11-07_incident_stopped_zone_far-lanes.jpg,nb,93731.11667,-48.07309629,far,lanes,-1
N1C09,32.81772219,-83.72879532,n,8/31/2018,4,Friday,2:19:32,incident_slow,2018-08-31_02-19-32_incident_slow_zone_nb-lanes.jpg,nb,93739.53333,-54.56967025,nb,lanes,-1
N1C12,32.83181185,-83.73251121,n,8/31/2018,4,Friday,2:35:01,incident_stopped,2018-08-31_02-35-01_incident_stopped_zone_ramp-lanes.jpg,nb,93755.01667,-49.75191444,ramp,lanes,-1
N1C09,32.81772219,-83.72879532,n,8/31/2018,4,Friday,4:51:33,incident_slow,2018-08-31_04-51-33_incident_slow_zone_nb-lanes.jpg,nb,93891.55,-54.56967025,nb,lanes,-1
N1C09,32.81772219,-83.72879532,n,8/31/2018,4,Friday,6:27:33,incident_slow,2018-08-31_06-27-33_incident_slow_zone_nb-lanes.jpg,nb,93987.55,-54.56967025,nb,lanes,-1
BIBB-CAM-024,32.8332442,-83.73284142,n,8/31/2018,4,Friday,6:55:34,incident_congestion,2018-08-31_06-55-34_incident_congestion_zone_nb-lanes.jpg,nb,94015.56667,-49.27056404,nb,lanes,-1
BIBB-CAM-024,32.8332442,-83.73284142,n,8/31/2018,4,Friday,7:01:25,incident_stopped,2018-08-31_07-01-25_incident_stopped.jpg,nb,94021.41667,-49.27056404,,,-1
N1C09,32.81772219,-83.72879532,n,8/31/2018,4,Friday,7:55:33,incident_slow,2018-08-31_07-55-33_incident_slow_zone_nb-lanes.jpg,nb,94075.55,-54.56967025,nb,lanes,-1
N1C01,32.76613511,-83.71030216,n,8/31/2018,4,Friday,8:20:35,incident_stopped,2018-08-31_08-20-35_incident_stopped_zone_nb-shoulder.jpg,nb,94100.58333,-72.97440738,nb,shoulder,-1
BIBB-CAM-009,32.76613511,-83.71030216,n,8/31/2018,4,Friday,8:24:30,incident_stopped,2018-08-31_08-24-30_incident_stopped.jpg,nb,94104.5,-72.97440738,,,-1
N1C03,32.78071485,-83.71530658,n,8/31/2018,4,Friday,8:26:28,incident_stopped,2018-08-31_08-26-28_incident_stopped_zone_nb-shoulder.jpg,nb,94106.46667,-67.78810628,nb,shoulder,-1
N2C33,32.92077604,-83.79943309,n,8/31/2018,4,Friday,8:43:16,incident_stopped,2018-08-31_08-43-16_incident_stopped_zone_nb-shoulder.jpg,nb,94123.26667,-13.74452878,nb,shoulder,-1
BIBB-CAM-013,32.77567367,-83.7128245,s,8/31/2018,4,Friday,8:55:34,incident_stopped,2018-08-31_08-55-34_incident_stopped_zone_nb-shoulder.jpg,nb,94135.56667,-69.6715058,nb,shoulder,-1
N1C09,32.81772219,-83.72879532,n,8/31/2018,4,Friday,9:06:33,incident_slow,2018-08-31_09-06-33_incident_slow_zone_nb-lanes.jpg,nb,94146.55,-54.56967025,nb,lanes,-1
S1C21,32.86987654,-83.75830175,s,8/31/2018,4,Friday,9:37:11,incident_stopped,2018-08-31_09-37-11_incident_stopped_zone_nb-shoulder.jpg,nb,94177.18333,-34.62822647,nb,shoulder,-1
N2C03,32.78071485,-83.71530658,n,8/31/2018,4,Friday,9:48:23,incident_stopped,2018-08-31_09-48-23_incident_stopped_zone_nb-shoulder.jpg,nb,94188.38333,-67.78810628,nb,shoulder,-1
BIBB-CAM-024,32.8332442,-83.73284142,n,8/31/2018,4,Friday,10:21:51,incident_stopped,2018-08-31_10-21-51_incident_stopped.jpg,nb,94221.85,-49.27056404,,,-1
N1C09,32.81772219,-83.72879532,n,8/31/2018,4,Friday,10:35:33,incident_slow,2018-08-31_10-35-33_incident_slow_zone_nb-lanes.jpg,nb,94235.55,-54.56967025,nb,lanes,-1
N1C06,32.79465366,-83.72010538,n,8/31/2018,4,Friday,10:57:38,incident_stopped,2018-08-31_10-57-38_incident_stopped_zone_nb-shoulder.jpg,nb,94257.63333,-62.83684554,nb,shoulder,-1
BIBB-CAM-030,32.86987654,-83.75830175,s,8/31/2018,4,Friday,11:00:10,incident_stopped,2018-08-31_11-00-10_incident_stopped_zone_far-shoulder.jpg,nb,94260.16667,-34.62822647,far,shoulder,-1
N1C21,32.86981764,-83.75767111,n,8/31/2018,4,Friday,11:21:01,incident_stopped,2018-08-31_11-21-01_incident_stopped_zone_nb-shoulder.jpg,nb,94281.01667,-34.7310666,nb,shoulder,-1
S1C16,32.84561646,-83.73933607,s,8/31/2018,4,Friday,11:24:10,incident_stopped,2018-08-31_11-24-10_incident_stopped_zone_nb-shoulder.jpg,nb,94284.16667,-44.61500342,nb,shoulder,-1
S2C08,32.80622138,-83.72432815,s,8/31/2018,4,Friday,11:37:01,incident_stopped,2018-08-31_11-37-01_incident_stopped_zone_nb-shoulder.jpg,nb,94297.01667,-58.705165,nb,shoulder,-1
BIBB-CAM-028,32.86504559,-83.75232959,n,8/31/2018,4,Friday,11:51:21,incident_stopped,2018-08-31_11-51-21_incident_stopped_zone_nb-shoulder.jpg,nb,94311.35,-36.91653912,nb,shoulder,-1
BIBB-CAM-024,32.8332442,-83.73284142,n,8/31/2018,4,Friday,11:53:04,incident_stopped,2018-08-31_11-53-04_incident_stopped.jpg,nb,94313.06667,-49.27056404,,,-1
N2C38,32.94876151,-83.81228301,n,8/31/2018,4,Friday,12:00:47,incident_stopped,2018-08-31_12-00-47_incident_stopped_zone_nb-shoulder.jpg,nb,94320.78333,-3.479229064,nb,shoulder,-1
S1C21,32.86987654,-83.75830175,s,8/31/2018,4,Friday,12:06:03,incident_stopped,2018-08-31_12-06-03_incident_stopped_zone_nb-shoulder.jpg,nb,94326.05,-34.62822647,nb,shoulder,-1
BIBB-CAM-024,32.8332442,-83.73284142,n,8/31/2018,4,Friday,12:27:51,incident_congestion,2018-08-31_12-27-51_incident_congestion_zone_nb-lanes.jpg,nb,94347.85,-49.27056404,nb,lanes,-1
BIBB-CAM-036,32.91536047,-83.79703412,s,8/31/2018,4,Friday,13:22:08,incident_stopped,2018-08-31_13-22-08_incident_stopped_zone_far-shoulder.jpg,nb,94402.13333,-15.73785658,far,shoulder,-1
BIBB-CAM-024,32.8332442,-83.73284142,n,8/31/2018,4,Friday,13:25:08,incident_stopped,2018-08-31_13-25-08_incident_stopped.jpg,nb,94405.13333,-49.27056404,,,-1
N2C01,32.76613511,-83.71030216,n,8/31/2018,4,Friday,13:28:22,incident_stopped,2018-08-31_13-28-22_incident_stopped_zone_nb-shoulder.jpg,nb,94408.36667,-72.97440738,nb,shoulder,-1
N2C03,32.78071485,-83.71530658,n,8/31/2018,4,Friday,13:56:06,incident_stopped,2018-08-31_13-56-06_incident_stopped_zone_nb-shoulder.jpg,nb,94436.1,-67.78810628,nb,shoulder,-1
S2C04,32.78488999,-83.71869237,s,8/31/2018,4,Friday,14:54:34,incident_stopped,2018-08-31_14-54-34_incident_stopped_zone_nb-shoulder.jpg,nb,94494.56667,-66.06682308,nb,shoulder,-1
S1C21,32.86987654,-83.75830175,s,8/31/2018,4,Friday,14:59:09,incident_stopped,2018-08-31_14-59-09_incident_stopped_zone_nb-shoulder.jpg,nb,94499.15,-34.62822647,nb,shoulder,-1
N1C12,32.83181185,-83.73251121,n,8/31/2018,4,Friday,15:04:44,incident_stopped,2018-08-31_15-04-44_incident_stopped_zone_ramp-lanes.jpg,nb,94504.73333,-49.75191444,ramp,lanes,-1
BIBB-CAM-018,32.79962746,-83.72080704,n,8/31/2018,4,Friday,15:09:57,incident_stopped,2018-08-31_15-09-57_incident_stopped.jpg,nb,94509.95,-61.20075294,,,-1
S1C16,32.84561646,-83.73933607,s,8/31/2018,4,Friday,15:14:58,incident_stopped,2018-08-31_15-14-58_incident_stopped_zone_nb-shoulder.jpg,nb,94514.96667,-44.61500342,nb,shoulder,-1
BIBB-CAM-024,32.8332442,-83.73284142,n,8/31/2018,4,Friday,15:46:17,incident_stopped,2018-08-31_15-46-17_incident_stopped.jpg,nb,94546.28333,-49.27056404,,,-1
N2C17,32.84958885,-83.74065988,n,8/31/2018,4,Friday,15:54:31,incident_stopped,2018-08-31_15-54-31_incident_stopped_zone_nb-shoulder.jpg,nb,94554.51667,-43.22840936,nb,shoulder,-1
N2C03,32.78071485,-83.71530658,n,8/31/2018,4,Friday,15:57:35,incident_stopped,2018-08-31_15-57-35_incident_stopped_zone_nb-shoulder.jpg,nb,94557.58333,-67.78810628,nb,shoulder,-1
N3C38,32.94876151,-83.81228301,n,8/31/2018,4,Friday,16:14:28,incident_stopped,2018-08-31_16-14-28_incident_stopped_zone_nb-shoulder.jpg,nb,94574.46667,-3.479229064,nb,shoulder,-1
BIBB-CAM-030,32.86987654,-83.75830175,s,8/31/2018,4,Friday,16:19:33,incident_stopped,2018-08-31_16-19-33_incident_stopped_zone_far-shoulder.jpg,nb,94579.55,-34.62822647,far,shoulder,-1
N1C07,32.80647151,-83.72379194,n,8/31/2018,4,Friday,16:34:42,incident_stopped,2018-08-31_16-34-42_incident_stopped_zone_ramp-shoulder.jpg,nb,94594.7,-58.69634095,ramp,shoulder,-1
S2C04,32.78488999,-83.71869237,s,8/31/2018,4,Friday,16:38:09,incident_stopped,2018-08-31_16-38-09_incident_stopped_zone_nb-lanes.jpg,nb,94598.15,-66.06682308,nb,lanes,-1
BIBB-CAM-022,32.82254015,-83.73046915,s,8/31/2018,4,Friday,16:39:21,incident_stopped,2018-08-31_16-39-21_incident_stopped_zone_nb-shoulder.jpg,nb,94599.35,-52.86537408,nb,shoulder,-1
BIBB-CAM-024,32.8332442,-83.73284142,n,8/31/2018,4,Friday,17:18:13,incident_stopped,2018-08-31_17-18-13_incident_stopped.jpg,nb,94638.21667,-49.27056404,,,-1
N1C06,32.79465366,-83.72010538,n,8/31/2018,4,Friday,17:27:03,incident_stopped,2018-08-31_17-27-03_incident_stopped_zone_nb-shoulder.jpg,nb,94647.05,-62.83684554,nb,shoulder,-1
N1C09,32.81772219,-83.72879532,n,8/31/2018,4,Friday,18:05:32,incident_slow,2018-08-31_18-05-32_incident_slow_zone_nb-lanes.jpg,nb,94685.53333,-54.56967025,nb,lanes,-1
S2C09,32.81017134,-83.72613824,s,8/31/2018,4,Friday,18:10:03,incident_stopped,2018-08-31_18-10-03_incident_stopped_zone_nb-shoulder.jpg,nb,94690.05,-57.24864799,nb,shoulder,-1
S2C04,32.78488999,-83.71869237,s,8/31/2018,4,Friday,18:17:03,incident_stopped,2018-08-31_18-17-03_incident_stopped_zone_nb-shoulder.jpg,nb,94697.05,-66.06682308,nb,shoulder,-1
BIBB-CAM-030,32.86987654,-83.75830175,s,8/31/2018,4,Friday,18:39:26,incident_stopped,2018-08-31_18-39-26_incident_stopped_zone_far-shoulder.jpg,nb,94719.43333,-34.62822647,far,shoulder,-1
N1C17,32.84958885,-83.74065988,n,8/31/2018,4,Friday,18:52:37,incident_stopped,2018-08-31_18-52-37_incident_stopped_zone_nb-shoulder.jpg,nb,94732.61667,-43.22840936,nb,shoulder,-1
BIBB-CAM-024,32.8332442,-83.73284142,n,8/31/2018,4,Friday,18:58:15,incident_stopped,2018-08-31_18-58-15_incident_stopped.jpg,nb,94738.25,-49.27056404,,,-1
N1C11,32.82699902,-83.73109564,n,8/31/2018,4,Friday,19:19:15,incident_stopped,2018-08-31_19-19-15_incident_stopped_zone_nb-shoulder.jpg,nb,94759.25,-51.41367576,nb,shoulder,-1
N2C03,32.78071485,-83.71530658,n,8/31/2018,4,Friday,19:20:45,incident_stopped,2018-08-31_19-20-45_incident_stopped_zone_nb-shoulder.jpg,nb,94760.75,-67.78810628,nb,shoulder,-1
N1C09,32.81772219,-83.72879532,n,8/31/2018,4,Friday,19:29:33,incident_slow,2018-08-31_19-29-33_incident_slow_zone_nb-lanes.jpg,nb,94769.55,-54.56967025,nb,lanes,-1
BIBB-CAM-028,32.86504559,-83.75232959,n,8/31/2018,4,Friday,20:01:41,incident_stopped,2018-08-31_20-01-41_incident_stopped_zone_nb-shoulder.jpg,nb,94801.68333,-36.91653912,nb,shoulder,-1
N1C09,32.81772219,-83.72879532,n,8/31/2018,4,Friday,20:43:32,incident_slow,2018-08-31_20-43-32_incident_slow_zone_nb-lanes.jpg,nb,94843.53333,-54.56967025,nb,lanes,-1
BIBB-CAM-024,32.8332442,-83.73284142,n,8/31/2018,4,Friday,21:01:59,incident_stopped,2018-08-31_21-01-59_incident_stopped.jpg,nb,94861.98333,-49.27056404,,,-1
N2C01,32.76613511,-83.71030216,n,8/31/2018,4,Friday,21:38:30,incident_stopped,2018-08-31_21-38-30_incident_stopped_zone_nb-shoulder.jpg,nb,94898.5,-72.97440738,nb,shoulder,-1
N1C09,32.81772219,-83.72879532,n,8/31/2018,4,Friday,22:16:32,incident_slow,2018-08-31_22-16-32_incident_slow_zone_nb-lanes.jpg,nb,94936.53333,-54.56967025,nb,lanes,-1
BIBB-CAM-024,32.8332442,-83.73284142,n,8/31/2018,4,Friday,22:55:05,incident_stopped,2018-08-31_22-55-05_incident_stopped.jpg,nb,94975.08333,-49.27056404,,,-1
N1C25,32.88361771,-83.77234944,n,8/31/2018,4,Friday,23:10:04,incident_stopped,2018-08-31_23-10-04_incident_stopped_zone_ramp-shoulder.jpg,nb,94990.06667,-28.57124979,ramp,shoulder,-1
N1C09,32.81772219,-83.72879532,n,8/31/2018,4,Friday,23:28:33,incident_slow,2018-08-31_23-28-33_incident_slow_zone_nb-lanes.jpg,nb,95008.55,-54.56967025,nb,lanes,-1
N1C09,32.81772219,-83.72879532,n,9/1/2018,5,Saturday,1:01:33,incident_slow,2018-09-01_01-01-33_incident_slow_zone_nb-lanes.jpg,nb,95101.55,-54.56967025,nb,lanes,-1
BIBB-CAM-024,32.8332442,-83.73284142,n,9/1/2018,5,Saturday,1:59:56,incident_stopped,2018-09-01_01-59-56_incident_stopped.jpg,nb,95159.93333,-49.27056404,,,-1
N1C40,32.751099,-83.713281,n,9/1/2018,5,Saturday,2:37:09,incident_stopped,2018-09-01_02-37-09_incident_stopped_zone_nb-lanes.jpg,nb,95197.15,-77.41345723,nb,lanes,-1
N1C09,32.81772219,-83.72879532,n,9/1/2018,5,Saturday,2:46:33,incident_slow,2018-09-01_02-46-33_incident_slow_zone_nb-lanes.jpg,nb,95206.55,-54.56967025,nb,lanes,-1
S2C09,32.81017134,-83.72613824,s,9/1/2018,5,Saturday,4:31:38,incident_stopped,2018-09-01_04-31-38_incident_stopped_zone_nb-shoulder.jpg,nb,95311.63333,-57.24864799,nb,shoulder,-1
N1C09,32.81772219,-83.72879532,n,9/1/2018,5,Saturday,6:10:33,incident_slow,2018-09-01_06-10-33_incident_slow_zone_nb-lanes.jpg,nb,95410.55,-54.56967025,nb,lanes,-1
N1C03,32.78071485,-83.71530658,n,9/1/2018,5,Saturday,6:55:02,incident_stopped,2018-09-01_06-55-02_incident_stopped_zone_nb-shoulder.jpg,nb,95455.03333,-67.78810628,nb,shoulder,-1
N2C03,32.78071485,-83.71530658,n,9/1/2018,5,Saturday,7:04:06,incident_stopped,2018-09-01_07-04-06_incident_stopped_zone_nb-shoulder.jpg,nb,95464.1,-67.78810628,nb,shoulder,-1
N2C40,32.751099,-83.713281,n,9/1/2018,5,Saturday,7:34:19,incident_stopped,2018-09-01_07-34-19_incident_stopped_zone_near-shoulder.jpg,nb,95494.31667,-77.41345723,near,shoulder,-1
N1C09,32.81772219,-83.72879532,n,9/1/2018,5,Saturday,7:46:32,incident_slow,2018-09-01_07-46-32_incident_slow_zone_nb-lanes.jpg,nb,95506.53333,-54.56967025,nb,lanes,-1
N2C33,32.92077604,-83.79943309,n,9/1/2018,5,Saturday,9:17:04,incident_stopped,2018-09-01_09-17-04_incident_stopped_zone_nb-shoulder.jpg,nb,95597.06667,-13.74452878,nb,shoulder,-1
N2C03,32.78071485,-83.71530658,n,9/1/2018,5,Saturday,9:31:28,incident_stopped,2018-09-01_09-31-28_incident_stopped_zone_nb-shoulder.jpg,nb,95611.46667,-67.78810628,nb,shoulder,-1
N1C36,32.93748827,-83.80825819,n,9/1/2018,5,Saturday,10:10:36,incident_stopped,2018-09-01_10-10-36_incident_stopped_zone_nb-shoulder.jpg,nb,95650.6,-7.509238214,nb,shoulder,-1
N2C01,32.76613511,-83.71030216,n,9/1/2018,5,Saturday,10:24:08,incident_stopped,2018-09-01_10-24-08_incident_stopped_zone_nb-shoulder.jpg,nb,95664.13333,-72.97440738,nb,shoulder,-1
N1C10,32.82260317,-83.73001566,n,9/1/2018,5,Saturday,10:32:00,incident_stopped,2018-09-01_10-32-00_incident_stopped_zone_nb-shoulder.jpg,nb,95672,-52.90603101,nb,shoulder,-1
S1C21,32.86987654,-83.75830175,s,9/1/2018,5,Saturday,10:50:30,incident_stopped,2018-09-01_10-50-30_incident_stopped_zone_nb-shoulder.jpg,nb,95690.5,-34.62822647,nb,shoulder,-1
N2C03,32.78071485,-83.71530658,n,9/1/2018,5,Saturday,11:02:54,incident_stopped,2018-09-01_11-02-54_incident_stopped_zone_nb-shoulder.jpg,nb,95702.9,-67.78810628,nb,shoulder,-1
N1C03,32.78071485,-83.71530658,n,9/1/2018,5,Saturday,11:11:58,incident_stopped,2018-09-01_11-11-58_incident_stopped_zone_nb-shoulder.jpg,nb,95711.96667,-67.78810628,nb,shoulder,-1
S1C32,32.92026721,-83.79963273,s,9/1/2018,5,Saturday,11:22:48,incident_stopped,2018-09-01_11-22-48_incident_stopped_zone_nb-shoulder.jpg,nb,95722.8,-13.89579256,nb,shoulder,-1
S1C21,32.86987654,-83.75830175,s,9/1/2018,5,Saturday,12:55:25,incident_stopped,2018-09-01_12-55-25_incident_stopped_zone_nb-shoulder.jpg,nb,95815.41667,-34.62822647,nb,shoulder,-1
S2C17,32.84950348,-83.74113514,s,9/1/2018,5,Saturday,12:57:23,incident_stopped,2018-09-01_12-57-23_incident_stopped_zone_nb-shoulder.jpg,nb,95817.38333,-43.18705025,nb,shoulder,-1
N2C01,32.76613511,-83.71030216,n,9/1/2018,5,Saturday,13:14:41,incident_stopped,2018-09-01_13-14-41_incident_stopped_zone_nb-shoulder.jpg,nb,95834.68333,-72.97440738,nb,shoulder,-1
N2C03,32.78071485,-83.71530658,n,9/1/2018,5,Saturday,13:20:48,incident_stopped,2018-09-01_13-20-48_incident_stopped_zone_nb-shoulder.jpg,nb,95840.8,-67.78810628,nb,shoulder,-1
BIBB-CAM-024,32.8332442,-83.73284142,n,9/1/2018,5,Saturday,13:59:13,incident_stopped,2018-09-01_13-59-13_incident_stopped.jpg,nb,95879.21667,-49.27056404,,,-1
S3C03,32.78046082,-83.71590778,s,9/1/2018,5,Saturday,14:07:53,incident_stopped,2018-09-01_14-07-53_incident_stopped_zone_nb-shoulder.jpg,nb,95887.88333,-67.79477411,nb,shoulder,-1
BIBB-CAM-028,32.86504559,-83.75232959,n,9/1/2018,5,Saturday,14:26:03,incident_stopped,2018-09-01_14-26-03_incident_stopped_zone_nb-shoulder.jpg,nb,95906.05,-36.91653912,nb,shoulder,-1
N2C01,32.76613511,-83.71030216,n,9/1/2018,5,Saturday,15:12:42,incident_stopped,2018-09-01_15-12-42_incident_stopped_zone_nb-shoulder.jpg,nb,95952.7,-72.97440738,nb,shoulder,-1
BIBB-CAM-016,32.78992515,-83.7196095,n,9/1/2018,5,Saturday,15:25:37,incident_stopped,2018-09-01_15-25-37_incident_stopped_zone_nb-lanes.jpg,nb,95965.61667,-64.37580962,nb,lanes,-1
S2C11,32.82254015,-83.73046915,s,9/1/2018,5,Saturday,15:31:54,incident_stopped,2018-09-01_15-31-54_incident_stopped_zone_far-shoulder.jpg,nb,95971.9,-52.86537408,far,shoulder,-1
N1C10,32.82260317,-83.73001566,n,9/1/2018,5,Saturday,15:31:54,incident_stopped,2018-09-01_15-31-54_incident_stopped_zone_nb-shoulder.jpg,nb,95971.9,-52.90603101,nb,shoulder,-1
S2C12,32.82694969,-83.73158785,s,9/1/2018,5,Saturday,15:31:59,incident_stopped,2018-09-01_15-31-59_incident_stopped_zone_nb-shoulder.jpg,nb,95971.98333,-51.36261191,nb,shoulder,-1
N2C11,32.82699902,-83.73109564,n,9/1/2018,5,Saturday,15:32:04,incident_stopped,2018-09-01_15-32-04_incident_stopped_zone_near-shoulder.jpg,nb,95972.06667,-51.41367576,near,shoulder,-1
BIBB-CAM-024,32.8332442,-83.73284142,n,9/1/2018,5,Saturday,15:33:01,incident_stopped,2018-09-01_15-33-01_incident_stopped.jpg,nb,95973.01667,-49.27056404,,,-1
BIBB-CAM-018,32.79962746,-83.72080704,n,9/1/2018,5,Saturday,15:44:45,incident_stopped,2018-09-01_15-44-45_incident_stopped.jpg,nb,95984.75,-61.20075294,,,-1
S2C13,32.831725,-83.73297366,s,9/1/2018,5,Saturday,15:52:55,incident_stopped,2018-09-01_15-52-55_incident_stopped_zone_nb-shoulder.jpg,nb,95992.91667,-49.71525632,nb,shoulder,-1
BIBB-CAM-009,32.76613511,-83.71030216,n,9/1/2018,5,Saturday,16:06:35,incident_stopped,2018-09-01_16-06-35_incident_stopped.jpg,nb,96006.58333,-72.97440738,,,-1
N1C21,32.86981764,-83.75767111,n,9/1/2018,5,Saturday,16:08:54,incident_stopped,2018-09-01_16-08-54_incident_stopped_zone_nb-shoulder.jpg,nb,96008.9,-34.7310666,nb,shoulder,-1
N2C03,32.78071485,-83.71530658,n,9/1/2018,5,Saturday,16:18:36,incident_stopped,2018-09-01_16-18-36_incident_stopped_zone_nb-shoulder.jpg,nb,96018.6,-67.78810628,nb,shoulder,-1
N1C40,32.751099,-83.713281,n,9/1/2018,5,Saturday,16:39:24,incident_stopped,2018-09-01_16-39-24_incident_stopped_zone_nb-lanes.jpg,nb,96039.4,-77.41345723,nb,lanes,-1
N2C40,32.751099,-83.713281,n,9/1/2018,5,Saturday,16:39:26,incident_stopped,2018-09-01_16-39-26_incident_stopped_zone_near-lanes.jpg,nb,96039.43333,-77.41345723,near,lanes,-1
BIBB-CAM-036,32.91536047,-83.79703412,s,9/1/2018,5,Saturday,16:49:51,incident_stopped,2018-09-01_16-49-51_incident_stopped_zone_far-shoulder.jpg,nb,96049.85,-15.73785658,far,shoulder,-1
N1C17,32.84958885,-83.74065988,n,9/1/2018,5,Saturday,16:56:59,incident_stopped,2018-09-01_16-56-59_incident_stopped_zone_nb-shoulder.jpg,nb,96056.98333,-43.22840936,nb,shoulder,-1
BIBB-CAM-024,32.8332442,-83.73284142,n,9/1/2018,5,Saturday,17:11:08,incident_stopped,2018-09-01_17-11-08_incident_stopped.jpg,nb,96071.13333,-49.27056404,,,-1
N1C20,32.86504559,-83.75232959,n,9/1/2018,5,Saturday,17:32:42,incident_stopped,2018-09-01_17-32-42_incident_stopped_zone_nb-shoulder.jpg,nb,96092.7,-36.91653912,nb,shoulder,-1
N1C25,32.88361771,-83.77234944,n,9/1/2018,5,Saturday,17:34:31,incident_stopped,2018-09-01_17-34-31_incident_stopped_zone_ramp-shoulder.jpg,nb,96094.51667,-28.57124979,ramp,shoulder,-1
N1C06,32.79465366,-83.72010538,n,9/1/2018,5,Saturday,17:37:01,incident_stopped,2018-09-01_17-37-01_incident_stopped_zone_nb-shoulder.jpg,nb,96097.01667,-62.83684554,nb,shoulder,-1
N1C31,32.90737428,-83.79168212,n,9/1/2018,5,Saturday,17:49:36,incident_stopped,2018-09-01_17-49-36_incident_stopped_zone_nb-shoulder.jpg,nb,96109.6,-18.84792303,nb,shoulder,-1
BIBB-CAM-037,32.92513731,-83.80220611,s,9/1/2018,5,Saturday,17:50:17,incident_stopped,2018-09-01_17-50-17_incident_stopped_zone_nb-lanes.jpg,nb,96110.28333,-12.07189332,nb,lanes,-1
N2C03,32.78071485,-83.71530658,n,9/1/2018,5,Saturday,17:52:54,incident_stopped,2018-09-01_17-52-54_incident_stopped_zone_nb-shoulder.jpg,nb,96112.9,-67.78810628,nb,shoulder,-1
BIBB-CAM-024,32.8332442,-83.73284142,n,9/1/2018,5,Saturday,18:53:46,incident_stopped,2018-09-01_18-53-46_incident_stopped.jpg,nb,96173.76667,-49.27056404,,,-1
S2C12,32.82694969,-83.73158785,s,9/1/2018,5,Saturday,19:12:03,incident_stopped,2018-09-01_19-12-03_incident_stopped_zone_nb-shoulder.jpg,nb,96192.05,-51.36261191,nb,shoulder,-1
N2C11,32.82699902,-83.73109564,n,9/1/2018,5,Saturday,19:12:07,incident_stopped,2018-09-01_19-12-07_incident_stopped_zone_near-shoulder.jpg,nb,96192.11667,-51.41367576,near,shoulder,-1
BIBB-CAM-028,32.86504559,-83.75232959,n,9/1/2018,5,Saturday,19:46:08,incident_stopped,2018-09-01_19-46-08_incident_stopped.jpg,nb,96226.13333,-36.91653912,,,-1
BIBB-CAM-024,32.8332442,-83.73284142,n,9/1/2018,5,Saturday,20:38:11,incident_stopped,2018-09-01_20-38-11_incident_stopped.jpg,nb,96278.18333,-49.27056404,,,-1
N2C01,32.76613511,-83.71030216,n,9/1/2018,5,Saturday,21:19:30,incident_stopped,2018-09-01_21-19-30_incident_stopped_zone_nb-shoulder.jpg,nb,96319.5,-72.97440738,nb,shoulder,-1
BIBB-CAM-024,32.8332442,-83.73284142,n,9/1/2018,5,Saturday,23:02:44,incident_stopped,2018-09-01_23-02-44_incident_stopped.jpg,nb,96422.73333,-49.27056404,,,-1
S1C32,32.92026721,-83.79963273,s,9/2/2018,6,Sunday,4:00:20,incident_stopped,2018-09-02_04-00-20_incident_stopped_zone_nb-shoulder.jpg,nb,96720.33333,-13.89579256,nb,shoulder,-1
S1C28,32.90013203,-83.7863588,s,9/2/2018,6,Sunday,6:06:20,incident_stopped,2018-09-02_06-06-20_incident_stopped_zone_nb-shoulder.jpg,nb,96846.33333,-21.73107036,nb,shoulder,-1
N1C23,32.87756847,-83.76599732,n,9/2/2018,6,Sunday,6:31:30,incident_stopped,2018-09-02_06-31-30_incident_stopped_zone_nb-shoulder.jpg,nb,96871.5,-31.24939169,nb,shoulder,-1
BIBB-CAM-028,32.86504559,-83.75232959,n,9/2/2018,6,Sunday,6:40:06,incident_stopped,2018-09-02_06-40-06_incident_stopped.jpg,nb,96880.1,-36.91653912,,,-1
BIBB-CAM-024,32.8332442,-83.73284142,n,9/2/2018,6,Sunday,7:02:31,incident_stopped,2018-09-02_07-02-31_incident_stopped.jpg,nb,96902.51667,-49.27056404,,,-1
S2C14,32.83620205,-83.73500536,s,9/2/2018,6,Sunday,8:06:01,incident_stopped,2018-09-02_08-06-01_incident_stopped_zone_far-shoulder.jpg,nb,96966.01667,-48.07309629,far,shoulder,-1
N2C14,32.83648848,-83.73452853,n,9/2/2018,6,Sunday,8:06:01,incident_stopped,2018-09-02_08-06-01_incident_stopped_zone_nb-shoulder.jpg,nb,96966.01667,-48.05166032,nb,shoulder,-1
N2C30,32.90369996,-83.788703,n,9/2/2018,6,Sunday,8:09:03,incident_stopped,2018-09-02_08-09-03_incident_stopped_zone_nb-shoulder.jpg,nb,96969.05,-20.33695357,nb,shoulder,-1
N2C32,32.91549987,-83.79665373,n,9/2/2018,6,Sunday,8:09:48,incident_stopped,2018-09-02_08-09-48_incident_stopped_zone_nb-shoulder.jpg,nb,96969.8,-15.72572861,nb,shoulder,-1
N1C08,32.81331958,-83.72706597,n,9/2/2018,6,Sunday,8:18:13,incident_stopped,2018-09-02_08-18-13_incident_stopped_zone_ramp-shoulder.jpg,nb,96978.21667,-56.15448649,ramp,shoulder,-1
BIBB-CAM-024,32.8332442,-83.73284142,n,9/2/2018,6,Sunday,9:10:55,incident_stopped,2018-09-02_09-10-55_incident_stopped.jpg,nb,97030.91667,-49.27056404,,,-1
S1C16,32.84561646,-83.73933607,s,9/2/2018,6,Sunday,9:54:00,incident_stopped,2018-09-02_09-54-00_incident_stopped_zone_nb-shoulder.jpg,nb,97074,-44.61500342,nb,shoulder,-1
S1C21,32.86987654,-83.75830175,s,9/2/2018,6,Sunday,10:01:55,incident_stopped,2018-09-02_10-01-55_incident_stopped_zone_nb-shoulder.jpg,nb,97081.91667,-34.62822647,nb,shoulder,-1
N2C01,32.76613511,-83.71030216,n,9/2/2018,6,Sunday,10:06:30,incident_stopped,2018-09-02_10-06-30_incident_stopped_zone_nb-shoulder.jpg,nb,97086.5,-72.97440738,nb,shoulder,-1
N1C33,32.92077604,-83.79943309,n,9/2/2018,6,Sunday,10:13:44,incident_stopped,2018-09-02_10-13-44_incident_stopped_zone_nb-shoulder.jpg,nb,97093.73333,-13.74452878,nb,shoulder,-1
BIBB-CAM-024,32.8332442,-83.73284142,n,9/2/2018,6,Sunday,10:46:45,incident_stopped,2018-09-02_10-46-45_incident_stopped.jpg,nb,97126.75,-49.27056404,,,-1
N1C03,32.78071485,-83.71530658,n,9/2/2018,6,Sunday,10:48:26,incident_stopped,2018-09-02_10-48-26_incident_stopped_zone_nb-shoulder.jpg,nb,97128.43333,-67.78810628,nb,shoulder,-1
N2C03,32.78071485,-83.71530658,n,9/2/2018,6,Sunday,10:51:19,incident_congestion,2018-09-02_10-51-19_incident_congestion_zone_nb-lanes.jpg,nb,97131.31667,-67.78810628,nb,lanes,-1
N2C03,32.78071485,-83.71530658,n,9/2/2018,6,Sunday,10:52:13,incident_stopped,2018-09-02_10-52-13_incident_stopped_zone_nb-lanes.jpg,nb,97132.21667,-67.78810628,nb,lanes,-1
S3C03,32.78046082,-83.71590778,s,9/2/2018,6,Sunday,10:52:13,incident_stopped,2018-09-02_10-52-13_incident_stopped_zone_nb-shoulder.jpg,nb,97132.21667,-67.79477411,nb,shoulder,-1
BIBB-CAM-012,32.77593588,-83.71230837,n,9/2/2018,6,Sunday,10:54:23,incident_congestion,2018-09-02_10-54-23_incident_congestion_zone_nb-lanes.jpg,nb,97134.38333,-69.65221113,nb,lanes,-1
BIBB-CAM-013,32.77567367,-83.7128245,s,9/2/2018,6,Sunday,10:58:20,incident_congestion,2018-09-02_10-58-20_incident_congestion_zone_nb-lanes.jpg,nb,97138.33333,-69.6715058,nb,lanes,-1
BIBB-CAM-013,32.77567367,-83.7128245,s,9/2/2018,6,Sunday,11:02:33,incident_slow,2018-09-02_11-02-33_incident_slow_zone_nb-lanes.jpg,nb,97142.55,-69.6715058,nb,lanes,-1
N1C25,32.88361771,-83.77234944,n,9/2/2018,6,Sunday,11:08:14,incident_stopped,2018-09-02_11-08-14_incident_stopped_zone_ramp-shoulder.jpg,nb,97148.23333,-28.57124979,ramp,shoulder,-1
BIBB-CAM-028,32.86504559,-83.75232959,n,9/2/2018,6,Sunday,11:18:52,incident_stopped,2018-09-02_11-18-52_incident_stopped_zone_nb-shoulder.jpg,nb,97158.86667,-36.91653912,nb,shoulder,-1
N3C01,32.76613511,-83.71030216,n,9/2/2018,6,Sunday,11:32:06,incident_stopped,2018-09-02_11-32-06_incident_stopped_zone_nb-shoulder.jpg,nb,97172.1,-72.97440738,nb,shoulder,-1
N3C07,32.80647151,-83.72379194,n,9/2/2018,6,Sunday,11:53:01,incident_stopped,2018-09-02_11-53-01_incident_stopped_zone_near-shoulder.jpg,nb,97193.01667,-58.69634095,near,shoulder,-1
N2C01,32.76613511,-83.71030216,n,9/2/2018,6,Sunday,12:05:24,incident_stopped,2018-09-02_12-05-24_incident_stopped_zone_nb-shoulder.jpg,nb,97205.4,-72.97440738,nb,shoulder,-1
S2C17,32.84950348,-83.74113514,s,9/2/2018,6,Sunday,12:25:01,incident_stopped,2018-09-02_12-25-01_incident_stopped_zone_nb-shoulder.jpg,nb,97225.01667,-43.18705025,nb,shoulder,-1
BIBB-CAM-024,32.8332442,-83.73284142,n,9/2/2018,6,Sunday,12:49:46,incident_stopped,2018-09-02_12-49-46_incident_stopped.jpg,nb,97249.76667,-49.27056404,,,-1
S1C21,32.86987654,-83.75830175,s,9/2/2018,6,Sunday,13:20:57,incident_stopped,2018-09-02_13-20-57_incident_stopped_zone_nb-shoulder.jpg,nb,97280.95,-34.62822647,nb,shoulder,-1
N2C03,32.78071485,-83.71530658,n,9/2/2018,6,Sunday,13:24:48,incident_stopped,2018-09-02_13-24-48_incident_stopped_zone_nb-shoulder.jpg,nb,97284.8,-67.78810628,nb,shoulder,-1
S3C03,32.78046082,-83.71590778,s,9/2/2018,6,Sunday,13:24:54,incident_stopped,2018-09-02_13-24-54_incident_stopped_zone_nb-shoulder.jpg,nb,97284.9,-67.79477411,nb,shoulder,-1
BIBB-CAM-024,32.8332442,-83.73284142,n,9/2/2018,6,Sunday,13:52:45,incident_congestion,2018-09-02_13-52-45_incident_congestion_zone_nb-lanes.jpg,nb,97312.75,-49.27056404,nb,lanes,-1
S1C27,32.89654773,-83.78351592,s,9/2/2018,6,Sunday,14:07:16,incident_stopped,2018-09-02_14-07-16_incident_stopped_zone_nb-shoulder.jpg,nb,97327.26667,-23.1858178,nb,shoulder,-1
N1C29,32.89985331,-83.78559794,n,9/2/2018,6,Sunday,14:07:17,incident_stopped,2018-09-02_14-07-17_incident_stopped_zone_nb-shoulder.jpg,nb,97327.28333,-21.901237,nb,shoulder,-1
N1C28,32.89668342,-83.78307091,n,9/2/2018,6,Sunday,14:07:23,incident_stopped,2018-09-02_14-07-23_incident_stopped_zone_nb-shoulder.jpg,nb,97327.38333,-23.1910345,nb,shoulder,-1
BIBB-CAM-024,32.8332442,-83.73284142,n,9/2/2018,6,Sunday,14:20:22,incident_stopped,2018-09-02_14-20-22_incident_stopped.jpg,nb,97340.36667,-49.27056404,,,-1
BIBB-CAM-009,32.76613511,-83.71030216,n,9/2/2018,6,Sunday,14:25:48,incident_stopped,2018-09-02_14-25-48_incident_stopped.jpg,nb,97345.8,-72.97440738,,,-1
S1C24,32.87958032,-83.76886573,s,9/2/2018,6,Sunday,14:33:51,incident_stopped,2018-09-02_14-33-51_incident_stopped_zone_far-shoulder.jpg,nb,97353.85,-30.26227087,far,shoulder,-1
S2C23,32.8774369,-83.7665846,s,9/2/2018,6,Sunday,14:33:53,incident_stopped,2018-09-02_14-33-53_incident_stopped_zone_far-shoulder.jpg,nb,97353.88333,-31.21570867,far,shoulder,-1
N1C23,32.87756847,-83.76599732,n,9/2/2018,6,Sunday,14:33:59,incident_stopped,2018-09-02_14-33-59_incident_stopped_zone_nb-shoulder.jpg,nb,97353.98333,-31.24939169,nb,shoulder,-1
N1C03,32.78071485,-83.71530658,n,9/2/2018,6,Sunday,14:42:52,incident_stopped,2018-09-02_14-42-52_incident_stopped_zone_nb-shoulder.jpg,nb,97362.86667,-67.78810628,nb,shoulder,-1
N3C02,32.76990531,-83.71029631,n,9/2/2018,6,Sunday,14:51:34,incident_stopped,2018-09-02_14-51-34_incident_stopped_zone_nb-shoulder.jpg,nb,97371.56667,-71.78891913,nb,shoulder,-1
S1C16,32.84561646,-83.73933607,s,9/2/2018,6,Sunday,14:58:05,incident_stopped,2018-09-02_14-58-05_incident_stopped_zone_nb-shoulder.jpg,nb,97378.08333,-44.61500342,nb,shoulder,-1
N1C16,32.84577945,-83.73888874,n,9/2/2018,6,Sunday,14:58:08,incident_stopped,2018-09-02_14-58-08_incident_stopped_zone_near-shoulder.jpg,nb,97378.13333,-44.6283787,near,shoulder,-1
S1C30,32.91200591,-83.79524157,s,9/2/2018,6,Sunday,15:24:22,incident_stopped,2018-09-02_15-24-22_incident_stopped_zone_nb-lanes.jpg,nb,97404.36667,-17.00028257,nb,lanes,-1
BIBB-CAM-024,32.8332442,-83.73284142,n,9/2/2018,6,Sunday,16:23:49,incident_stopped,2018-09-02_16-23-49_incident_stopped.jpg,nb,97463.81667,-49.27056404,,,-1
S2C18,32.85465632,-83.74348346,s,9/2/2018,6,Sunday,16:25:49,incident_stopped,2018-09-02_16-25-49_incident_stopped_zone_nb-shoulder.jpg,nb,97465.81667,-41.30069476,nb,shoulder,-1
N2C01,32.76613511,-83.71030216,n,9/2/2018,6,Sunday,16:49:57,incident_stopped,2018-09-02_16-49-57_incident_stopped_zone_nb-shoulder.jpg,nb,97489.95,-72.97440738,nb,shoulder,-1
N2C33,32.92077604,-83.79943309,n,9/2/2018,6,Sunday,17:04:00,incident_stopped,2018-09-02_17-04-00_incident_stopped_zone_nb-shoulder.jpg,nb,97504,-13.74452878,nb,shoulder,-1
BIBB-CAM-024,32.8332442,-83.73284142,n,9/2/2018,6,Sunday,18:08:58,incident_stopped,2018-09-02_18-08-58_incident_stopped.jpg,nb,97568.96667,-49.27056404,,,-1
S2C17,32.84950348,-83.74113514,s,9/2/2018,6,Sunday,18:24:16,incident_stopped,2018-09-02_18-24-16_incident_stopped_zone_nb-shoulder.jpg,nb,97584.26667,-43.18705025,nb,shoulder,-1
N1C29,32.89985331,-83.78559794,n,9/2/2018,6,Sunday,18:40:37,incident_stopped,2018-09-02_18-40-37_incident_stopped_zone_nb-lanes.jpg,nb,97600.61667,-21.901237,nb,lanes,-1
BIBB-CAM-024,32.8332442,-83.73284142,n,9/2/2018,6,Sunday,21:49:07,incident_stopped,2018-09-02_21-49-07_incident_stopped.jpg,nb,97789.11667,-49.27056404,,,-1
N3C39,32.95177015,-83.81217745,n,9/2/2018,6,Sunday,21:56:00,incident_stopped,2018-09-02_21-56-00_incident_stopped_zone_nb-shoulder.jpg,nb,97796,-2.4510298,nb,shoulder,-1
N2C39,32.95177015,-83.81217745,n,9/2/2018,6,Sunday,21:56:06,incident_stopped,2018-09-02_21-56-06_incident_stopped_zone_near-shoulder.jpg,nb,97796.1,-2.4510298,near,shoulder,-1
S2C13,32.831725,-83.73297366,s,9/2/2018,6,Sunday,22:13:19,incident_stopped,2018-09-02_22-13-19_incident_stopped_zone_nb-shoulder.jpg,nb,97813.31667,-49.71525632,nb,shoulder,-1
N1C03,32.78071485,-83.71530658,n,9/2/2018,6,Sunday,23:00:40,incident_stopped,2018-09-02_23-00-40_incident_stopped_zone_nb-shoulder.jpg,nb,97860.66667,-67.78810628,nb,shoulder,-1
BIBB-CAM-024,32.8332442,-83.73284142,n,9/3/2018,0,Monday,0:01:08,incident_stopped,2018-09-03_00-01-08_incident_stopped.jpg,nb,97921.13333,-49.27056404,,,-1
BIBB-CAM-018,32.79962746,-83.72080704,n,9/3/2018,0,Monday,2:34:53,incident_stopped,2018-09-03_02-34-53_incident_stopped.jpg,nb,98074.88333,-61.20075294,,,-1
N2C17,32.84958885,-83.74065988,n,9/3/2018,0,Monday,2:47:27,incident_stopped,2018-09-03_02-47-27_incident_stopped_zone_nb-shoulder.jpg,nb,98087.45,-43.22840936,nb,shoulder,-1
N1C10,32.82260317,-83.73001566,n,9/3/2018,0,Monday,3:05:30,incident_stopped,2018-09-03_03-05-30_incident_stopped_zone_nb-shoulder.jpg,nb,98105.5,-52.90603101,nb,shoulder,-1
S1C12,32.82694969,-83.73158785,s,9/3/2018,0,Monday,3:05:31,incident_stopped,2018-09-03_03-05-31_incident_stopped_zone_nb-lanes.jpg,nb,98105.51667,-51.36261191,nb,lanes,-1
BIBB-CAM-024,32.8332442,-83.73284142,n,9/3/2018,0,Monday,6:22:35,incident_stopped,2018-09-03_06-22-35_incident_stopped.jpg,nb,98302.58333,-49.27056404,,,-1
N2C03,32.78071485,-83.71530658,n,9/3/2018,0,Monday,8:05:13,incident_stopped,2018-09-03_08-05-13_incident_stopped_zone_nb-shoulder.jpg,nb,98405.21667,-67.78810628,nb,shoulder,-1
N2C01,32.76613511,-83.71030216,n,9/3/2018,0,Monday,8:13:23,incident_stopped,2018-09-03_08-13-23_incident_stopped_zone_nb-shoulder.jpg,nb,98413.38333,-72.97440738,nb,shoulder,-1
N1C01,32.76613511,-83.71030216,n,9/3/2018,0,Monday,8:13:23,incident_stopped,2018-09-03_08-13-23_incident_stopped_zone_nb-shoulder.jpg,nb,98413.38333,-72.97440738,nb,shoulder,-1
N1C20,32.86504559,-83.75232959,n,9/3/2018,0,Monday,8:32:40,incident_stopped,2018-09-03_08-32-40_incident_stopped_zone_nb-shoulder.jpg,nb,98432.66667,-36.91653912,nb,shoulder,-1
N1C21,32.86981764,-83.75767111,n,9/3/2018,0,Monday,9:33:12,incident_stopped,2018-09-03_09-33-12_incident_stopped_zone_nb-shoulder.jpg,nb,98493.2,-34.7310666,nb,shoulder,-1
N1C03,32.78071485,-83.71530658,n,9/3/2018,0,Monday,10:08:05,incident_stopped,2018-09-03_10-08-05_incident_stopped_zone_nb-shoulder.jpg,nb,98528.08333,-67.78810628,nb,shoulder,-1
N1C25,32.88361771,-83.77234944,n,9/3/2018,0,Monday,10:26:24,incident_stopped,2018-09-03_10-26-24_incident_stopped_zone_ramp-shoulder.jpg,nb,98546.4,-28.57124979,ramp,shoulder,-1
S1C02,32.77015102,-83.71101814,s,9/3/2018,0,Monday,10:42:35,incident_stopped,2018-09-03_10-42-35_incident_stopped_zone_nb-shoulder.jpg,nb,98562.58333,-71.62458863,nb,shoulder,-1
N1C02,32.76990531,-83.71029631,n,9/3/2018,0,Monday,10:42:40,incident_stopped,2018-09-03_10-42-40_incident_stopped_zone_nb-shoulder.jpg,nb,98562.66667,-71.78891913,nb,shoulder,-1
N2C03,32.78071485,-83.71530658,n,9/3/2018,0,Monday,10:46:23,incident_stopped,2018-09-03_10-46-23_incident_stopped_zone_nb-shoulder.jpg,nb,98566.38333,-67.78810628,nb,shoulder,-1
N1C20,32.86504559,-83.75232959,n,9/3/2018,0,Monday,10:51:22,incident_stopped,2018-09-03_10-51-22_incident_stopped_zone_nb-shoulder.jpg,nb,98571.36667,-36.91653912,nb,shoulder,-1
N2C09,32.81772219,-83.72879532,n,9/3/2018,0,Monday,10:56:34,incident_stopped,2018-09-03_10-56-34_incident_stopped_zone_nb-shoulder.jpg,nb,98576.56667,-54.56967025,nb,shoulder,-1
N1C07,32.80647151,-83.72379194,n,9/3/2018,0,Monday,11:14:06,incident_stopped,2018-09-03_11-14-06_incident_stopped_zone_ramp-shoulder.jpg,nb,98594.1,-58.69634095,ramp,shoulder,-1
BIBB-CAM-030,32.86987654,-83.75830175,s,9/3/2018,0,Monday,11:22:42,incident_stopped,2018-09-03_11-22-42_incident_stopped_zone_far-shoulder.jpg,nb,98602.7,-34.62822647,far,shoulder,-1
BIBB-CAM-024,32.8332442,-83.73284142,n,9/3/2018,0,Monday,11:26:17,incident_stopped,2018-09-03_11-26-17_incident_stopped.jpg,nb,98606.28333,-49.27056404,,,-1
S1C21,32.86987654,-83.75830175,s,9/3/2018,0,Monday,11:57:14,incident_stopped,2018-09-03_11-57-14_incident_stopped_zone_nb-shoulder.jpg,nb,98637.23333,-34.62822647,nb,shoulder,-1
S1C28,32.90013203,-83.7863588,s,9/3/2018,0,Monday,12:15:23,incident_stopped,2018-09-03_12-15-23_incident_stopped_zone_nb-lanes.jpg,nb,98655.38333,-21.73107036,nb,lanes,-1
S1C27,32.89654773,-83.78351592,s,9/3/2018,0,Monday,12:15:24,incident_stopped,2018-09-03_12-15-24_incident_stopped_zone_nb-shoulder.jpg,nb,98655.4,-23.1858178,nb,shoulder,-1
N3C01,32.76613511,-83.71030216,n,9/3/2018,0,Monday,12:15:53,incident_stopped,2018-09-03_12-15-53_incident_stopped_zone_nb-shoulder.jpg,nb,98655.88333,-72.97440738,nb,shoulder,-1
N1C21,32.86981764,-83.75767111,n,9/3/2018,0,Monday,12:41:21,incident_stopped,2018-09-03_12-41-21_incident_stopped_zone_nb-shoulder.jpg,nb,98681.35,-34.7310666,nb,shoulder,-1
BIBB-CAM-024,32.8332442,-83.73284142,n,9/3/2018,0,Monday,13:03:05,incident_stopped,2018-09-03_13-03-05_incident_stopped.jpg,nb,98703.08333,-49.27056404,,,-1
S1C21,32.86987654,-83.75830175,s,9/3/2018,0,Monday,13:55:01,incident_stopped,2018-09-03_13-55-01_incident_stopped_zone_nb-shoulder.jpg,nb,98755.01667,-34.62822647,nb,shoulder,-1
N1C17,32.84958885,-83.74065988,n,9/3/2018,0,Monday,14:08:08,incident_stopped,2018-09-03_14-08-08_incident_stopped_zone_nb-shoulder.jpg,nb,98768.13333,-43.22840936,nb,shoulder,-1
S2C18,32.85465632,-83.74348346,s,9/3/2018,0,Monday,14:22:03,incident_stopped,2018-09-03_14-22-03_incident_stopped_zone_nb-shoulder.jpg,nb,98782.05,-41.30069476,nb,shoulder,-1
BIBB-CAM-025,32.84057153,-83.73697533,s,9/3/2018,0,Monday,14:39:21,incident_stopped,2018-09-03_14-39-21_incident_stopped_zone_nb-shoulder.jpg,nb,98799.35,-46.47309774,nb,shoulder,-1
BIBB-CAM-024,32.8332442,-83.73284142,n,9/3/2018,0,Monday,15:38:15,incident_stopped,2018-09-03_15-38-15_incident_stopped.jpg,nb,98858.25,-49.27056404,,,-1
N1C01,32.76613511,-83.71030216,n,9/3/2018,0,Monday,16:10:14,incident_stopped,2018-09-03_16-10-14_incident_stopped_zone_nb-shoulder.jpg,nb,98890.23333,-72.97440738,nb,shoulder,-1
N1C37,32.94227108,-83.81080305,n,9/3/2018,0,Monday,16:37:09,incident_congestion,2018-09-03_16-37-09_incident_congestion_zone_nb-lanes.jpg,nb,98917.15,-5.756209786,nb,lanes,-1
N2C32,32.91549987,-83.79665373,n,9/3/2018,0,Monday,16:40:06,incident_stopped,2018-09-03_16-40-06_incident_stopped_zone_nb-shoulder.jpg,nb,98920.1,-15.72572861,nb,shoulder,-1
BIBB-CAM-039,32.94243524,-83.81127376,s,9/3/2018,0,Monday,16:40:14,incident_congestion,2018-09-03_16-40-14_incident_congestion_zone_nb-lanes.jpg,nb,98920.23333,-5.683345579,nb,lanes,-1
N2C37,32.94227108,-83.81080305,n,9/3/2018,0,Monday,16:40:32,incident_congestion,2018-09-03_16-40-32_incident_congestion_zone_near-lanes.jpg,nb,98920.53333,-5.756209786,near,lanes,-1
N2C33,32.92077604,-83.79943309,n,9/3/2018,0,Monday,16:41:14,incident_stopped,2018-09-03_16-41-14_incident_stopped_zone_nb-shoulder.jpg,nb,98921.23333,-13.74452878,nb,shoulder,-1
N1C36,32.93748827,-83.80825819,n,9/3/2018,0,Monday,16:41:32,incident_congestion,2018-09-03_16-41-32_incident_congestion_zone_nb-lanes.jpg,nb,98921.53333,-7.509238214,nb,lanes,-1
N2C42,32.759892,-83.709757,n,9/3/2018,0,Monday,16:43:19,incident_stopped,2018-09-03_16-43-19_incident_stopped_zone_nb-shoulder.jpg,nb,98923.31667,-75.01044884,nb,shoulder,-1
BIBB-CAM-040,32.9482814,-83.81282733,s,9/3/2018,0,Monday,16:45:51,incident_congestion,2018-09-03_16-45-51_incident_congestion_zone_far-lanes.jpg,nb,98925.85,-3.633302007,far,lanes,-1
S2C38,32.95157525,-83.81265346,s,9/3/2018,0,Monday,16:47:32,incident_slow,2018-09-03_16-47-32_incident_slow_zone_north-lanes.jpg,nb,98927.53333,-2.501382112,north,lanes,-1
N3C39,32.95177015,-83.81217745,n,9/3/2018,0,Monday,16:48:33,incident_slow,2018-09-03_16-48-33_incident_slow_zone_nb-lanes.jpg,nb,98928.55,-2.4510298,nb,lanes,-1
N1C21,32.86981764,-83.75767111,n,9/3/2018,0,Monday,16:49:08,incident_stopped,2018-09-03_16-49-08_incident_stopped_zone_nb-shoulder.jpg,nb,98929.13333,-34.7310666,nb,shoulder,-1
BIBB-CAM-039,32.94243524,-83.81127376,s,9/3/2018,0,Monday,16:50:33,incident_slow,2018-09-03_16-50-33_incident_slow_zone_nb-lanes.jpg,nb,98930.55,-5.683345579,nb,lanes,-1
N1C19,32.85953942,-83.7465392,n,9/3/2018,0,Monday,17:06:28,incident_stopped,2018-09-03_17-06-28_incident_stopped_zone_nb-shoulder.jpg,nb,98946.46667,-39.39570165,nb,shoulder,-1
BIBB-CAM-024,32.8332442,-83.73284142,n,9/3/2018,0,Monday,17:14:56,incident_stopped,2018-09-03_17-14-56_incident_stopped.jpg,nb,98954.93333,-49.27056404,,,-1
N1C29,32.89985331,-83.78559794,n,9/3/2018,0,Monday,17:35:58,incident_stopped,2018-09-03_17-35-58_incident_stopped_zone_nb-lanes.jpg,nb,98975.96667,-21.901237,nb,lanes,-1
N1C31,32.90737428,-83.79168212,n,9/3/2018,0,Monday,17:37:28,incident_stopped,2018-09-03_17-37-28_incident_stopped_zone_nb-shoulder.jpg,nb,98977.46667,-18.84792303,nb,shoulder,-1
N1C17,32.84958885,-83.74065988,n,9/3/2018,0,Monday,17:58:19,incident_stopped,2018-09-03_17-58-19_incident_stopped_zone_nb-shoulder.jpg,nb,98998.31667,-43.22840936,nb,shoulder,-1
N1C21,32.86981764,-83.75767111,n,9/3/2018,0,Monday,21:00:03,incident_stopped,2018-09-03_21-00-03_incident_stopped_zone_nb-shoulder.jpg,nb,99180.05,-34.7310666,nb,shoulder,-1
S2C12,32.82694969,-83.73158785,s,9/3/2018,0,Monday,22:16:00,incident_stopped,2018-09-03_22-16-00_incident_stopped_zone_nb-shoulder.jpg,nb,99256,-51.36261191,nb,shoulder,-1
S1C21,32.86987654,-83.75830175,s,9/3/2018,0,Monday,23:50:46,incident_stopped,2018-09-03_23-50-46_incident_stopped_zone_nb-shoulder.jpg,nb,99350.76667,-34.62822647,nb,shoulder,-1
BIBB-CAM-024,32.8332442,-83.73284142,n,9/4/2018,1,Tuesday,4:51:56,incident_stopped,2018-09-04_04-51-56_incident_stopped.jpg,nb,99651.93333,-49.27056404,,,-1
BIBB-CAM-024,32.8332442,-83.73284142,n,9/4/2018,1,Tuesday,7:00:45,incident_stopped,2018-09-04_07-00-45_incident_stopped.jpg,nb,99780.75,-49.27056404,,,-1
BIBB-CAM-039,32.94243524,-83.81127376,s,9/4/2018,1,Tuesday,7:05:15,incident_stopped,2018-09-04_07-05-15_incident_stopped_zone_nb-shoulder.jpg,nb,99785.25,-5.683345579,nb,shoulder,-1
N3C41,32.7558,-83.709193,n,9/4/2018,1,Tuesday,7:06:01,incident_stopped,2018-09-04_07-06-01_incident_stopped_zone_nb-shoulder.jpg,nb,99786.01667,-76.37247586,nb,shoulder,-1
N1C21,32.86981764,-83.75767111,n,9/4/2018,1,Tuesday,8:03:37,incident_stopped,2018-09-04_08-03-37_incident_stopped_zone_nb-shoulder.jpg,nb,99843.61667,-34.7310666,nb,shoulder,-1
S1C21,32.86987654,-83.75830175,s,9/4/2018,1,Tuesday,8:03:38,incident_stopped,2018-09-04_08-03-38_incident_stopped_zone_nb-shoulder.jpg,nb,99843.63333,-34.62822647,nb,shoulder,-1
BIBB-CAM-024,32.8332442,-83.73284142,n,9/4/2018,1,Tuesday,8:30:50,incident_stopped,2018-09-04_08-30-50_incident_stopped.jpg,nb,99870.83333,-49.27056404,,,-1
N1C16,32.84577945,-83.73888874,n,9/4/2018,1,Tuesday,8:43:25,incident_stopped,2018-09-04_08-43-25_incident_stopped_zone_near-shoulder.jpg,nb,99883.41667,-44.6283787,near,shoulder,-1
S2C17,32.84950348,-83.74113514,s,9/4/2018,1,Tuesday,8:51:05,incident_stopped,2018-09-04_08-51-05_incident_stopped_zone_nb-shoulder.jpg,nb,99891.08333,-43.18705025,nb,shoulder,-1
N2C03,32.78071485,-83.71530658,n,9/4/2018,1,Tuesday,8:52:35,incident_stopped,2018-09-04_08-52-35_incident_stopped_zone_nb-shoulder.jpg,nb,99892.58333,-67.78810628,nb,shoulder,-1
BIBB-CAM-038,32.93499248,-83.80738753,s,9/4/2018,1,Tuesday,9:26:19,incident_stopped,2018-09-04_09-26-19_incident_stopped_zone_far-shoulder.jpg,nb,99926.31667,-8.404850441,far,shoulder,-1
S1C34,32.93499248,-83.80738753,s,9/4/2018,1,Tuesday,9:26:25,incident_stopped,2018-09-04_09-26-25_incident_stopped_zone_far-shoulder.jpg,nb,99926.41667,-8.404850441,far,shoulder,-1
N1C35,32.9352368,-83.80703912,n,9/4/2018,1,Tuesday,9:26:26,incident_stopped,2018-09-04_09-26-26_incident_stopped_zone_nb-shoulder.jpg,nb,99926.43333,-8.344182952,nb,shoulder,-1
BIBB-CAM-024,32.8332442,-83.73284142,n,9/4/2018,1,Tuesday,10:03:13,incident_stopped,2018-09-04_10-03-13_incident_stopped.jpg,nb,99963.21667,-49.27056404,,,-1
BIBB-CAM-024,32.8332442,-83.73284142,n,9/4/2018,1,Tuesday,10:17:22,incident_congestion,2018-09-04_10-17-22_incident_congestion_zone_nb-lanes.jpg,nb,99977.36667,-49.27056404,nb,lanes,-1
N2C01,32.76613511,-83.71030216,n,9/4/2018,1,Tuesday,11:38:57,incident_stopped,2018-09-04_11-38-57_incident_stopped_zone_nb-shoulder.jpg,nb,100058.95,-72.97440738,nb,shoulder,-1
BIBB-CAM-028,32.86504559,-83.75232959,n,9/4/2018,1,Tuesday,11:40:17,incident_stopped,2018-09-04_11-40-17_incident_stopped_zone_nb-shoulder.jpg,nb,100060.2833,-36.91653912,nb,shoulder,-1
N1C01,32.76613511,-83.71030216,n,9/4/2018,1,Tuesday,11:49:27,incident_stopped,2018-09-04_11-49-27_incident_stopped_zone_nb-shoulder.jpg,nb,100069.45,-72.97440738,nb,shoulder,-1
BIBB-CAM-024,32.8332442,-83.73284142,n,9/4/2018,1,Tuesday,11:54:05,incident_stopped,2018-09-04_11-54-05_incident_stopped.jpg,nb,100074.0833,-49.27056404,,,-1
N2C02,32.76990531,-83.71029631,n,9/4/2018,1,Tuesday,12:07:27,incident_stopped,2018-09-04_12-07-27_incident_stopped_zone_nb-shoulder.jpg,nb,100087.45,-71.78891913,nb,shoulder,-1
S2C17,32.84950348,-83.74113514,s,9/4/2018,1,Tuesday,12:11:12,incident_stopped,2018-09-04_12-11-12_incident_stopped_zone_nb-shoulder.jpg,nb,100091.2,-43.18705025,nb,shoulder,-1
BIBB-CAM-024,32.8332442,-83.73284142,n,9/4/2018,1,Tuesday,13:26:17,incident_stopped,2018-09-04_13-26-17_incident_stopped.jpg,nb,100166.2833,-49.27056404,,,-1
N1C19,32.85953942,-83.7465392,n,9/4/2018,1,Tuesday,13:58:38,incident_stopped,2018-09-04_13-58-38_incident_stopped_zone_nb-shoulder.jpg,nb,100198.6333,-39.39570165,nb,shoulder,-1
N1C07,32.80647151,-83.72379194,n,9/4/2018,1,Tuesday,13:59:12,incident_stopped,2018-09-04_13-59-12_incident_stopped_zone_ramp-shoulder.jpg,nb,100199.2,-58.69634095,ramp,shoulder,-1
S1C28,32.90013203,-83.7863588,s,9/4/2018,1,Tuesday,14:07:59,incident_stopped,2018-09-04_14-07-59_incident_stopped_zone_nb-shoulder.jpg,nb,100207.9833,-21.73107036,nb,shoulder,-1
S1C27,32.89654773,-83.78351592,s,9/4/2018,1,Tuesday,14:08:08,incident_stopped,2018-09-04_14-08-08_incident_stopped_zone_nb-shoulder.jpg,nb,100208.1333,-23.1858178,nb,shoulder,-1
N1C01,32.76613511,-83.71030216,n,9/4/2018,1,Tuesday,14:44:09,incident_stopped,2018-09-04_14-44-09_incident_stopped_zone_nb-shoulder.jpg,nb,100244.15,-72.97440738,nb,shoulder,-1
BIBB-CAM-024,32.8332442,-83.73284142,n,9/4/2018,1,Tuesday,15:07:01,incident_stopped,2018-09-04_15-07-01_incident_stopped.jpg,nb,100267.0167,-49.27056404,,,-1
BIBB-CAM-024,32.8332442,-83.73284142,n,9/4/2018,1,Tuesday,15:11:33,incident_congestion,2018-09-04_15-11-33_incident_congestion_zone_nb-lanes.jpg,nb,100271.55,-49.27056404,nb,lanes,-1
N2C03,32.78071485,-83.71530658,n,9/4/2018,1,Tuesday,15:15:04,incident_stopped,2018-09-04_15-15-04_incident_stopped_zone_nb-shoulder.jpg,nb,100275.0667,-67.78810628,nb,shoulder,-1
N1C11,32.82699902,-83.73109564,n,9/4/2018,1,Tuesday,15:31:27,incident_stopped,2018-09-04_15-31-27_incident_stopped_zone_nb-shoulder.jpg,nb,100291.45,-51.41367576,nb,shoulder,-1
N2C11,32.82699902,-83.73109564,n,9/4/2018,1,Tuesday,15:31:29,incident_stopped,2018-09-04_15-31-29_incident_stopped_zone_near-shoulder.jpg,nb,100291.4833,-51.41367576,near,shoulder,-1
S1C09,32.81017134,-83.72613824,s,9/4/2018,1,Tuesday,16:43:46,incident_stopped,2018-09-04_16-43-46_incident_stopped_zone_nb-shoulder.jpg,nb,100363.7667,-57.24864799,nb,shoulder,-1
BIBB-CAM-014,32.7850913,-83.71806273,n,9/4/2018,1,Tuesday,16:48:52,incident_stopped,2018-09-04_16-48-52_incident_stopped_zone_nb-shoulder.jpg,nb,100368.8667,-66.07987571,nb,shoulder,-1
N1C25,32.88361771,-83.77234944,n,9/4/2018,1,Tuesday,16:55:42,incident_stopped,2018-09-04_16-55-42_incident_stopped_zone_ramp-shoulder.jpg,nb,100375.7,-28.57124979,ramp,shoulder,-1
S2C10,32.81305818,-83.72759727,s,9/4/2018,1,Tuesday,17:21:54,incident_stopped,2018-09-04_17-21-54_incident_stopped_zone_far-shoulder.jpg,nb,100401.9,-56.16682713,far,shoulder,-1
BIBB-CAM-024,32.8332442,-83.73284142,n,9/4/2018,1,Tuesday,17:40:25,incident_stopped,2018-09-04_17-40-25_incident_stopped.jpg,nb,100420.4167,-49.27056404,,,-1
BIBB-CAM-038,32.93499248,-83.80738753,s,9/4/2018,1,Tuesday,17:43:26,incident_stopped,2018-09-04_17-43-26_incident_stopped_zone_far-shoulder.jpg,nb,100423.4333,-8.404850441,far,shoulder,-1
N2C39,32.95177015,-83.81217745,n,9/4/2018,1,Tuesday,18:10:42,incident_stopped,2018-09-04_18-10-42_incident_stopped_zone_near-shoulder.jpg,nb,100450.7,-2.4510298,near,shoulder,-1
N2C01,32.76613511,-83.71030216,n,9/4/2018,1,Tuesday,18:38:02,incident_stopped,2018-09-04_18-38-02_incident_stopped_zone_nb-shoulder.jpg,nb,100478.0333,-72.97440738,nb,shoulder,-1
N1C40,32.751099,-83.713281,n,9/4/2018,1,Tuesday,18:42:36,incident_stopped,2018-09-04_18-42-36_incident_stopped_zone_nb-shoulder.jpg,nb,100482.6,-77.41345723,nb,shoulder,-1
N2C33,32.92077604,-83.79943309,n,9/4/2018,1,Tuesday,19:05:49,incident_stopped,2018-09-04_19-05-49_incident_stopped_zone_nb-shoulder.jpg,nb,100505.8167,-13.74452878,nb,shoulder,-1
N2C03,32.78071485,-83.71530658,n,9/4/2018,1,Tuesday,19:06:59,incident_stopped,2018-09-04_19-06-59_incident_stopped_zone_nb-shoulder.jpg,nb,100506.9833,-67.78810628,nb,shoulder,-1
S2C17,32.84950348,-83.74113514,s,9/4/2018,1,Tuesday,19:15:32,incident_stopped,2018-09-04_19-15-32_incident_stopped_zone_nb-shoulder.jpg,nb,100515.5333,-43.18705025,nb,shoulder,-1
BIBB-CAM-031,32.87958032,-83.76886573,s,9/4/2018,1,Tuesday,21:15:09,incident_stopped,2018-09-04_21-15-09_incident_stopped_zone_nb-shoulder.jpg,nb,100635.15,-30.26227087,nb,shoulder,-1
N2C03,32.78071485,-83.71530658,n,9/5/2018,2,Wednesday,0:46:09,incident_stopped,2018-09-05_00-46-09_incident_stopped_zone_nb-shoulder.jpg,nb,100846.15,-67.78810628,nb,shoulder,-1
S1C16,32.84561646,-83.73933607,s,9/5/2018,2,Wednesday,0:59:17,incident_stopped,2018-09-05_00-59-17_incident_stopped_zone_nb-shoulder.jpg,nb,100859.2833,-44.61500342,nb,shoulder,-1
N2C33,32.92077604,-83.79943309,n,9/5/2018,2,Wednesday,1:25:49,incident_stopped,2018-09-05_01-25-49_incident_stopped_zone_nb-lanes.jpg,nb,100885.8167,-13.74452878,nb,lanes,-1
BIBB-CAM-032,32.88240434,-83.7719413,s,9/5/2018,2,Wednesday,3:06:47,incident_stopped,2018-09-05_03-06-47_incident_stopped_zone_nb-shoulder.jpg,nb,100986.7833,-29.00171497,nb,shoulder,-1
N3C38,32.94876151,-83.81228301,n,9/5/2018,2,Wednesday,3:55:46,incident_stopped,2018-09-05_03-55-46_incident_stopped_zone_nb-shoulder.jpg,nb,101035.7667,-3.479229064,nb,shoulder,-1
N2C26,32.88798194,-83.77607704,n,9/5/2018,2,Wednesday,4:01:09,incident_stopped,2018-09-05_04-01-09_incident_stopped_zone_nb-shoulder.jpg,nb,101041.15,-26.75233619,nb,shoulder,-1
N1C25,32.88361771,-83.77234944,n,9/5/2018,2,Wednesday,4:59:01,incident_stopped,2018-09-05_04-59-01_incident_stopped_zone_ramp-shoulder.jpg,nb,101099.0167,-28.57124979,ramp,shoulder,-1
N1C21,32.86981764,-83.75767111,n,9/5/2018,2,Wednesday,5:47:27,incident_stopped,2018-09-05_05-47-27_incident_stopped_zone_nb-shoulder.jpg,nb,101147.45,-34.7310666,nb,shoulder,-1
N1C01,32.76613511,-83.71030216,n,9/5/2018,2,Wednesday,6:16:31,incident_stopped,2018-09-05_06-16-31_incident_stopped_zone_nb-shoulder.jpg,nb,101176.5167,-72.97440738,nb,shoulder,-1
BIBB-CAM-031,32.87958032,-83.76886573,s,9/5/2018,2,Wednesday,6:49:19,incident_stopped,2018-09-05_06-49-19_incident_stopped_zone_nb-shoulder.jpg,nb,101209.3167,-30.26227087,nb,shoulder,-1
N2C03,32.78071485,-83.71530658,n,9/5/2018,2,Wednesday,7:30:28,incident_stopped,2018-09-05_07-30-28_incident_stopped_zone_nb-shoulder.jpg,nb,101250.4667,-67.78810628,nb,shoulder,-1
BIBB-CAM-024,32.8332442,-83.73284142,n,9/5/2018,2,Wednesday,7:42:55,incident_stopped,2018-09-05_07-42-55_incident_stopped.jpg,nb,101262.9167,-49.27056404,,,-1
BIBB-CAM-014,32.7850913,-83.71806273,n,9/5/2018,2,Wednesday,7:58:12,incident_stopped,2018-09-05_07-58-12_incident_stopped_zone_nb-shoulder.jpg,nb,101278.2,-66.07987571,nb,shoulder,-1
N1C03,32.78071485,-83.71530658,n,9/5/2018,2,Wednesday,8:18:21,incident_stopped,2018-09-05_08-18-21_incident_stopped_zone_nb-shoulder.jpg,nb,101298.35,-67.78810628,nb,shoulder,-1
N2C14,32.83648848,-83.73452853,n,9/5/2018,2,Wednesday,9:10:41,incident_stopped,2018-09-05_09-10-41_incident_stopped_zone_nb-shoulder.jpg,nb,101350.6833,-48.05166032,nb,shoulder,-1
S2C14,32.83620205,-83.73500536,s,9/5/2018,2,Wednesday,9:10:44,incident_stopped,2018-09-05_09-10-44_incident_stopped_zone_far-shoulder.jpg,nb,101350.7333,-48.07309629,far,shoulder,-1
BIBB-CAM-024,32.8332442,-83.73284142,n,9/5/2018,2,Wednesday,9:16:43,incident_stopped,2018-09-05_09-16-43_incident_stopped.jpg,nb,101356.7167,-49.27056404,,,-1
N1C21,32.86981764,-83.75767111,n,9/5/2018,2,Wednesday,9:35:28,incident_stopped,2018-09-05_09-35-28_incident_stopped_zone_nb-shoulder.jpg,nb,101375.4667,-34.7310666,nb,shoulder,-1
N2C01,32.76613511,-83.71030216,n,9/5/2018,2,Wednesday,9:37:53,incident_stopped,2018-09-05_09-37-53_incident_stopped_zone_nb-shoulder.jpg,nb,101377.8833,-72.97440738,nb,shoulder,-1
N1C01,32.76613511,-83.71030216,n,9/5/2018,2,Wednesday,9:37:57,incident_stopped,2018-09-05_09-37-57_incident_stopped_zone_nb-shoulder.jpg,nb,101377.95,-72.97440738,nb,shoulder,-1
S1C20,32.86504559,-83.75232959,s,9/5/2018,2,Wednesday,10:19:03,incident_stopped,2018-09-05_10-19-03_incident_stopped_zone_far-lanes.jpg,nb,101419.05,-36.91653912,far,lanes,-1
N1C03,32.78071485,-83.71530658,n,9/5/2018,2,Wednesday,10:26:27,incident_stopped,2018-09-05_10-26-27_incident_stopped_zone_nb-shoulder.jpg,nb,101426.45,-67.78810628,nb,shoulder,-1
N2C11,32.82699902,-83.73109564,n,9/5/2018,2,Wednesday,11:10:39,incident_stopped,2018-09-05_11-10-39_incident_stopped_zone_near-shoulder.jpg,nb,101470.65,-51.41367576,near,shoulder,-1
S2C11,32.82254015,-83.73046915,s,9/5/2018,2,Wednesday,11:10:40,incident_stopped,2018-09-05_11-10-40_incident_stopped_zone_far-shoulder.jpg,nb,101470.6667,-52.86537408,far,shoulder,-1
BIBB-CAM-024,32.8332442,-83.73284142,n,9/5/2018,2,Wednesday,11:17:24,incident_stopped,2018-09-05_11-17-24_incident_stopped.jpg,nb,101477.4,-49.27056404,,,-1
N2C32,32.91549987,-83.79665373,n,9/5/2018,2,Wednesday,11:22:33,incident_stopped,2018-09-05_11-22-33_incident_stopped_zone_nb-lanes.jpg,nb,101482.55,-15.72572861,nb,lanes,-1
N2C03,32.78071485,-83.71530658,n,9/5/2018,2,Wednesday,11:44:51,incident_stopped,2018-09-05_11-44-51_incident_stopped_zone_nb-shoulder.jpg,nb,101504.85,-67.78810628,nb,shoulder,-1
S2C17,32.84950348,-83.74113514,s,9/5/2018,2,Wednesday,12:07:13,incident_stopped,2018-09-05_12-07-13_incident_stopped_zone_nb-shoulder.jpg,nb,101527.2167,-43.18705025,nb,shoulder,-1
S1C21,32.86987654,-83.75830175,s,9/5/2018,2,Wednesday,12:22:09,incident_stopped,2018-09-05_12-22-09_incident_stopped_zone_nb-shoulder.jpg,nb,101542.15,-34.62822647,nb,shoulder,-1
N2C01,32.76613511,-83.71030216,n,9/5/2018,2,Wednesday,12:53:35,incident_stopped,2018-09-05_12-53-35_incident_stopped_zone_nb-shoulder.jpg,nb,101573.5833,-72.97440738,nb,shoulder,-1
N1C02,32.76990531,-83.71029631,n,9/5/2018,2,Wednesday,13:09:48,incident_stopped,2018-09-05_13-09-48_incident_stopped_zone_nb-shoulder.jpg,nb,101589.8,-71.78891913,nb,shoulder,-1
N3C01,32.76613511,-83.71030216,n,9/5/2018,2,Wednesday,13:09:49,incident_stopped,2018-09-05_13-09-49_incident_stopped_zone_nb-shoulder.jpg,nb,101589.8167,-72.97440738,nb,shoulder,-1
N1C01,32.76613511,-83.71030216,n,9/5/2018,2,Wednesday,13:25:49,incident_stopped,2018-09-05_13-25-49_incident_stopped_zone_nb-shoulder.jpg,nb,101605.8167,-72.97440738,nb,shoulder,-1
BIBB-CAM-024,32.8332442,-83.73284142,n,9/5/2018,2,Wednesday,13:31:58,incident_congestion,2018-09-05_13-31-58_incident_congestion_zone_nb-lanes.jpg,nb,101611.9667,-49.27056404,nb,lanes,-1
BIBB-CAM-024,32.8332442,-83.73284142,n,9/5/2018,2,Wednesday,13:41:33,incident_stopped,2018-09-05_13-41-33_incident_stopped.jpg,nb,101621.55,-49.27056404,,,-1
N1C03,32.78071485,-83.71530658,n,9/5/2018,2,Wednesday,13:52:11,incident_stopped,2018-09-05_13-52-11_incident_stopped_zone_nb-shoulder.jpg,nb,101632.1833,-67.78810628,nb,shoulder,-1
S1C21,32.86987654,-83.75830175,s,9/5/2018,2,Wednesday,14:04:47,incident_stopped,2018-09-05_14-04-47_incident_stopped_zone_nb-shoulder.jpg,nb,101644.7833,-34.62822647,nb,shoulder,-1
S1C20,32.86504559,-83.75232959,s,9/5/2018,2,Wednesday,14:17:56,incident_stopped,2018-09-05_14-17-56_incident_stopped_zone_far-lanes.jpg,nb,101657.9333,-36.91653912,far,lanes,-1
N1C25,32.88361771,-83.77234944,n,9/5/2018,2,Wednesday,14:19:26,incident_stopped,2018-09-05_14-19-26_incident_stopped_zone_ramp-shoulder.jpg,nb,101659.4333,-28.57124979,ramp,shoulder,-1
N2C03,32.78071485,-83.71530658,n,9/5/2018,2,Wednesday,14:43:57,incident_stopped,2018-09-05_14-43-57_incident_stopped_zone_nb-shoulder.jpg,nb,101683.95,-67.78810628,nb,shoulder,-1
N1C14,32.83648848,-83.73452853,n,9/5/2018,2,Wednesday,14:57:22,incident_stopped,2018-09-05_14-57-22_incident_stopped_zone_ramp-shoulder.jpg,nb,101697.3667,-48.05166032,ramp,shoulder,-1
BIBB-CAM-024,32.8332442,-83.73284142,n,9/5/2018,2,Wednesday,15:41:38,incident_stopped,2018-09-05_15-41-38_incident_stopped.jpg,nb,101741.6333,-49.27056404,,,-1
BIBB-CAM-032,32.88240434,-83.7719413,s,9/5/2018,2,Wednesday,16:57:30,incident_stopped,2018-09-05_16-57-30_incident_stopped_zone_nb-lanes.jpg,nb,101817.5,-29.00171497,nb,lanes,-1
N2C01,32.76613511,-83.71030216,n,9/5/2018,2,Wednesday,17:01:46,incident_stopped,2018-09-05_17-01-46_incident_stopped_zone_nb-shoulder.jpg,nb,101821.7667,-72.97440738,nb,shoulder,-1
BIBB-CAM-024,32.8332442,-83.73284142,n,9/5/2018,2,Wednesday,17:22:18,incident_stopped,2018-09-05_17-22-18_incident_stopped.jpg,nb,101842.3,-49.27056404,,,-1
N1C01,32.76613511,-83.71030216,n,9/5/2018,2,Wednesday,17:46:17,incident_stopped,2018-09-05_17-46-17_incident_stopped_zone_nb-shoulder.jpg,nb,101866.2833,-72.97440738,nb,shoulder,-1
S2C33,32.92513731,-83.80220611,s,9/5/2018,2,Wednesday,18:17:07,incident_stopped,2018-09-05_18-17-07_incident_stopped_zone_nb-shoulder.jpg,nb,101897.1167,-12.07189332,nb,shoulder,-1
S1C21,32.86987654,-83.75830175,s,9/5/2018,2,Wednesday,18:56:57,incident_stopped,2018-09-05_18-56-57_incident_stopped_zone_nb-shoulder.jpg,nb,101936.95,-34.62822647,nb,shoulder,-1
S1C20,32.86504559,-83.75232959,s,9/5/2018,2,Wednesday,19:01:50,incident_stopped,2018-09-05_19-01-50_incident_stopped_zone_far-shoulder.jpg,nb,101941.8333,-36.91653912,far,shoulder,-1
N2C33,32.92077604,-83.79943309,n,9/5/2018,2,Wednesday,19:11:55,incident_stopped,2018-09-05_19-11-55_incident_stopped_zone_nb-shoulder.jpg,nb,101951.9167,-13.74452878,nb,shoulder,-1
N3C02,32.76990531,-83.71029631,n,9/5/2018,2,Wednesday,19:30:39,incident_stopped,2018-09-05_19-30-39_incident_stopped_zone_nb-shoulder.jpg,nb,101970.65,-71.78891913,nb,shoulder,-1
S2C17,32.84950348,-83.74113514,s,9/5/2018,2,Wednesday,19:50:57,incident_stopped,2018-09-05_19-50-57_incident_stopped_zone_nb-shoulder.jpg,nb,101990.95,-43.18705025,nb,shoulder,-1
N2C39,32.95177015,-83.81217745,n,9/5/2018,2,Wednesday,21:13:29,incident_stopped,2018-09-05_21-13-29_incident_stopped_zone_near-shoulder.jpg,nb,102073.4833,-2.4510298,near,shoulder,-1
N1C21,32.86981764,-83.75767111,n,9/5/2018,2,Wednesday,22:19:01,incident_stopped,2018-09-05_22-19-01_incident_stopped_zone_nb-shoulder.jpg,nb,102139.0167,-34.7310666,nb,shoulder,-1
BIBB-CAM-032,32.88240434,-83.7719413,s,9/5/2018,2,Wednesday,22:46:39,incident_stopped,2018-09-05_22-46-39_incident_stopped_zone_nb-shoulder.jpg,nb,102166.65,-29.00171497,nb,shoulder,-1
S2C14,32.83620205,-83.73500536,s,9/6/2018,3,Thursday,0:54:39,incident_stopped,2018-09-06_00-54-39_incident_stopped_zone_far-shoulder.jpg,nb,102294.65,-48.07309629,far,shoulder,-1
N2C14,32.83648848,-83.73452853,n,9/6/2018,3,Thursday,0:54:39,incident_stopped,2018-09-06_00-54-39_incident_stopped_zone_nb-shoulder.jpg,nb,102294.65,-48.05166032,nb,shoulder,-1
S2C09,32.81017134,-83.72613824,s,9/6/2018,3,Thursday,4:29:07,incident_stopped,2018-09-06_04-29-07_incident_stopped_zone_nb-shoulder.jpg,nb,102509.1167,-57.24864799,nb,shoulder,-1
S2C24,32.87958032,-83.76886573,s,9/6/2018,3,Thursday,7:00:36,incident_stopped,2018-09-06_07-00-36_incident_stopped_zone_nb-lanes.jpg,nb,102660.6,-30.26227087,nb,lanes,-1
N2C03,32.78071485,-83.71530658,n,9/6/2018,3,Thursday,7:41:30,incident_stopped,2018-09-06_07-41-30_incident_stopped_zone_nb-shoulder.jpg,nb,102701.5,-67.78810628,nb,shoulder,-1
BIBB-CAM-024,32.8332442,-83.73284142,n,9/6/2018,3,Thursday,7:56:39,incident_stopped,2018-09-06_07-56-39_incident_stopped.jpg,nb,102716.65,-49.27056404,,,-1
S1C30,32.91200591,-83.79524157,s,9/6/2018,3,Thursday,8:10:51,incident_stopped,2018-09-06_08-10-51_incident_stopped_zone_nb-shoulder.jpg,nb,102730.85,-17.00028257,nb,shoulder,-1
N2C01,32.76613511,-83.71030216,n,9/6/2018,3,Thursday,8:16:00,incident_stopped,2018-09-06_08-16-00_incident_stopped_zone_nb-shoulder.jpg,nb,102736,-72.97440738,nb,shoulder,-1
BIBB-CAM-024,32.8332442,-83.73284142,n,9/6/2018,3,Thursday,9:29:41,incident_stopped,2018-09-06_09-29-41_incident_stopped.jpg,nb,102809.6833,-49.27056404,,,-1
N2C03,32.78071485,-83.71530658,n,9/6/2018,3,Thursday,9:32:57,incident_stopped,2018-09-06_09-32-57_incident_stopped_zone_nb-shoulder.jpg,nb,102812.95,-67.78810628,nb,shoulder,-1
S1C32,32.92026721,-83.79963273,s,9/6/2018,3,Thursday,9:36:44,incident_stopped,2018-09-06_09-36-44_incident_stopped_zone_nb-shoulder.jpg,nb,102816.7333,-13.89579256,nb,shoulder,-1
S2C24,32.87958032,-83.76886573,s,9/6/2018,3,Thursday,9:45:24,incident_stopped,2018-09-06_09-45-24_incident_stopped_zone_nb-shoulder.jpg,nb,102825.4,-30.26227087,nb,shoulder,-1
N1C21,32.86981764,-83.75767111,n,9/6/2018,3,Thursday,9:49:23,incident_stopped,2018-09-06_09-49-23_incident_stopped_zone_nb-shoulder.jpg,nb,102829.3833,-34.7310666,nb,shoulder,-1
S1C17,32.84950348,-83.74113514,s,9/6/2018,3,Thursday,9:59:44,incident_stopped,2018-09-06_09-59-44_incident_stopped_zone_nb-shoulder.jpg,nb,102839.7333,-43.18705025,nb,shoulder,-1
S2C18,32.85465632,-83.74348346,s,9/6/2018,3,Thursday,9:59:47,incident_stopped,2018-09-06_09-59-47_incident_stopped_zone_nb-shoulder.jpg,nb,102839.7833,-41.30069476,nb,shoulder,-1
N1C39,32.95177015,-83.81217745,n,9/6/2018,3,Thursday,10:04:31,incident_stopped,2018-09-06_10-04-31_incident_stopped_zone_ramp-shoulder.jpg,nb,102844.5167,-2.4510298,ramp,shoulder,-1
BIBB-CAM-019,32.80622138,-83.72432815,s,9/6/2018,3,Thursday,10:21:47,incident_stopped,2018-09-06_10-21-47_incident_stopped_zone_far-shoulder.jpg,nb,102861.7833,-58.705165,far,shoulder,-1
N1C31,32.90737428,-83.79168212,n,9/6/2018,3,Thursday,11:00:27,incident_stopped,2018-09-06_11-00-27_incident_stopped_zone_nb-lanes.jpg,nb,102900.45,-18.84792303,nb,lanes,-1
N2C33,32.92077604,-83.79943309,n,9/6/2018,3,Thursday,11:37:24,incident_stopped,2018-09-06_11-37-24_incident_stopped_zone_nb-shoulder.jpg,nb,102937.4,-13.74452878,nb,shoulder,-1
N1C25,32.88361771,-83.77234944,n,9/6/2018,3,Thursday,11:42:57,incident_stopped,2018-09-06_11-42-57_incident_stopped_zone_ramp-shoulder.jpg,nb,102942.95,-28.57124979,ramp,shoulder,-1
S1C21,32.86987654,-83.75830175,s,9/6/2018,3,Thursday,11:51:53,incident_stopped,2018-09-06_11-51-53_incident_stopped_zone_nb-shoulder.jpg,nb,102951.8833,-34.62822647,nb,shoulder,-1
N2C01,32.76613511,-83.71030216,n,9/6/2018,3,Thursday,12:35:05,incident_stopped,2018-09-06_12-35-05_incident_stopped_zone_nb-shoulder.jpg,nb,102995.0833,-72.97440738,nb,shoulder,-1
BIBB-CAM-032,32.88240434,-83.7719413,s,9/6/2018,3,Thursday,12:44:23,incident_stopped,2018-09-06_12-44-23_incident_stopped_zone_nb-shoulder.jpg,nb,103004.3833,-29.00171497,nb,shoulder,-1
N1C04,32.7850913,-83.71806273,n,9/6/2018,3,Thursday,12:44:29,incident_stopped,2018-09-06_12-44-29_incident_stopped_zone_nb-shoulder.jpg,nb,103004.4833,-66.07987571,nb,shoulder,-1
N1C03,32.78071485,-83.71530658,n,9/6/2018,3,Thursday,12:44:30,incident_stopped,2018-09-06_12-44-30_incident_stopped_zone_nb-shoulder.jpg,nb,103004.5,-67.78810628,nb,shoulder,-1
N2C14,32.83648848,-83.73452853,n,9/6/2018,3,Thursday,13:32:09,incident_stopped,2018-09-06_13-32-09_incident_stopped_zone_nb-shoulder.jpg,nb,103052.15,-48.05166032,nb,shoulder,-1
S2C14,32.83620205,-83.73500536,s,9/6/2018,3,Thursday,13:32:14,incident_stopped,2018-09-06_13-32-14_incident_stopped_zone_far-shoulder.jpg,nb,103052.2333,-48.07309629,far,shoulder,-1
BIBB-CAM-024,32.8332442,-83.73284142,n,9/6/2018,3,Thursday,13:35:12,incident_stopped,2018-09-06_13-35-12_incident_stopped.jpg,nb,103055.2,-49.27056404,,,-1
N1C06,32.79465366,-83.72010538,n,9/6/2018,3,Thursday,13:38:55,incident_stopped,2018-09-06_13-38-55_incident_stopped_zone_nb-shoulder.jpg,nb,103058.9167,-62.83684554,nb,shoulder,-1
S1C16,32.84561646,-83.73933607,s,9/6/2018,3,Thursday,13:44:09,incident_stopped,2018-09-06_13-44-09_incident_stopped_zone_nb-shoulder.jpg,nb,103064.15,-44.61500342,nb,shoulder,-1
BIBB-CAM-024,32.8332442,-83.73284142,n,9/6/2018,3,Thursday,13:53:49,incident_congestion,2018-09-06_13-53-49_incident_congestion_zone_nb-lanes.jpg,nb,103073.8167,-49.27056404,nb,lanes,-1
BIBB-CAM-014,32.7850913,-83.71806273,n,9/6/2018,3,Thursday,14:19:14,incident_stopped,2018-09-06_14-19-14_incident_stopped_zone_nb-shoulder.jpg,nb,103099.2333,-66.07987571,nb,shoulder,-1
BIBB-CAM-033,32.89075559,-83.77887713,s,9/6/2018,3,Thursday,15:04:08,incident_stopped,2018-09-06_15-04-08_incident_stopped_zone_nb-shoulder.jpg,nb,103144.1333,-25.54978527,nb,shoulder,-1
S1C30,32.91200591,-83.79524157,s,9/6/2018,3,Thursday,15:05:05,incident_stopped,2018-09-06_15-05-05_incident_stopped_zone_nb-shoulder.jpg,nb,103145.0833,-17.00028257,nb,shoulder,-1
BIBB-CAM-024,32.8332442,-83.73284142,n,9/6/2018,3,Thursday,15:08:07,incident_stopped,2018-09-06_15-08-07_incident_stopped.jpg,nb,103148.1167,-49.27056404,,,-1
BIBB-CAM-021,32.81775622,-83.72926956,s,9/6/2018,3,Thursday,15:17:39,incident_stopped,2018-09-06_15-17-39_incident_stopped_zone_nb-shoulder.jpg,nb,103157.65,-54.4973914,nb,shoulder,-1
BIBB-CAM-037,32.92513731,-83.80220611,s,9/6/2018,3,Thursday,15:19:07,incident_stopped,2018-09-06_15-19-07_incident_stopped_zone_nb-shoulder.jpg,nb,103159.1167,-12.07189332,nb,shoulder,-1
N2C11,32.82699902,-83.73109564,n,9/6/2018,3,Thursday,16:06:02,incident_stopped,2018-09-06_16-06-02_incident_stopped_zone_near-shoulder.jpg,nb,103206.0333,-51.41367576,near,shoulder,-1
N2C39,32.95177015,-83.81217745,n,9/6/2018,3,Thursday,16:13:42,incident_stopped,2018-09-06_16-13-42_incident_stopped_zone_near-shoulder.jpg,nb,103213.7,-2.4510298,near,shoulder,-1
S2C38,32.95157525,-83.81265346,s,9/6/2018,3,Thursday,16:13:45,incident_stopped,2018-09-06_16-13-45_incident_stopped_zone_north-shoulder.jpg,nb,103213.75,-2.501382112,north,shoulder,-1
BIBB-CAM-024,32.8332442,-83.73284142,n,9/6/2018,3,Thursday,16:41:03,incident_stopped,2018-09-06_16-41-03_incident_stopped.jpg,nb,103241.05,-49.27056404,,,-1
N2C30,32.90369996,-83.788703,n,9/6/2018,3,Thursday,17:09:25,incident_stopped,2018-09-06_17-09-25_incident_stopped_zone_nb-shoulder.jpg,nb,103269.4167,-20.33695357,nb,shoulder,-1
BIBB-CAM-027,32.85953942,-83.7465392,n,9/6/2018,3,Thursday,17:10:19,incident_stopped,2018-09-06_17-10-19_incident_stopped_zone_nb-shoulder.jpg,nb,103270.3167,-39.39570165,nb,shoulder,-1
BIBB-CAM-024,32.8332442,-83.73284142,n,9/6/2018,3,Thursday,18:15:52,incident_stopped,2018-09-06_18-15-52_incident_stopped.jpg,nb,103335.8667,-49.27056404,,,-1
S2C17,32.84950348,-83.74113514,s,9/6/2018,3,Thursday,18:42:25,incident_stopped,2018-09-06_18-42-25_incident_stopped_zone_nb-shoulder.jpg,nb,103362.4167,-43.18705025,nb,shoulder,-1
BIBB-CAM-028,32.86504559,-83.75232959,n,9/6/2018,3,Thursday,19:33:43,incident_stopped,2018-09-06_19-33-43_incident_stopped_zone_nb-shoulder.jpg,nb,103413.7167,-36.91653912,nb,shoulder,-1
BIBB-CAM-024,32.8332442,-83.73284142,n,9/6/2018,3,Thursday,19:51:32,incident_stopped,2018-09-06_19-51-32_incident_stopped.jpg,nb,103431.5333,-49.27056404,,,-1
S1C20,32.86504559,-83.75232959,s,9/6/2018,3,Thursday,20:16:32,incident_stopped,2018-09-06_20-16-32_incident_stopped_zone_far-lanes.jpg,nb,103456.5333,-36.91653912,far,lanes,-1
N1C10,32.82260317,-83.73001566,n,9/6/2018,3,Thursday,21:42:44,incident_stopped,2018-09-06_21-42-44_incident_stopped_zone_nb-shoulder.jpg,nb,103542.7333,-52.90603101,nb,shoulder,-1
N1C11,32.82699902,-83.73109564,n,9/6/2018,3,Thursday,21:42:46,incident_stopped,2018-09-06_21-42-46_incident_stopped_zone_nb-shoulder.jpg,nb,103542.7667,-51.41367576,nb,shoulder,-1
N1C21,32.86981764,-83.75767111,n,9/6/2018,3,Thursday,22:33:24,incident_stopped,2018-09-06_22-33-24_incident_stopped_zone_nb-shoulder.jpg,nb,103593.4,-34.7310666,nb,shoulder,-1
BIBB-CAM-024,32.8332442,-83.73284142,n,9/6/2018,3,Thursday,23:22:12,incident_stopped,2018-09-06_23-22-12_incident_stopped.jpg,nb,103642.2,-49.27056404,,,-1
N1C21,32.86981764,-83.75767111,n,9/7/2018,4,Friday,0:59:10,incident_stopped,2018-09-07_00-59-10_incident_stopped_zone_nb-shoulder.jpg,nb,103739.1667,-34.7310666,nb,shoulder,-1
N3C38,32.94876151,-83.81228301,n,9/7/2018,4,Friday,1:14:42,incident_stopped,2018-09-07_01-14-42_incident_stopped_zone_nb-shoulder.jpg,nb,103754.7,-3.479229064,nb,shoulder,-1
BIBB-CAM-030,32.86987654,-83.75830175,s,9/7/2018,4,Friday,1:48:43,incident_stopped,2018-09-07_01-48-43_incident_stopped_zone_far-shoulder.jpg,nb,103788.7167,-34.62822647,far,shoulder,-1
S2C09,32.81017134,-83.72613824,s,9/7/2018,4,Friday,3:38:11,incident_stopped,2018-09-07_03-38-11_incident_stopped_zone_nb-shoulder.jpg,nb,103898.1833,-57.24864799,nb,shoulder,-1
S1C16,32.84561646,-83.73933607,s,9/7/2018,4,Friday,6:04:07,incident_stopped,2018-09-07_06-04-07_incident_stopped_zone_nb-shoulder.jpg,nb,104044.1167,-44.61500342,nb,shoulder,-1
S1C30,32.91200591,-83.79524157,s,9/7/2018,4,Friday,7:27:45,incident_stopped,2018-09-07_07-27-45_incident_stopped_zone_nb-shoulder.jpg,nb,104127.75,-17.00028257,nb,shoulder,-1
N1C11,32.82699902,-83.73109564,n,9/7/2018,4,Friday,7:41:09,incident_stopped,2018-09-07_07-41-09_incident_stopped_zone_nb-shoulder.jpg,nb,104141.15,-51.41367576,nb,shoulder,-1
N1C14,32.83648848,-83.73452853,n,9/7/2018,4,Friday,7:49:16,incident_stopped,2018-09-07_07-49-16_incident_stopped_zone_ramp-shoulder.jpg,nb,104149.2667,-48.05166032,ramp,shoulder,-1
N2C14,32.83648848,-83.73452853,n,9/7/2018,4,Friday,7:49:20,incident_stopped,2018-09-07_07-49-20_incident_stopped_zone_nb-shoulder.jpg,nb,104149.3333,-48.05166032,nb,shoulder,-1
BIBB-CAM-024,32.8332442,-83.73284142,n,9/7/2018,4,Friday,8:54:03,incident_stopped,2018-09-07_08-54-03_incident_stopped.jpg,nb,104214.05,-49.27056404,,,-1
N1C21,32.86981764,-83.75767111,n,9/7/2018,4,Friday,9:20:25,incident_stopped,2018-09-07_09-20-25_incident_stopped_zone_nb-shoulder.jpg,nb,104240.4167,-34.7310666,nb,shoulder,-1
S1C21,32.86987654,-83.75830175,s,9/7/2018,4,Friday,10:24:37,incident_stopped,2018-09-07_10-24-37_incident_stopped_zone_nb-shoulder.jpg,nb,104304.6167,-34.62822647,nb,shoulder,-1
BIBB-CAM-024,32.8332442,-83.73284142,n,9/7/2018,4,Friday,10:26:46,incident_stopped,2018-09-07_10-26-46_incident_stopped.jpg,nb,104306.7667,-49.27056404,,,-1
S3C23,32.8774369,-83.7665846,s,9/7/2018,4,Friday,10:43:45,incident_stopped,2018-09-07_10-43-45_incident_stopped_zone_nb-shoulder.jpg,nb,104323.75,-31.21570867,nb,shoulder,-1
N2C01,32.76613511,-83.71030216,n,9/7/2018,4,Friday,10:47:55,incident_stopped,2018-09-07_10-47-55_incident_stopped_zone_nb-shoulder.jpg,nb,104327.9167,-72.97440738,nb,shoulder,-1
N1C07,32.80647151,-83.72379194,n,9/7/2018,4,Friday,11:05:18,incident_stopped,2018-09-07_11-05-18_incident_stopped_zone_ramp-shoulder.jpg,nb,104345.3,-58.69634095,ramp,shoulder,-1
BIBB-CAM-024,32.8332442,-83.73284142,n,9/7/2018,4,Friday,11:33:43,incident_congestion,2018-09-07_11-33-43_incident_congestion_zone_nb-lanes.jpg,nb,104373.7167,-49.27056404,nb,lanes,-1
BIBB-CAM-009,32.76613511,-83.71030216,n,9/7/2018,4,Friday,11:39:18,incident_stopped,2018-09-07_11-39-18_incident_stopped.jpg,nb,104379.3,-72.97440738,,,-1
BIBB-CAM-028,32.86504559,-83.75232959,n,9/7/2018,4,Friday,11:47:23,incident_stopped,2018-09-07_11-47-23_incident_stopped_zone_nb-shoulder.jpg,nb,104387.3833,-36.91653912,nb,shoulder,-1
N1C31,32.90737428,-83.79168212,n,9/7/2018,4,Friday,11:52:14,incident_stopped,2018-09-07_11-52-14_incident_stopped_zone_nb-lanes.jpg,nb,104392.2333,-18.84792303,nb,lanes,-1
N2C03,32.78071485,-83.71530658,n,9/7/2018,4,Friday,11:56:52,incident_stopped,2018-09-07_11-56-52_incident_stopped_zone_nb-shoulder.jpg,nb,104396.8667,-67.78810628,nb,shoulder,-1
BIBB-CAM-024,32.8332442,-83.73284142,n,9/7/2018,4,Friday,12:09:07,incident_stopped,2018-09-07_12-09-07_incident_stopped.jpg,nb,104409.1167,-49.27056404,,,-1
N1C26,32.88798194,-83.77607704,n,9/7/2018,4,Friday,12:40:23,incident_stopped,2018-09-07_12-40-23_incident_stopped_zone_nb-shoulder.jpg,nb,104440.3833,-26.75233619,nb,shoulder,-1
S2C09,32.81017134,-83.72613824,s,9/7/2018,4,Friday,13:09:09,incident_stopped,2018-09-07_13-09-09_incident_stopped_zone_nb-shoulder.jpg,nb,104469.15,-57.24864799,nb,shoulder,-1
N2C01,32.76613511,-83.71030216,n,9/7/2018,4,Friday,13:09:39,incident_stopped,2018-09-07_13-09-39_incident_stopped_zone_nb-shoulder.jpg,nb,104469.65,-72.97440738,nb,shoulder,-1
S1C21,32.86987654,-83.75830175,s,9/7/2018,4,Friday,13:23:41,incident_stopped,2018-09-07_13-23-41_incident_stopped_zone_nb-shoulder.jpg,nb,104483.6833,-34.62822647,nb,shoulder,-1
N1C21,32.86981764,-83.75767111,n,9/7/2018,4,Friday,13:23:45,incident_stopped,2018-09-07_13-23-45_incident_stopped_zone_nb-shoulder.jpg,nb,104483.75,-34.7310666,nb,shoulder,-1
BIBB-CAM-024,32.8332442,-83.73284142,n,9/7/2018,4,Friday,13:40:16,incident_stopped,2018-09-07_13-40-16_incident_stopped.jpg,nb,104500.2667,-49.27056404,,,-1
N1C04,32.7850913,-83.71806273,n,9/7/2018,4,Friday,14:24:57,incident_congestion,2018-09-07_14-24-57_incident_congestion_zone_nb-lanes.jpg,nb,104544.95,-66.07987571,nb,lanes,-1
N2C03,32.78071485,-83.71530658,n,9/7/2018,4,Friday,14:45:26,incident_stopped,2018-09-07_14-45-26_incident_stopped_zone_nb-shoulder.jpg,nb,104565.4333,-67.78810628,nb,shoulder,-1
BIBB-CAM-036,32.91536047,-83.79703412,s,9/7/2018,4,Friday,14:54:18,incident_stopped,2018-09-07_14-54-18_incident_stopped_zone_far-shoulder.jpg,nb,104574.3,-15.73785658,far,shoulder,-1
N1C07,32.80647151,-83.72379194,n,9/7/2018,4,Friday,15:03:45,incident_stopped,2018-09-07_15-03-45_incident_stopped_zone_ramp-shoulder.jpg,nb,104583.75,-58.69634095,ramp,shoulder,-1
S2C17,32.84950348,-83.74113514,s,9/7/2018,4,Friday,15:14:37,incident_stopped,2018-09-07_15-14-37_incident_stopped_zone_nb-shoulder.jpg,nb,104594.6167,-43.18705025,nb,shoulder,-1
BIBB-CAM-024,32.8332442,-83.73284142,n,9/7/2018,4,Friday,15:25:49,incident_congestion,2018-09-07_15-25-49_incident_congestion_zone_nb-lanes.jpg,nb,104605.8167,-49.27056404,nb,lanes,-1
BIBB-CAM-024,32.8332442,-83.73284142,n,9/7/2018,4,Friday,15:26:32,incident_stopped,2018-09-07_15-26-32_incident_stopped.jpg,nb,104606.5333,-49.27056404,,,-1
N1C03,32.78071485,-83.71530658,n,9/7/2018,4,Friday,15:30:39,incident_stopped,2018-09-07_15-30-39_incident_stopped_zone_nb-shoulder.jpg,nb,104610.65,-67.78810628,nb,shoulder,-1
N2C01,32.76613511,-83.71030216,n,9/7/2018,4,Friday,15:33:13,incident_stopped,2018-09-07_15-33-13_incident_stopped_zone_nb-shoulder.jpg,nb,104613.2167,-72.97440738,nb,shoulder,-1
S2C22,32.87291783,-83.76154621,s,9/7/2018,4,Friday,15:36:43,incident_stopped,2018-09-07_15-36-43_incident_stopped_zone_nb-shoulder.jpg,nb,104616.7167,-33.26350279,nb,shoulder,-1
BIBB-CAM-013,32.77567367,-83.7128245,s,9/7/2018,4,Friday,15:47:05,incident_stopped,2018-09-07_15-47-05_incident_stopped_zone_nb-shoulder.jpg,nb,104627.0833,-69.6715058,nb,shoulder,-1
S2C38,32.95157525,-83.81265346,s,9/7/2018,4,Friday,16:15:40,incident_stopped,2018-09-07_16-15-40_incident_stopped_zone_north-shoulder.jpg,nb,104655.6667,-2.501382112,north,shoulder,-1
N1C17,32.84958885,-83.74065988,n,9/7/2018,4,Friday,16:16:06,incident_stopped,2018-09-07_16-16-06_incident_stopped_zone_nb-shoulder.jpg,nb,104656.1,-43.22840936,nb,shoulder,-1
BIBB-CAM-024,32.8332442,-83.73284142,n,9/7/2018,4,Friday,16:57:41,incident_stopped,2018-09-07_16-57-41_incident_stopped.jpg,nb,104697.6833,-49.27056404,,,-1
N1C11,32.82699902,-83.73109564,n,9/7/2018,4,Friday,17:07:51,incident_stopped,2018-09-07_17-07-51_incident_stopped_zone_nb-shoulder.jpg,nb,104707.85,-51.41367576,nb,shoulder,-1
N1C07,32.80647151,-83.72379194,n,9/7/2018,4,Friday,17:35:03,incident_stopped,2018-09-07_17-35-03_incident_stopped_zone_ramp-shoulder.jpg,nb,104735.05,-58.69634095,ramp,shoulder,-1
N1C21,32.86981764,-83.75767111,n,9/7/2018,4,Friday,17:44:19,incident_stopped,2018-09-07_17-44-19_incident_stopped_zone_nb-shoulder.jpg,nb,104744.3167,-34.7310666,nb,shoulder,-1
S1C21,32.86987654,-83.75830175,s,9/7/2018,4,Friday,17:44:24,incident_stopped,2018-09-07_17-44-24_incident_stopped_zone_nb-shoulder.jpg,nb,104744.4,-34.62822647,nb,shoulder,-1
N1C39,32.95177015,-83.81217745,n,9/7/2018,4,Friday,17:46:19,incident_stopped,2018-09-07_17-46-19_incident_stopped_zone_ramp-shoulder.jpg,nb,104746.3167,-2.4510298,ramp,shoulder,-1
S1C26,32.88776313,-83.77647583,s,9/7/2018,4,Friday,17:47:12,incident_stopped,2018-09-07_17-47-12_incident_stopped_zone_nb-lanes.jpg,nb,104747.2,-26.77497584,nb,lanes,-1
N2C26,32.88798194,-83.77607704,n,9/7/2018,4,Friday,17:47:15,incident_stopped,2018-09-07_17-47-15_incident_stopped_zone_nb-shoulder.jpg,nb,104747.25,-26.75233619,nb,shoulder,-1
S1C33,32.92513731,-83.80220611,s,9/7/2018,4,Friday,18:04:29,incident_stopped,2018-09-07_18-04-29_incident_stopped_zone_nb-shoulder.jpg,nb,104764.4833,-12.07189332,nb,shoulder,-1
N2C42,32.759892,-83.709757,n,9/7/2018,4,Friday,18:10:14,incident_stopped,2018-09-07_18-10-14_incident_stopped_zone_nb-shoulder.jpg,nb,104770.2333,-75.01044884,nb,shoulder,-1
N3C01,32.76613511,-83.71030216,n,9/7/2018,4,Friday,18:22:52,incident_stopped,2018-09-07_18-22-52_incident_stopped_zone_nb-shoulder.jpg,nb,104782.8667,-72.97440738,nb,shoulder,-1
S1C30,32.91200591,-83.79524157,s,9/7/2018,4,Friday,18:50:44,incident_stopped,2018-09-07_18-50-44_incident_stopped_zone_nb-shoulder.jpg,nb,104810.7333,-17.00028257,nb,shoulder,-1
N2C03,32.78071485,-83.71530658,n,9/7/2018,4,Friday,19:15:31,incident_stopped,2018-09-07_19-15-31_incident_stopped_zone_nb-shoulder.jpg,nb,104835.5167,-67.78810628,nb,shoulder,-1
N2C08,32.81331958,-83.72706597,n,9/7/2018,4,Friday,19:35:41,incident_stopped,2018-09-07_19-35-41_incident_stopped_zone_nb-shoulder.jpg,nb,104855.6833,-56.15448649,nb,shoulder,-1
BIBB-CAM-024,32.8332442,-83.73284142,n,9/7/2018,4,Friday,19:55:54,incident_stopped,2018-09-07_19-55-54_incident_stopped.jpg,nb,104875.9,-49.27056404,,,-1
N2C33,32.92077604,-83.79943309,n,9/7/2018,4,Friday,21:22:06,incident_stopped,2018-09-07_21-22-06_incident_stopped_zone_nb-shoulder.jpg,nb,104962.1,-13.74452878,nb,shoulder,-1
BIBB-CAM-024,32.8332442,-83.73284142,n,9/7/2018,4,Friday,21:39:43,incident_stopped,2018-09-07_21-39-43_incident_stopped.jpg,nb,104979.7167,-49.27056404,,,-1
BIBB-CAM-024,32.8332442,-83.73284142,n,9/7/2018,4,Friday,23:52:32,incident_stopped,2018-09-07_23-52-32_incident_stopped.jpg,nb,105112.5333,-49.27056404,,,-1
S1C28,32.90013203,-83.7863588,s,9/8/2018,5,Saturday,2:51:52,incident_stopped,2018-09-08_02-51-52_incident_stopped_zone_nb-shoulder.jpg,nb,105291.8667,-21.73107036,nb,shoulder,-1
BIBB-CAM-024,32.8332442,-83.73284142,n,9/8/2018,5,Saturday,4:07:29,incident_stopped,2018-09-08_04-07-29_incident_stopped.jpg,nb,105367.4833,-49.27056404,,,-1
S1C21,32.86987654,-83.75830175,s,9/8/2018,5,Saturday,4:58:57,incident_stopped,2018-09-08_04-58-57_incident_stopped_zone_nb-shoulder.jpg,nb,105418.95,-34.62822647,nb,shoulder,-1
BIBB-CAM-024,32.8332442,-83.73284142,n,9/8/2018,5,Saturday,5:51:05,incident_stopped,2018-09-08_05-51-05_incident_stopped.jpg,nb,105471.0833,-49.27056404,,,-1
N2C32,32.91549987,-83.79665373,n,9/8/2018,5,Saturday,8:29:43,incident_stopped,2018-09-08_08-29-43_incident_stopped_zone_nb-lanes.jpg,nb,105629.7167,-15.72572861,nb,lanes,-1
BIBB-CAM-030,32.86987654,-83.75830175,s,9/8/2018,5,Saturday,8:39:46,incident_stopped,2018-09-08_08-39-46_incident_stopped_zone_far-shoulder.jpg,nb,105639.7667,-34.62822647,far,shoulder,-1
N1C14,32.83648848,-83.73452853,n,9/8/2018,5,Saturday,9:10:57,incident_stopped,2018-09-08_09-10-57_incident_stopped_zone_ramp-shoulder.jpg,nb,105670.95,-48.05166032,ramp,shoulder,-1
S1C14,32.83620205,-83.73500536,s,9/8/2018,5,Saturday,9:11:00,incident_stopped,2018-09-08_09-11-00_incident_stopped_zone_nb-shoulder.jpg,nb,105671,-48.07309629,nb,shoulder,-1
BIBB-CAM-024,32.8332442,-83.73284142,n,9/8/2018,5,Saturday,9:18:04,incident_stopped,2018-09-08_09-18-04_incident_stopped.jpg,nb,105678.0667,-49.27056404,,,-1
N1C01,32.76613511,-83.71030216,n,9/8/2018,5,Saturday,9:27:54,incident_stopped,2018-09-08_09-27-54_incident_stopped_zone_nb-shoulder.jpg,nb,105687.9,-72.97440738,nb,shoulder,-1
N1C41,32.7558,-83.709193,n,9/8/2018,5,Saturday,9:45:42,incident_stopped,2018-09-08_09-45-42_incident_stopped_zone_nb-shoulder.jpg,nb,105705.7,-76.37247586,nb,shoulder,-1
N1C16,32.84577945,-83.73888874,n,9/8/2018,5,Saturday,9:56:09,incident_stopped,2018-09-08_09-56-09_incident_stopped_zone_near-shoulder.jpg,nb,105716.15,-44.6283787,near,shoulder,-1
BIBB-CAM-018,32.79962746,-83.72080704,n,9/8/2018,5,Saturday,10:07:59,incident_stopped,2018-09-08_10-07-59_incident_stopped.jpg,nb,105727.9833,-61.20075294,,,-1
N1C21,32.86981764,-83.75767111,n,9/8/2018,5,Saturday,10:15:12,incident_stopped,2018-09-08_10-15-12_incident_stopped_zone_nb-shoulder.jpg,nb,105735.2,-34.7310666,nb,shoulder,-1
S1C21,32.86987654,-83.75830175,s,9/8/2018,5,Saturday,10:15:17,incident_stopped,2018-09-08_10-15-17_incident_stopped_zone_nb-shoulder.jpg,nb,105735.2833,-34.62822647,nb,shoulder,-1
BIBB-CAM-024,32.8332442,-83.73284142,n,9/8/2018,5,Saturday,11:05:37,incident_stopped,2018-09-08_11-05-37_incident_stopped.jpg,nb,105785.6167,-49.27056404,,,-1
N2C33,32.92077604,-83.79943309,n,9/8/2018,5,Saturday,11:11:47,incident_stopped,2018-09-08_11-11-47_incident_stopped_zone_nb-shoulder.jpg,nb,105791.7833,-13.74452878,nb,shoulder,-1
N1C29,32.89985331,-83.78559794,n,9/8/2018,5,Saturday,12:20:11,incident_stopped,2018-09-08_12-20-11_incident_stopped_zone_nb-shoulder.jpg,nb,105860.1833,-21.901237,nb,shoulder,-1
N2C03,32.78071485,-83.71530658,n,9/8/2018,5,Saturday,12:38:14,incident_stopped,2018-09-08_12-38-14_incident_stopped_zone_nb-shoulder.jpg,nb,105878.2333,-67.78810628,nb,shoulder,-1
BIBB-CAM-024,32.8332442,-83.73284142,n,9/8/2018,5,Saturday,12:38:57,incident_stopped,2018-09-08_12-38-57_incident_stopped.jpg,nb,105878.95,-49.27056404,,,-1
S1C21,32.86987654,-83.75830175,s,9/8/2018,5,Saturday,12:50:31,incident_stopped,2018-09-08_12-50-31_incident_stopped_zone_nb-shoulder.jpg,nb,105890.5167,-34.62822647,nb,shoulder,-1
N1C21,32.86981764,-83.75767111,n,9/8/2018,5,Saturday,13:10:09,incident_stopped,2018-09-08_13-10-09_incident_stopped_zone_nb-shoulder.jpg,nb,105910.15,-34.7310666,nb,shoulder,-1
BIBB-CAM-024,32.8332442,-83.73284142,n,9/8/2018,5,Saturday,13:37:11,incident_congestion,2018-09-08_13-37-11_incident_congestion_zone_nb-lanes.jpg,nb,105937.1833,-49.27056404,nb,lanes,-1
N3C42,32.759892,-83.709757,n,9/8/2018,5,Saturday,13:51:09,incident_stopped,2018-09-08_13-51-09_incident_stopped_zone_nb-shoulder.jpg,nb,105951.15,-75.01044884,nb,shoulder,-1
N2C03,32.78071485,-83.71530658,n,9/8/2018,5,Saturday,14:24:50,incident_stopped,2018-09-08_14-24-50_incident_stopped_zone_nb-shoulder.jpg,nb,105984.8333,-67.78810628,nb,shoulder,-1
N1C13,32.8332442,-83.73284142,n,9/8/2018,5,Saturday,14:31:12,incident_stopped,2018-09-08_14-31-12_incident_stopped_zone_nb-shoulder.jpg,nb,105991.2,-49.27056404,nb,shoulder,-1
N2C15,32.84068577,-83.73653266,n,9/8/2018,5,Saturday,14:34:47,incident_stopped,2018-09-08_14-34-47_incident_stopped_zone_nb-shoulder.jpg,nb,105994.7833,-46.49987236,nb,shoulder,-1
N1C17,32.84958885,-83.74065988,n,9/8/2018,5,Saturday,14:35:32,incident_stopped,2018-09-08_14-35-32_incident_stopped_zone_nb-shoulder.jpg,nb,105995.5333,-43.22840936,nb,shoulder,-1
S1C21,32.86987654,-83.75830175,s,9/8/2018,5,Saturday,15:11:44,incident_stopped,2018-09-08_15-11-44_incident_stopped_zone_nb-shoulder.jpg,nb,106031.7333,-34.62822647,nb,shoulder,-1
BIBB-CAM-030,32.86987654,-83.75830175,s,9/8/2018,5,Saturday,15:12:31,incident_stopped,2018-09-08_15-12-31_incident_stopped_zone_far-shoulder.jpg,nb,106032.5167,-34.62822647,far,shoulder,-1
N2C30,32.90369996,-83.788703,n,9/8/2018,5,Saturday,15:28:47,incident_stopped,2018-09-08_15-28-47_incident_stopped_zone_nb-shoulder.jpg,nb,106048.7833,-20.33695357,nb,shoulder,-1
N1C10,32.82260317,-83.73001566,n,9/8/2018,5,Saturday,15:37:44,incident_stopped,2018-09-08_15-37-44_incident_stopped_zone_nb-shoulder.jpg,nb,106057.7333,-52.90603101,nb,shoulder,-1
S1C27,32.89654773,-83.78351592,s,9/8/2018,5,Saturday,15:39:37,incident_stopped,2018-09-08_15-39-37_incident_stopped_zone_nb-shoulder.jpg,nb,106059.6167,-23.1858178,nb,shoulder,-1
BIBB-CAM-024,32.8332442,-83.73284142,n,9/8/2018,5,Saturday,15:48:18,incident_stopped,2018-09-08_15-48-18_incident_stopped.jpg,nb,106068.3,-49.27056404,,,-1
N1C07,32.80647151,-83.72379194,n,9/8/2018,5,Saturday,16:52:31,incident_stopped,2018-09-08_16-52-31_incident_stopped_zone_ramp-shoulder.jpg,nb,106132.5167,-58.69634095,ramp,shoulder,-1
N1C36,32.93748827,-83.80825819,n,9/8/2018,5,Saturday,16:53:04,incident_stopped,2018-09-08_16-53-04_incident_stopped_zone_nb-shoulder.jpg,nb,106133.0667,-7.509238214,nb,shoulder,-1
BIBB-CAM-024,32.8332442,-83.73284142,n,9/8/2018,5,Saturday,17:19:58,incident_stopped,2018-09-08_17-19-58_incident_stopped.jpg,nb,106159.9667,-49.27056404,,,-1
N1C17,32.84958885,-83.74065988,n,9/8/2018,5,Saturday,17:31:46,incident_stopped,2018-09-08_17-31-46_incident_stopped_zone_nb-shoulder.jpg,nb,106171.7667,-43.22840936,nb,shoulder,-1
N2C26,32.88798194,-83.77607704,n,9/8/2018,5,Saturday,18:11:10,incident_stopped,2018-09-08_18-11-10_incident_stopped_zone_nb-shoulder.jpg,nb,106211.1667,-26.75233619,nb,shoulder,-1
N3C02,32.76990531,-83.71029631,n,9/8/2018,5,Saturday,18:14:20,incident_stopped,2018-09-08_18-14-20_incident_stopped_zone_nb-shoulder.jpg,nb,106214.3333,-71.78891913,nb,shoulder,-1
N1C09,32.81772219,-83.72879532,n,9/8/2018,5,Saturday,18:21:33,incident_slow,2018-09-08_18-21-33_incident_slow_zone_nb-lanes.jpg,nb,106221.55,-54.56967025,nb,lanes,-1
S2C17,32.84950348,-83.74113514,s,9/8/2018,5,Saturday,19:30:57,incident_stopped,2018-09-08_19-30-57_incident_stopped_zone_nb-shoulder.jpg,nb,106290.95,-43.18705025,nb,shoulder,-1
N2C01,32.76613511,-83.71030216,n,9/8/2018,5,Saturday,19:37:35,incident_stopped,2018-09-08_19-37-35_incident_stopped_zone_nb-shoulder.jpg,nb,106297.5833,-72.97440738,nb,shoulder,-1
BIBB-CAM-024,32.8332442,-83.73284142,n,9/8/2018,5,Saturday,20:52:44,incident_stopped,2018-09-08_20-52-44_incident_stopped.jpg,nb,106372.7333,-49.27056404,,,-1
BIBB-CAM-024,32.8332442,-83.73284142,n,9/8/2018,5,Saturday,22:56:52,incident_stopped,2018-09-08_22-56-52_incident_stopped.jpg,nb,106496.8667,-49.27056404,,,-1
N2C01,32.76613511,-83.71030216,n,9/9/2018,6,Sunday,1:08:40,incident_stopped,2018-09-09_01-08-40_incident_stopped_zone_nb-shoulder.jpg,nb,106628.6667,-72.97440738,nb,shoulder,-1
N1C01,32.76613511,-83.71030216,n,9/9/2018,6,Sunday,1:08:44,incident_stopped,2018-09-09_01-08-44_incident_stopped_zone_nb-shoulder.jpg,nb,106628.7333,-72.97440738,nb,shoulder,-1
N1C03,32.78071485,-83.71530658,n,9/9/2018,6,Sunday,1:11:21,incident_stopped,2018-09-09_01-11-21_incident_stopped_zone_nb-shoulder.jpg,nb,106631.35,-67.78810628,nb,shoulder,-1
N2C02,32.76990531,-83.71029631,n,9/9/2018,6,Sunday,3:38:48,incident_stopped,2018-09-09_03-38-48_incident_stopped_zone_nb-shoulder.jpg,nb,106778.8,-71.78891913,nb,shoulder,-1
BIBB-CAM-024,32.8332442,-83.73284142,n,9/9/2018,6,Sunday,6:16:54,incident_stopped,2018-09-09_06-16-54_incident_stopped.jpg,nb,106936.9,-49.27056404,,,-1
S2C24,32.87958032,-83.76886573,s,9/9/2018,6,Sunday,7:36:06,incident_stopped,2018-09-09_07-36-06_incident_stopped_zone_nb-shoulder.jpg,nb,107016.1,-30.26227087,nb,shoulder,-1
N1C09,32.81772219,-83.72879532,n,9/9/2018,6,Sunday,8:37:33,incident_slow,2018-09-09_08-37-33_incident_slow_zone_nb-lanes.jpg,nb,107077.55,-54.56967025,nb,lanes,-1
S2C08,32.80622138,-83.72432815,s,9/9/2018,6,Sunday,9:03:45,incident_stopped,2018-09-09_09-03-45_incident_stopped_zone_nb-shoulder.jpg,nb,107103.75,-58.705165,nb,shoulder,-1
BIBB-CAM-024,32.8332442,-83.73284142,n,9/9/2018,6,Sunday,9:17:21,incident_stopped,2018-09-09_09-17-21_incident_stopped.jpg,nb,107117.35,-49.27056404,,,-1
S1C21,32.86987654,-83.75830175,s,9/9/2018,6,Sunday,10:06:41,incident_stopped,2018-09-09_10-06-41_incident_stopped_zone_nb-shoulder.jpg,nb,107166.6833,-34.62822647,nb,shoulder,-1
BIBB-CAM-028,32.86504559,-83.75232959,n,9/9/2018,6,Sunday,10:19:27,incident_stopped,2018-09-09_10-19-27_incident_stopped_zone_nb-shoulder.jpg,nb,107179.45,-36.91653912,nb,shoulder,-1
N1C06,32.79465366,-83.72010538,n,9/9/2018,6,Sunday,10:40:13,incident_stopped,2018-09-09_10-40-13_incident_stopped_zone_nb-shoulder.jpg,nb,107200.2167,-62.83684554,nb,shoulder,-1
BIBB-CAM-030,32.86987654,-83.75830175,s,9/9/2018,6,Sunday,10:42:28,incident_stopped,2018-09-09_10-42-28_incident_stopped_zone_far-shoulder.jpg,nb,107202.4667,-34.62822647,far,shoulder,-1
BIBB-CAM-024,32.8332442,-83.73284142,n,9/9/2018,6,Sunday,11:19:54,incident_stopped,2018-09-09_11-19-54_incident_stopped.jpg,nb,107239.9,-49.27056404,,,-1
N1C33,32.92077604,-83.79943309,n,9/9/2018,6,Sunday,11:34:24,incident_congestion,2018-09-09_11-34-24_incident_congestion_zone_nb-lanes.jpg,nb,107254.4,-13.74452878,nb,lanes,-1
S1C21,32.86987654,-83.75830175,s,9/9/2018,6,Sunday,12:02:20,incident_stopped,2018-09-09_12-02-20_incident_stopped_zone_nb-shoulder.jpg,nb,107282.3333,-34.62822647,nb,shoulder,-1
N2C01,32.76613511,-83.71030216,n,9/9/2018,6,Sunday,12:12:00,incident_stopped,2018-09-09_12-12-00_incident_stopped_zone_nb-shoulder.jpg,nb,107292,-72.97440738,nb,shoulder,-1
BIBB-CAM-037,32.92513731,-83.80220611,s,9/9/2018,6,Sunday,12:15:02,incident_stopped,2018-09-09_12-15-02_incident_stopped_zone_nb-shoulder.jpg,nb,107295.0333,-12.07189332,nb,shoulder,-1
N1C21,32.86981764,-83.75767111,n,9/9/2018,6,Sunday,12:49:54,incident_stopped,2018-09-09_12-49-54_incident_stopped_zone_nb-shoulder.jpg,nb,107329.9,-34.7310666,nb,shoulder,-1
N1C07,32.80647151,-83.72379194,n,9/9/2018,6,Sunday,12:53:47,incident_stopped,2018-09-09_12-53-47_incident_stopped_zone_ramp-shoulder.jpg,nb,107333.7833,-58.69634095,ramp,shoulder,-1
N1C14,32.83648848,-83.73452853,n,9/9/2018,6,Sunday,13:06:02,incident_stopped,2018-09-09_13-06-02_incident_stopped_zone_ramp-shoulder.jpg,nb,107346.0333,-48.05166032,ramp,shoulder,-1
N1C03,32.78071485,-83.71530658,n,9/9/2018,6,Sunday,13:13:07,incident_stopped,2018-09-09_13-13-07_incident_stopped_zone_nb-shoulder.jpg,nb,107353.1167,-67.78810628,nb,shoulder,-1
S2C08,32.80622138,-83.72432815,s,9/9/2018,6,Sunday,13:14:53,incident_stopped,2018-09-09_13-14-53_incident_stopped_zone_nb-shoulder.jpg,nb,107354.8833,-58.705165,nb,shoulder,-1
N1C29,32.89985331,-83.78559794,n,9/9/2018,6,Sunday,13:16:17,incident_stopped,2018-09-09_13-16-17_incident_stopped_zone_nb-shoulder.jpg,nb,107356.2833,-21.901237,nb,shoulder,-1
S1C31,32.91536047,-83.79703412,s,9/9/2018,6,Sunday,13:19:59,incident_stopped,2018-09-09_13-19-59_incident_stopped_zone_nb-shoulder.jpg,nb,107359.9833,-15.73785658,nb,shoulder,-1
BIBB-CAM-009,32.76613511,-83.71030216,n,9/9/2018,6,Sunday,13:24:00,incident_stopped,2018-09-09_13-24-00_incident_stopped.jpg,nb,107364,-72.97440738,,,-1
BIBB-CAM-024,32.8332442,-83.73284142,n,9/9/2018,6,Sunday,13:35:34,incident_congestion,2018-09-09_13-35-34_incident_congestion_zone_nb-lanes.jpg,nb,107375.5667,-49.27056404,nb,lanes,-1
BIBB-CAM-024,32.8332442,-83.73284142,n,9/9/2018,6,Sunday,13:44:23,incident_stopped,2018-09-09_13-44-23_incident_stopped.jpg,nb,107384.3833,-49.27056404,,,-1
N1C01,32.76613511,-83.71030216,n,9/9/2018,6,Sunday,13:51:40,incident_stopped,2018-09-09_13-51-40_incident_stopped_zone_nb-shoulder.jpg,nb,107391.6667,-72.97440738,nb,shoulder,-1
N2C01,32.76613511,-83.71030216,n,9/9/2018,6,Sunday,13:51:41,incident_stopped,2018-09-09_13-51-41_incident_stopped_zone_nb-shoulder.jpg,nb,107391.6833,-72.97440738,nb,shoulder,-1
S1C27,32.89654773,-83.78351592,s,9/9/2018,6,Sunday,13:58:17,incident_stopped,2018-09-09_13-58-17_incident_stopped_zone_nb-shoulder.jpg,nb,107398.2833,-23.1858178,nb,shoulder,-1
S1C28,32.90013203,-83.7863588,s,9/9/2018,6,Sunday,13:58:20,incident_stopped,2018-09-09_13-58-20_incident_stopped_zone_nb-shoulder.jpg,nb,107398.3333,-21.73107036,nb,shoulder,-1
S1C21,32.86987654,-83.75830175,s,9/9/2018,6,Sunday,14:04:38,incident_stopped,2018-09-09_14-04-38_incident_stopped_zone_nb-shoulder.jpg,nb,107404.6333,-34.62822647,nb,shoulder,-1
N1C33,32.92077604,-83.79943309,n,9/9/2018,6,Sunday,14:22:06,incident_congestion,2018-09-09_14-22-06_incident_congestion_zone_nb-lanes.jpg,nb,107422.1,-13.74452878,nb,lanes,-1
N2C11,32.82699902,-83.73109564,n,9/9/2018,6,Sunday,14:33:14,incident_stopped,2018-09-09_14-33-14_incident_stopped_zone_near-shoulder.jpg,nb,107433.2333,-51.41367576,near,shoulder,-1
BIBB-CAM-028,32.86504559,-83.75232959,n,9/9/2018,6,Sunday,15:24:17,incident_stopped,2018-09-09_15-24-17_incident_stopped.jpg,nb,107484.2833,-36.91653912,,,-1
N1C10,32.82260317,-83.73001566,n,9/9/2018,6,Sunday,15:29:19,incident_stopped,2018-09-09_15-29-19_incident_stopped_zone_nb-shoulder.jpg,nb,107489.3167,-52.90603101,nb,shoulder,-1
N1C20,32.86504559,-83.75232959,n,9/9/2018,6,Sunday,15:35:35,incident_stopped,2018-09-09_15-35-35_incident_stopped_zone_nb-shoulder.jpg,nb,107495.5833,-36.91653912,nb,shoulder,-1
S1C16,32.84561646,-83.73933607,s,9/9/2018,6,Sunday,15:59:55,incident_stopped,2018-09-09_15-59-55_incident_stopped_zone_nb-shoulder.jpg,nb,107519.9167,-44.61500342,nb,shoulder,-1
N1C40,32.751099,-83.713281,n,9/9/2018,6,Sunday,16:02:23,incident_stopped,2018-09-09_16-02-23_incident_stopped_zone_nb-shoulder.jpg,nb,107522.3833,-77.41345723,nb,shoulder,-1
BIBB-CAM-027,32.85953942,-83.7465392,n,9/9/2018,6,Sunday,16:09:11,incident_stopped,2018-09-09_16-09-11_incident_stopped_zone_nb-shoulder.jpg,nb,107529.1833,-39.39570165,nb,shoulder,-1
S2C19,32.85919079,-83.74676747,s,9/9/2018,6,Sunday,16:09:19,incident_stopped,2018-09-09_16-09-19_incident_stopped_zone_nb-shoulder.jpg,nb,107529.3167,-39.46810985,nb,shoulder,-1
BIBB-CAM-024,32.8332442,-83.73284142,n,9/9/2018,6,Sunday,16:14:53,incident_stopped,2018-09-09_16-14-53_incident_stopped.jpg,nb,107534.8833,-49.27056404,,,-1
BIBB-CAM-013,32.77567367,-83.7128245,s,9/9/2018,6,Sunday,16:36:49,incident_stopped,2018-09-09_16-36-49_incident_stopped_zone_nb-lanes.jpg,nb,107556.8167,-69.6715058,nb,lanes,-1
BIBB-CAM-020,32.81017134,-83.72613824,s,9/9/2018,6,Sunday,16:38:59,incident_stopped,2018-09-09_16-38-59_incident_stopped_zone_far-shoulder.jpg,nb,107558.9833,-57.24864799,far,shoulder,-1
S1C09,32.81017134,-83.72613824,s,9/9/2018,6,Sunday,16:46:26,incident_stopped,2018-09-09_16-46-26_incident_stopped_zone_nb-shoulder.jpg,nb,107566.4333,-57.24864799,nb,shoulder,-1
N1C02,32.76990531,-83.71029631,n,9/9/2018,6,Sunday,16:53:03,incident_stopped,2018-09-09_16-53-03_incident_stopped_zone_nb-shoulder.jpg,nb,107573.05,-71.78891913,nb,shoulder,-1
N3C01,32.76613511,-83.71030216,n,9/9/2018,6,Sunday,16:53:16,incident_stopped,2018-09-09_16-53-16_incident_stopped_zone_nb-shoulder.jpg,nb,107573.2667,-72.97440738,nb,shoulder,-1
N3C02,32.76990531,-83.71029631,n,9/9/2018,6,Sunday,16:54:51,incident_stopped,2018-09-09_16-54-51_incident_stopped_zone_nb-shoulder.jpg,nb,107574.85,-71.78891913,nb,shoulder,-1
N1C29,32.89985331,-83.78559794,n,9/9/2018,6,Sunday,17:14:41,incident_stopped,2018-09-09_17-14-41_incident_stopped_zone_nb-shoulder.jpg,nb,107594.6833,-21.901237,nb,shoulder,-1
BIBB-CAM-022,32.82254015,-83.73046915,s,9/9/2018,6,Sunday,17:16:12,incident_stopped,2018-09-09_17-16-12_incident_stopped_zone_nb-shoulder.jpg,nb,107596.2,-52.86537408,nb,shoulder,-1
N1C33,32.92077604,-83.79943309,n,9/9/2018,6,Sunday,17:18:41,incident_congestion,2018-09-09_17-18-41_incident_congestion_zone_nb-lanes.jpg,nb,107598.6833,-13.74452878,nb,lanes,-1
S2C17,32.84950348,-83.74113514,s,9/9/2018,6,Sunday,17:50:44,incident_stopped,2018-09-09_17-50-44_incident_stopped_zone_nb-shoulder.jpg,nb,107630.7333,-43.18705025,nb,shoulder,-1
S1C02,32.77015102,-83.71101814,s,9/9/2018,6,Sunday,18:06:50,incident_stopped,2018-09-09_18-06-50_incident_stopped_zone_nb-shoulder.jpg,nb,107646.8333,-71.62458863,nb,shoulder,-1
N1C17,32.84958885,-83.74065988,n,9/9/2018,6,Sunday,18:26:51,incident_stopped,2018-09-09_18-26-51_incident_stopped_zone_nb-shoulder.jpg,nb,107666.85,-43.22840936,nb,shoulder,-1
N1C21,32.86981764,-83.75767111,n,9/9/2018,6,Sunday,18:39:00,incident_stopped,2018-09-09_18-39-00_incident_stopped_zone_nb-shoulder.jpg,nb,107679,-34.7310666,nb,shoulder,-1
N1C07,32.80647151,-83.72379194,n,9/9/2018,6,Sunday,18:42:02,incident_stopped,2018-09-09_18-42-02_incident_stopped_zone_ramp-shoulder.jpg,nb,107682.0333,-58.69634095,ramp,shoulder,-1
BIBB-CAM-024,32.8332442,-83.73284142,n,9/9/2018,6,Sunday,18:43:28,incident_stopped,2018-09-09_18-43-28_incident_stopped.jpg,nb,107683.4667,-49.27056404,,,-1
N1C31,32.90737428,-83.79168212,n,9/9/2018,6,Sunday,18:58:33,incident_stopped,2018-09-09_18-58-33_incident_stopped_zone_nb-lanes.jpg,nb,107698.55,-18.84792303,nb,lanes,-1
S1C30,32.91200591,-83.79524157,s,9/9/2018,6,Sunday,19:36:34,incident_stopped,2018-09-09_19-36-34_incident_stopped_zone_nb-shoulder.jpg,nb,107736.5667,-17.00028257,nb,shoulder,-1
S2C27,32.89654773,-83.78351592,s,9/9/2018,6,Sunday,19:54:25,incident_stopped,2018-09-09_19-54-25_incident_stopped_zone_nb-shoulder.jpg,nb,107754.4167,-23.1858178,nb,shoulder,-1
BIBB-CAM-024,32.8332442,-83.73284142,n,9/9/2018,6,Sunday,20:03:10,incident_congestion,2018-09-09_20-03-10_incident_congestion_zone_nb-lanes.jpg,nb,107763.1667,-49.27056404,nb,lanes,-1
BIBB-CAM-024,32.8332442,-83.73284142,n,9/9/2018,6,Sunday,21:34:32,incident_stopped,2018-09-09_21-34-32_incident_stopped.jpg,nb,107854.5333,-49.27056404,,,-1
S2C17,32.84950348,-83.74113514,s,9/9/2018,6,Sunday,22:30:57,incident_stopped,2018-09-09_22-30-57_incident_stopped_zone_nb-shoulder.jpg,nb,107910.95,-43.18705025,nb,shoulder,-1
S1C30,32.91200591,-83.79524157,s,9/9/2018,6,Sunday,22:44:16,incident_stopped,2018-09-09_22-44-16_incident_stopped_zone_nb-shoulder.jpg,nb,107924.2667,-17.00028257,nb,shoulder,-1
N2C01,32.76613511,-83.71030216,n,9/9/2018,6,Sunday,22:52:07,incident_stopped,2018-09-09_22-52-07_incident_stopped_zone_nb-shoulder.jpg,nb,107932.1167,-72.97440738,nb,shoulder,-1
S1C21,32.86987654,-83.75830175,s,9/10/2018,0,Monday,0:48:58,incident_stopped,2018-09-10_00-48-58_incident_stopped_zone_nb-shoulder.jpg,nb,108048.9667,-34.62822647,nb,shoulder,-1
N1C25,32.88361771,-83.77234944,n,9/10/2018,0,Monday,0:50:59,incident_stopped,2018-09-10_00-50-59_incident_stopped_zone_ramp-shoulder.jpg,nb,108050.9833,-28.57124979,ramp,shoulder,-1
N1C02,32.76990531,-83.71029631,n,9/10/2018,0,Monday,3:24:02,incident_stopped,2018-09-10_03-24-02_incident_stopped_zone_nb-shoulder.jpg,nb,108204.0333,-71.78891913,nb,shoulder,-1
BIBB-CAM-031,32.87958032,-83.76886573,s,9/10/2018,0,Monday,3:59:46,incident_stopped,2018-09-10_03-59-46_incident_stopped_zone_nb-shoulder.jpg,nb,108239.7667,-30.26227087,nb,shoulder,-1
N2C03,32.78071485,-83.71530658,n,9/10/2018,0,Monday,5:10:57,incident_stopped,2018-09-10_05-10-57_incident_stopped_zone_nb-shoulder.jpg,nb,108310.95,-67.78810628,nb,shoulder,-1
S1C16,32.84561646,-83.73933607,s,9/10/2018,0,Monday,5:24:41,incident_stopped,2018-09-10_05-24-41_incident_stopped_zone_nb-shoulder.jpg,nb,108324.6833,-44.61500342,nb,shoulder,-1
BIBB-CAM-024,32.8332442,-83.73284142,n,9/10/2018,0,Monday,6:21:18,incident_stopped,2018-09-10_06-21-18_incident_stopped.jpg,nb,108381.3,-49.27056404,,,-1
N2C14,32.83648848,-83.73452853,n,9/10/2018,0,Monday,6:50:22,incident_stopped,2018-09-10_06-50-22_incident_stopped_zone_nb-shoulder.jpg,nb,108410.3667,-48.05166032,nb,shoulder,-1
N1C21,32.86981764,-83.75767111,n,9/10/2018,0,Monday,8:20:29,incident_stopped,2018-09-10_08-20-29_incident_stopped_zone_nb-shoulder.jpg,nb,108500.4833,-34.7310666,nb,shoulder,-1
N2C01,32.76613511,-83.71030216,n,9/10/2018,0,Monday,8:40:53,incident_stopped,2018-09-10_08-40-53_incident_stopped_zone_nb-shoulder.jpg,nb,108520.8833,-72.97440738,nb,shoulder,-1
N1C01,32.76613511,-83.71030216,n,9/10/2018,0,Monday,8:40:54,incident_stopped,2018-09-10_08-40-54_incident_stopped_zone_nb-shoulder.jpg,nb,108520.9,-72.97440738,nb,shoulder,-1
N1C09,32.81772219,-83.72879532,n,9/10/2018,0,Monday,9:00:32,incident_slow,2018-09-10_09-00-32_incident_slow_zone_nb-lanes.jpg,nb,108540.5333,-54.56967025,nb,lanes,-1
BIBB-CAM-024,32.8332442,-83.73284142,n,9/10/2018,0,Monday,9:26:04,incident_stopped,2018-09-10_09-26-04_incident_stopped.jpg,nb,108566.0667,-49.27056404,,,-1
S2C04,32.78488999,-83.71869237,s,9/10/2018,0,Monday,9:32:47,incident_stopped,2018-09-10_09-32-47_incident_stopped_zone_nb-shoulder.jpg,nb,108572.7833,-66.06682308,nb,shoulder,-1
N1C11,32.82699902,-83.73109564,n,9/10/2018,0,Monday,9:36:57,incident_stopped,2018-09-10_09-36-57_incident_stopped_zone_nb-shoulder.jpg,nb,108576.95,-51.41367576,nb,shoulder,-1
S2C11,32.82254015,-83.73046915,s,9/10/2018,0,Monday,9:36:58,incident_stopped,2018-09-10_09-36-58_incident_stopped_zone_far-shoulder.jpg,nb,108576.9667,-52.86537408,far,shoulder,-1
N2C11,32.82699902,-83.73109564,n,9/10/2018,0,Monday,9:37:01,incident_stopped,2018-09-10_09-37-01_incident_stopped_zone_near-shoulder.jpg,nb,108577.0167,-51.41367576,near,shoulder,-1
S1C21,32.86987654,-83.75830175,s,9/10/2018,0,Monday,9:53:53,incident_stopped,2018-09-10_09-53-53_incident_stopped_zone_nb-shoulder.jpg,nb,108593.8833,-34.62822647,nb,shoulder,-1
N1C09,32.81772219,-83.72879532,n,9/10/2018,0,Monday,10:34:17,incident_stopped,2018-09-10_10-34-17_incident_stopped_zone_nb-lanes.jpg,nb,108634.2833,-54.56967025,nb,lanes,-1
BIBB-CAM-024,32.8332442,-83.73284142,n,9/10/2018,0,Monday,11:12:52,incident_stopped,2018-09-10_11-12-52_incident_stopped.jpg,nb,108672.8667,-49.27056404,,,-1
N2C03,32.78071485,-83.71530658,n,9/10/2018,0,Monday,11:13:39,incident_stopped,2018-09-10_11-13-39_incident_stopped_zone_nb-shoulder.jpg,nb,108673.65,-67.78810628,nb,shoulder,-1
S1C32,32.92026721,-83.79963273,s,9/10/2018,0,Monday,11:15:59,incident_stopped,2018-09-10_11-15-59_incident_stopped_zone_nb-shoulder.jpg,nb,108675.9833,-13.89579256,nb,shoulder,-1
N1C03,32.78071485,-83.71530658,n,9/10/2018,0,Monday,11:26:07,incident_stopped,2018-09-10_11-26-07_incident_stopped_zone_nb-shoulder.jpg,nb,108686.1167,-67.78810628,nb,shoulder,-1
S1C21,32.86987654,-83.75830175,s,9/10/2018,0,Monday,11:28:23,incident_stopped,2018-09-10_11-28-23_incident_stopped_zone_nb-shoulder.jpg,nb,108688.3833,-34.62822647,nb,shoulder,-1
N1C06,32.79465366,-83.72010538,n,9/10/2018,0,Monday,11:30:13,incident_stopped,2018-09-10_11-30-13_incident_stopped_zone_nb-shoulder.jpg,nb,108690.2167,-62.83684554,nb,shoulder,-1
N1C05,32.78992515,-83.7196095,n,9/10/2018,0,Monday,11:34:52,incident_stopped,2018-09-10_11-34-52_incident_stopped_zone_nb-shoulder.jpg,nb,108694.8667,-64.37580962,nb,shoulder,-1
S1C18,32.85465632,-83.74348346,s,9/10/2018,0,Monday,11:37:58,incident_stopped,2018-09-10_11-37-58_incident_stopped_zone_nb-shoulder.jpg,nb,108697.9667,-41.30069476,nb,shoulder,-1
S2C09,32.81017134,-83.72613824,s,9/10/2018,0,Monday,11:39:03,incident_stopped,2018-09-10_11-39-03_incident_stopped_zone_nb-shoulder.jpg,nb,108699.05,-57.24864799,nb,shoulder,-1
N1C33,32.92077604,-83.79943309,n,9/10/2018,0,Monday,11:44:16,incident_congestion,2018-09-10_11-44-16_incident_congestion_zone_nb-lanes.jpg,nb,108704.2667,-13.74452878,nb,lanes,-1
N1C01,32.76613511,-83.71030216,n,9/10/2018,0,Monday,11:57:29,incident_stopped,2018-09-10_11-57-29_incident_stopped_zone_nb-shoulder.jpg,nb,108717.4833,-72.97440738,nb,shoulder,-1
N1C09,32.81772219,-83.72879532,n,9/10/2018,0,Monday,12:15:32,incident_slow,2018-09-10_12-15-32_incident_slow_zone_nb-lanes.jpg,nb,108735.5333,-54.56967025,nb,lanes,-1
S1C16,32.84561646,-83.73933607,s,9/10/2018,0,Monday,12:48:21,incident_stopped,2018-09-10_12-48-21_incident_stopped_zone_nb-shoulder.jpg,nb,108768.35,-44.61500342,nb,shoulder,-1
BIBB-CAM-027,32.85953942,-83.7465392,n,9/10/2018,0,Monday,12:56:58,incident_stopped,2018-09-10_12-56-58_incident_stopped_zone_nb-shoulder.jpg,nb,108776.9667,-39.39570165,nb,shoulder,-1
N2C03,32.78071485,-83.71530658,n,9/10/2018,0,Monday,12:58:57,incident_stopped,2018-09-10_12-58-57_incident_stopped_zone_nb-shoulder.jpg,nb,108778.95,-67.78810628,nb,shoulder,-1
S1C21,32.86987654,-83.75830175,s,9/10/2018,0,Monday,13:04:25,incident_stopped,2018-09-10_13-04-25_incident_stopped_zone_nb-shoulder.jpg,nb,108784.4167,-34.62822647,nb,shoulder,-1
N2C02,32.76990531,-83.71029631,n,9/10/2018,0,Monday,13:21:46,incident_stopped,2018-09-10_13-21-46_incident_stopped_zone_nb-shoulder.jpg,nb,108801.7667,-71.78891913,nb,shoulder,-1
BIBB-CAM-032,32.88240434,-83.7719413,s,9/10/2018,0,Monday,13:27:20,incident_stopped,2018-09-10_13-27-20_incident_stopped_zone_nb-lanes.jpg,nb,108807.3333,-29.00171497,nb,lanes,-1
N1C10,32.82260317,-83.73001566,n,9/10/2018,0,Monday,13:28:22,incident_stopped,2018-09-10_13-28-22_incident_stopped_zone_nb-shoulder.jpg,nb,108808.3667,-52.90603101,nb,shoulder,-1
N2C30,32.90369996,-83.788703,n,9/10/2018,0,Monday,13:34:06,incident_stopped,2018-09-10_13-34-06_incident_stopped_zone_nb-shoulder.jpg,nb,108814.1,-20.33695357,nb,shoulder,-1
S2C33,32.92513731,-83.80220611,s,9/10/2018,0,Monday,13:39:28,incident_stopped,2018-09-10_13-39-28_incident_stopped_zone_nb-shoulder.jpg,nb,108819.4667,-12.07189332,nb,shoulder,-1
N1C03,32.78071485,-83.71530658,n,9/10/2018,0,Monday,13:42:34,incident_stopped,2018-09-10_13-42-34_incident_stopped_zone_nb-shoulder.jpg,nb,108822.5667,-67.78810628,nb,shoulder,-1
N1C04,32.7850913,-83.71806273,n,9/10/2018,0,Monday,13:42:38,incident_stopped,2018-09-10_13-42-38_incident_stopped_zone_nb-shoulder.jpg,nb,108822.6333,-66.07987571,nb,shoulder,-1
S1C15,32.84057153,-83.73697533,s,9/10/2018,0,Monday,13:59:51,incident_stopped,2018-09-10_13-59-51_incident_stopped_zone_nb-shoulder.jpg,nb,108839.85,-46.47309774,nb,shoulder,-1
N2C40,32.751099,-83.713281,n,9/10/2018,0,Monday,14:10:28,incident_stopped,2018-09-10_14-10-28_incident_stopped_zone_near-shoulder.jpg,nb,108850.4667,-77.41345723,near,shoulder,-1
N1C40,32.751099,-83.713281,n,9/10/2018,0,Monday,14:10:34,incident_stopped,2018-09-10_14-10-34_incident_stopped_zone_nb-shoulder.jpg,nb,108850.5667,-77.41345723,nb,shoulder,-1
N1C26,32.88798194,-83.77607704,n,9/10/2018,0,Monday,14:39:43,incident_stopped,2018-09-10_14-39-43_incident_stopped_zone_nb-shoulder.jpg,nb,108879.7167,-26.75233619,nb,shoulder,-1
N1C31,32.90737428,-83.79168212,n,9/10/2018,0,Monday,15:35:20,incident_stopped,2018-09-10_15-35-20_incident_stopped_zone_nb-lanes.jpg,nb,108935.3333,-18.84792303,nb,lanes,-1
BIBB-CAM-030,32.86987654,-83.75830175,s,9/10/2018,0,Monday,16:12:57,incident_stopped,2018-09-10_16-12-57_incident_stopped_zone_far-shoulder.jpg,nb,108972.95,-34.62822647,far,shoulder,-1
N2C01,32.76613511,-83.71030216,n,9/10/2018,0,Monday,16:33:29,incident_stopped,2018-09-10_16-33-29_incident_stopped_zone_nb-shoulder.jpg,nb,108993.4833,-72.97440738,nb,shoulder,-1
N1C01,32.76613511,-83.71030216,n,9/10/2018,0,Monday,16:33:33,incident_stopped,2018-09-10_16-33-33_incident_stopped_zone_nb-shoulder.jpg,nb,108993.55,-72.97440738,nb,shoulder,-1
N2C03,32.78071485,-83.71530658,n,9/10/2018,0,Monday,16:34:00,incident_stopped,2018-09-10_16-34-00_incident_stopped_zone_nb-shoulder.jpg,nb,108994,-67.78810628,nb,shoulder,-1
N1C26,32.88798194,-83.77607704,n,9/10/2018,0,Monday,16:43:10,incident_stopped,2018-09-10_16-43-10_incident_stopped_zone_nb-shoulder.jpg,nb,109003.1667,-26.75233619,nb,shoulder,-1
N1C36,32.93748827,-83.80825819,n,9/10/2018,0,Monday,16:48:57,incident_stopped,2018-09-10_16-48-57_incident_stopped_zone_nb-lanes.jpg,nb,109008.95,-7.509238214,nb,lanes,-1
N1C21,32.86981764,-83.75767111,n,9/10/2018,0,Monday,16:50:29,incident_stopped,2018-09-10_16-50-29_incident_stopped_zone_nb-shoulder.jpg,nb,109010.4833,-34.7310666,nb,shoulder,-1
S1C21,32.86987654,-83.75830175,s,9/10/2018,0,Monday,16:50:35,incident_stopped,2018-09-10_16-50-35_incident_stopped_zone_nb-shoulder.jpg,nb,109010.5833,-34.62822647,nb,shoulder,-1
BIBB-CAM-028,32.86504559,-83.75232959,n,9/10/2018,0,Monday,17:14:55,incident_stopped,2018-09-10_17-14-55_incident_stopped_zone_nb-shoulder.jpg,nb,109034.9167,-36.91653912,nb,shoulder,-1
N1C29,32.89985331,-83.78559794,n,9/10/2018,0,Monday,17:22:45,incident_stopped,2018-09-10_17-22-45_incident_stopped_zone_nb-shoulder.jpg,nb,109042.75,-21.901237,nb,shoulder,-1
S1C32,32.92026721,-83.79963273,s,9/10/2018,0,Monday,17:45:12,incident_stopped,2018-09-10_17-45-12_incident_stopped_zone_nb-shoulder.jpg,nb,109065.2,-13.89579256,nb,shoulder,-1
N1C14,32.83648848,-83.73452853,n,9/10/2018,0,Monday,17:49:20,incident_stopped,2018-09-10_17-49-20_incident_stopped_zone_ramp-shoulder.jpg,nb,109069.3333,-48.05166032,ramp,shoulder,-1
S1C30,32.91200591,-83.79524157,s,9/10/2018,0,Monday,17:49:29,incident_stopped,2018-09-10_17-49-29_incident_stopped_zone_nb-shoulder.jpg,nb,109069.4833,-17.00028257,nb,shoulder,-1
N2C32,32.91549987,-83.79665373,n,9/10/2018,0,Monday,18:30:22,incident_stopped,2018-09-10_18-30-22_incident_stopped_zone_nb-lanes.jpg,nb,109110.3667,-15.72572861,nb,lanes,-1
N1C05,32.78992515,-83.7196095,n,9/10/2018,0,Monday,18:40:36,incident_stopped,2018-09-10_18-40-36_incident_stopped_zone_nb-shoulder.jpg,nb,109120.6,-64.37580962,nb,shoulder,-1
N2C33,32.92077604,-83.79943309,n,9/10/2018,0,Monday,18:42:58,incident_stopped,2018-09-10_18-42-58_incident_stopped_zone_nb-shoulder.jpg,nb,109122.9667,-13.74452878,nb,shoulder,-1
N1C31,32.90737428,-83.79168212,n,9/10/2018,0,Monday,19:14:25,incident_stopped,2018-09-10_19-14-25_incident_stopped_zone_nb-shoulder.jpg,nb,109154.4167,-18.84792303,nb,shoulder,-1
BIBB-CAM-034,32.90013203,-83.7863588,s,9/10/2018,0,Monday,19:30:22,incident_stopped,2018-09-10_19-30-22_incident_stopped_zone_nb-shoulder.jpg,nb,109170.3667,-21.73107036,nb,shoulder,-1
N1C21,32.86981764,-83.75767111,n,9/10/2018,0,Monday,19:53:06,incident_stopped,2018-09-10_19-53-06_incident_stopped_zone_nb-shoulder.jpg,nb,109193.1,-34.7310666,nb,shoulder,-1
N1C21,32.86981764,-83.75767111,n,9/10/2018,0,Monday,22:31:48,incident_stopped,2018-09-10_22-31-48_incident_stopped_zone_nb-shoulder.jpg,nb,109351.8,-34.7310666,nb,shoulder,-1
N2C14,32.83648848,-83.73452853,n,9/11/2018,1,Tuesday,0:08:55,incident_stopped,2018-09-11_00-08-55_incident_stopped_zone_nb-shoulder.jpg,nb,109448.9167,-48.05166032,nb,shoulder,-1
N1C14,32.83648848,-83.73452853,n,9/11/2018,1,Tuesday,0:16:53,incident_stopped,2018-09-11_00-16-53_incident_stopped_zone_ramp-shoulder.jpg,nb,109456.8833,-48.05166032,ramp,shoulder,-1
N2C01,32.76613511,-83.71030216,n,9/11/2018,1,Tuesday,2:46:33,incident_stopped,2018-09-11_02-46-33_incident_stopped_zone_nb-shoulder.jpg,nb,109606.55,-72.97440738,nb,shoulder,-1
N1C23,32.87756847,-83.76599732,n,9/11/2018,1,Tuesday,4:38:30,incident_stopped,2018-09-11_04-38-30_incident_stopped_zone_nb-shoulder.jpg,nb,109718.5,-31.24939169,nb,shoulder,-1
S2C23,32.8774369,-83.7665846,s,9/11/2018,1,Tuesday,4:39:49,incident_stopped,2018-09-11_04-39-49_incident_stopped_zone_far-shoulder.jpg,nb,109719.8167,-31.21570867,far,shoulder,-1
N1C07,32.80647151,-83.72379194,n,9/11/2018,1,Tuesday,6:19:09,incident_stopped,2018-09-11_06-19-09_incident_stopped_zone_ramp-shoulder.jpg,nb,109819.15,-58.69634095,ramp,shoulder,-1
BIBB-CAM-024,32.8332442,-83.73284142,n,9/11/2018,1,Tuesday,6:37:41,incident_stopped,2018-09-11_06-37-41_incident_stopped.jpg,nb,109837.6833,-49.27056404,,,-1
S1C09,32.81017134,-83.72613824,s,9/11/2018,1,Tuesday,7:04:56,incident_stopped,2018-09-11_07-04-56_incident_stopped_zone_nb-shoulder.jpg,nb,109864.9333,-57.24864799,nb,shoulder,-1
N2C03,32.78071485,-83.71530658,n,9/11/2018,1,Tuesday,7:13:36,incident_stopped,2018-09-11_07-13-36_incident_stopped_zone_nb-shoulder.jpg,nb,109873.6,-67.78810628,nb,shoulder,-1
N1C03,32.78071485,-83.71530658,n,9/11/2018,1,Tuesday,7:23:35,incident_stopped,2018-09-11_07-23-35_incident_stopped_zone_nb-shoulder.jpg,nb,109883.5833,-67.78810628,nb,shoulder,-1
S2C17,32.84950348,-83.74113514,s,9/11/2018,1,Tuesday,7:41:42,incident_stopped,2018-09-11_07-41-42_incident_stopped_zone_nb-shoulder.jpg,nb,109901.7,-43.18705025,nb,shoulder,-1
BIBB-CAM-024,32.8332442,-83.73284142,n,9/11/2018,1,Tuesday,8:08:50,incident_stopped,2018-09-11_08-08-50_incident_stopped.jpg,nb,109928.8333,-49.27056404,,,-1
N1C20,32.86504559,-83.75232959,n,9/11/2018,1,Tuesday,8:14:16,incident_stopped,2018-09-11_08-14-16_incident_stopped_zone_nb-shoulder.jpg,nb,109934.2667,-36.91653912,nb,shoulder,-1
N1C21,32.86981764,-83.75767111,n,9/11/2018,1,Tuesday,9:01:36,incident_stopped,2018-09-11_09-01-36_incident_stopped_zone_nb-shoulder.jpg,nb,109981.6,-34.7310666,nb,shoulder,-1
N2C11,32.82699902,-83.73109564,n,9/11/2018,1,Tuesday,9:02:04,incident_stopped,2018-09-11_09-02-04_incident_stopped_zone_near-shoulder.jpg,nb,109982.0667,-51.41367576,near,shoulder,-1
BIBB-CAM-024,32.8332442,-83.73284142,n,9/11/2018,1,Tuesday,9:27:12,incident_congestion,2018-09-11_09-27-12_incident_congestion_zone_nb-lanes.jpg,nb,110007.2,-49.27056404,nb,lanes,-1
N2C03,32.78071485,-83.71530658,n,9/11/2018,1,Tuesday,9:28:57,incident_stopped,2018-09-11_09-28-57_incident_stopped_zone_nb-shoulder.jpg,nb,110008.95,-67.78810628,nb,shoulder,-1
BIBB-CAM-030,32.86987654,-83.75830175,s,9/11/2018,1,Tuesday,9:30:32,incident_stopped,2018-09-11_09-30-32_incident_stopped_zone_far-shoulder.jpg,nb,110010.5333,-34.62822647,far,shoulder,-1
N1C03,32.78071485,-83.71530658,n,9/11/2018,1,Tuesday,9:38:00,incident_stopped,2018-09-11_09-38-00_incident_stopped_zone_nb-shoulder.jpg,nb,110018,-67.78810628,nb,shoulder,-1
N2C01,32.76613511,-83.71030216,n,9/11/2018,1,Tuesday,9:41:13,incident_stopped,2018-09-11_09-41-13_incident_stopped_zone_nb-shoulder.jpg,nb,110021.2167,-72.97440738,nb,shoulder,-1
S1C19,32.85919079,-83.74676747,s,9/11/2018,1,Tuesday,9:53:09,incident_stopped,2018-09-11_09-53-09_incident_stopped_zone_nb-shoulder.jpg,nb,110033.15,-39.46810985,nb,shoulder,-1
N1C19,32.85953942,-83.7465392,n,9/11/2018,1,Tuesday,9:53:10,incident_stopped,2018-09-11_09-53-10_incident_stopped_zone_nb-shoulder.jpg,nb,110033.1667,-39.39570165,nb,shoulder,-1
S1C21,32.86987654,-83.75830175,s,9/11/2018,1,Tuesday,9:55:34,incident_stopped,2018-09-11_09-55-34_incident_stopped_zone_nb-shoulder.jpg,nb,110035.5667,-34.62822647,nb,shoulder,-1
N1C04,32.7850913,-83.71806273,n,9/11/2018,1,Tuesday,10:00:13,incident_stopped,2018-09-11_10-00-13_incident_stopped_zone_nb-shoulder.jpg,nb,110040.2167,-66.07987571,nb,shoulder,-1
BIBB-CAM-024,32.8332442,-83.73284142,n,9/11/2018,1,Tuesday,10:08:29,incident_stopped,2018-09-11_10-08-29_incident_stopped.jpg,nb,110048.4833,-49.27056404,,,-1
BIBB-CAM-039,32.94243524,-83.81127376,s,9/11/2018,1,Tuesday,10:27:43,incident_stopped,2018-09-11_10-27-43_incident_stopped_zone_nb-shoulder.jpg,nb,110067.7167,-5.683345579,nb,shoulder,-1
N1C39,32.95177015,-83.81217745,n,9/11/2018,1,Tuesday,10:40:19,incident_stopped,2018-09-11_10-40-19_incident_stopped_zone_ramp-shoulder.jpg,nb,110080.3167,-2.4510298,ramp,shoulder,-1
N1C17,32.84958885,-83.74065988,n,9/11/2018,1,Tuesday,11:13:01,incident_stopped,2018-09-11_11-13-01_incident_stopped_zone_nb-shoulder.jpg,nb,110113.0167,-43.22840936,nb,shoulder,-1
N1C11,32.82699902,-83.73109564,n,9/11/2018,1,Tuesday,11:28:23,incident_stopped,2018-09-11_11-28-23_incident_stopped_zone_nb-shoulder.jpg,nb,110128.3833,-51.41367576,nb,shoulder,-1
N1C33,32.92077604,-83.79943309,n,9/11/2018,1,Tuesday,11:32:55,incident_stopped,2018-09-11_11-32-55_incident_stopped_zone_nb-shoulder.jpg,nb,110132.9167,-13.74452878,nb,shoulder,-1
BIBB-CAM-037,32.92513731,-83.80220611,s,9/11/2018,1,Tuesday,11:33:00,incident_stopped,2018-09-11_11-33-00_incident_stopped_zone_nb-shoulder.jpg,nb,110133,-12.07189332,nb,shoulder,-1
BIBB-CAM-022,32.82254015,-83.73046915,s,9/11/2018,1,Tuesday,11:37:11,incident_stopped,2018-09-11_11-37-11_incident_stopped_zone_nb-shoulder.jpg,nb,110137.1833,-52.86537408,nb,shoulder,-1
BIBB-CAM-024,32.8332442,-83.73284142,n,9/11/2018,1,Tuesday,11:40:32,incident_stopped,2018-09-11_11-40-32_incident_stopped.jpg,nb,110140.5333,-49.27056404,,,-1
S2C17,32.84950348,-83.74113514,s,9/11/2018,1,Tuesday,11:42:09,incident_stopped,2018-09-11_11-42-09_incident_stopped_zone_nb-shoulder.jpg,nb,110142.15,-43.18705025,nb,shoulder,-1
N1C16,32.84577945,-83.73888874,n,9/11/2018,1,Tuesday,11:43:11,incident_stopped,2018-09-11_11-43-11_incident_stopped_zone_near-shoulder.jpg,nb,110143.1833,-44.6283787,near,shoulder,-1
BIBB-CAM-024,32.8332442,-83.73284142,n,9/11/2018,1,Tuesday,12:03:49,incident_congestion,2018-09-11_12-03-49_incident_congestion_zone_nb-lanes.jpg,nb,110163.8167,-49.27056404,nb,lanes,-1
N2C33,32.92077604,-83.79943309,n,9/11/2018,1,Tuesday,12:08:32,incident_stopped,2018-09-11_12-08-32_incident_stopped_zone_nb-shoulder.jpg,nb,110168.5333,-13.74452878,nb,shoulder,-1
N1C26,32.88798194,-83.77607704,n,9/11/2018,1,Tuesday,12:49:25,incident_stopped,2018-09-11_12-49-25_incident_stopped_zone_nb-shoulder.jpg,nb,110209.4167,-26.75233619,nb,shoulder,-1
S1C31,32.91536047,-83.79703412,s,9/11/2018,1,Tuesday,12:54:38,incident_stopped,2018-09-11_12-54-38_incident_stopped_zone_nb-shoulder.jpg,nb,110214.6333,-15.73785658,nb,shoulder,-1
S1C21,32.86987654,-83.75830175,s,9/11/2018,1,Tuesday,12:59:00,incident_stopped,2018-09-11_12-59-00_incident_stopped_zone_nb-shoulder.jpg,nb,110219,-34.62822647,nb,shoulder,-1
BIBB-CAM-024,32.8332442,-83.73284142,n,9/11/2018,1,Tuesday,13:15:52,incident_stopped,2018-09-11_13-15-52_incident_stopped.jpg,nb,110235.8667,-49.27056404,,,-1
N2C03,32.78071485,-83.71530658,n,9/11/2018,1,Tuesday,13:16:43,incident_stopped,2018-09-11_13-16-43_incident_stopped_zone_nb-shoulder.jpg,nb,110236.7167,-67.78810628,nb,shoulder,-1
S2C33,32.92513731,-83.80220611,s,9/11/2018,1,Tuesday,14:38:06,incident_stopped,2018-09-11_14-38-06_incident_stopped_zone_nb-shoulder.jpg,nb,110318.1,-12.07189332,nb,shoulder,-1
N1C16,32.84577945,-83.73888874,n,9/11/2018,1,Tuesday,14:48:33,incident_congestion,2018-09-11_14-48-33_incident_congestion_zone_near-lanes.jpg,nb,110328.55,-44.6283787,near,lanes,-1
N2C39,32.95177015,-83.81217745,n,9/11/2018,1,Tuesday,15:18:39,incident_stopped,2018-09-11_15-18-39_incident_stopped_zone_near-shoulder.jpg,nb,110358.65,-2.4510298,near,shoulder,-1
BIBB-CAM-016,32.78992515,-83.7196095,n,9/11/2018,1,Tuesday,15:58:23,incident_stopped,2018-09-11_15-58-23_incident_stopped_zone_nb-shoulder.jpg,nb,110398.3833,-64.37580962,nb,shoulder,-1
BIBB-CAM-036,32.91536047,-83.79703412,s,9/11/2018,1,Tuesday,16:19:47,incident_stopped,2018-09-11_16-19-47_incident_stopped_zone_far-shoulder.jpg,nb,110419.7833,-15.73785658,far,shoulder,-1
BIBB-CAM-013,32.77567367,-83.7128245,s,9/11/2018,1,Tuesday,16:30:19,incident_stopped,2018-09-11_16-30-19_incident_stopped_zone_nb-shoulder.jpg,nb,110430.3167,-69.6715058,nb,shoulder,-1
BIBB-CAM-037,32.92513731,-83.80220611,s,9/11/2018,1,Tuesday,16:43:14,incident_stopped,2018-09-11_16-43-14_incident_stopped_zone_nb-shoulder.jpg,nb,110443.2333,-12.07189332,nb,shoulder,-1
S1C20,32.86504559,-83.75232959,s,9/11/2018,1,Tuesday,16:46:50,incident_stopped,2018-09-11_16-46-50_incident_stopped_zone_far-lanes.jpg,nb,110446.8333,-36.91653912,far,lanes,-1
N1C40,32.751099,-83.713281,n,9/11/2018,1,Tuesday,17:07:00,incident_stopped,2018-09-11_17-07-00_incident_stopped_zone_nb-shoulder.jpg,nb,110467,-77.41345723,nb,shoulder,-1
N2C40,32.751099,-83.713281,n,9/11/2018,1,Tuesday,17:07:01,incident_stopped,2018-09-11_17-07-01_incident_stopped_zone_near-shoulder.jpg,nb,110467.0167,-77.41345723,near,shoulder,-1
N1C26,32.88798194,-83.77607704,n,9/11/2018,1,Tuesday,17:19:50,incident_stopped,2018-09-11_17-19-50_incident_stopped_zone_nb-shoulder.jpg,nb,110479.8333,-26.75233619,nb,shoulder,-1
N2C03,32.78071485,-83.71530658,n,9/11/2018,1,Tuesday,17:28:18,incident_stopped,2018-09-11_17-28-18_incident_stopped_zone_nb-shoulder.jpg,nb,110488.3,-67.78810628,nb,shoulder,-1
S2C25,32.88240434,-83.7719413,s,9/11/2018,1,Tuesday,17:46:24,incident_stopped,2018-09-11_17-46-24_incident_stopped_zone_nb-shoulder.jpg,nb,110506.4,-29.00171497,nb,shoulder,-1
N1C11,32.82699902,-83.73109564,n,9/11/2018,1,Tuesday,18:24:13,incident_stopped,2018-09-11_18-24-13_incident_stopped_zone_nb-shoulder.jpg,nb,110544.2167,-51.41367576,nb,shoulder,-1
N1C21,32.86981764,-83.75767111,n,9/11/2018,1,Tuesday,18:50:07,incident_stopped,2018-09-11_18-50-07_incident_stopped_zone_nb-shoulder.jpg,nb,110570.1167,-34.7310666,nb,shoulder,-1
S1C21,32.86987654,-83.75830175,s,9/11/2018,1,Tuesday,18:50:15,incident_stopped,2018-09-11_18-50-15_incident_stopped_zone_nb-shoulder.jpg,nb,110570.25,-34.62822647,nb,shoulder,-1
N2C03,32.78071485,-83.71530658,n,9/11/2018,1,Tuesday,19:14:47,incident_stopped,2018-09-11_19-14-47_incident_stopped_zone_nb-shoulder.jpg,nb,110594.7833,-67.78810628,nb,shoulder,-1
BIBB-CAM-024,32.8332442,-83.73284142,n,9/11/2018,1,Tuesday,20:00:50,incident_stopped,2018-09-11_20-00-50_incident_stopped.jpg,nb,110640.8333,-49.27056404,,,-1
N1C06,32.79465366,-83.72010538,n,9/11/2018,1,Tuesday,20:21:38,incident_stopped,2018-09-11_20-21-38_incident_stopped_zone_nb-shoulder.jpg,nb,110661.6333,-62.83684554,nb,shoulder,-1
N2C01,32.76613511,-83.71030216,n,9/11/2018,1,Tuesday,21:47:29,incident_stopped,2018-09-11_21-47-29_incident_stopped_zone_nb-shoulder.jpg,nb,110747.4833,-72.97440738,nb,shoulder,-1
N2C17,32.84958885,-83.74065988,n,9/11/2018,1,Tuesday,21:59:49,incident_stopped,2018-09-11_21-59-49_incident_stopped_zone_nb-shoulder.jpg,nb,110759.8167,-43.22840936,nb,shoulder,-1
S2C17,32.84950348,-83.74113514,s,9/11/2018,1,Tuesday,21:59:54,incident_stopped,2018-09-11_21-59-54_incident_stopped_zone_nb-lanes.jpg,nb,110759.9,-43.18705025,nb,lanes,-1
N1C07,32.80647151,-83.72379194,n,9/12/2018,2,Wednesday,1:15:38,incident_stopped,2018-09-12_01-15-38_incident_stopped_zone_ramp-shoulder.jpg,nb,110955.6333,-58.69634095,ramp,shoulder,-1
S1C12,32.82694969,-83.73158785,s,9/12/2018,2,Wednesday,1:51:32,incident_stopped,2018-09-12_01-51-32_incident_stopped_zone_nb-shoulder.jpg,nb,110991.5333,-51.36261191,nb,shoulder,-1
N2C03,32.78071485,-83.71530658,n,9/12/2018,2,Wednesday,3:03:27,incident_stopped,2018-09-12_03-03-27_incident_stopped_zone_nb-shoulder.jpg,nb,111063.45,-67.78810628,nb,shoulder,-1
BIBB-CAM-031,32.87958032,-83.76886573,s,9/12/2018,2,Wednesday,4:03:11,incident_stopped,2018-09-12_04-03-11_incident_stopped_zone_nb-lanes.jpg,nb,111123.1833,-30.26227087,nb,lanes,-1
N2C01,32.76613511,-83.71030216,n,9/12/2018,2,Wednesday,4:25:30,incident_stopped,2018-09-12_04-25-30_incident_stopped_zone_nb-shoulder.jpg,nb,111145.5,-72.97440738,nb,shoulder,-1
N1C01,32.76613511,-83.71030216,n,9/12/2018,2,Wednesday,4:25:30,incident_stopped,2018-09-12_04-25-30_incident_stopped_zone_nb-shoulder.jpg,nb,111145.5,-72.97440738,nb,shoulder,-1
BIBB-CAM-024,32.8332442,-83.73284142,n,9/12/2018,2,Wednesday,7:08:40,incident_stopped,2018-09-12_07-08-40_incident_stopped.jpg,nb,111308.6667,-49.27056404,,,-1
S1C16,32.84561646,-83.73933607,s,9/12/2018,2,Wednesday,7:16:21,incident_stopped,2018-09-12_07-16-21_incident_stopped_zone_nb-shoulder.jpg,nb,111316.35,-44.61500342,nb,shoulder,-1
BIBB-CAM-024,32.8332442,-83.73284142,n,9/12/2018,2,Wednesday,9:07:59,incident_stopped,2018-09-12_09-07-59_incident_stopped.jpg,nb,111427.9833,-49.27056404,,,-1
N1C21,32.86981764,-83.75767111,n,9/12/2018,2,Wednesday,9:28:43,incident_stopped,2018-09-12_09-28-43_incident_stopped_zone_nb-shoulder.jpg,nb,111448.7167,-34.7310666,nb,shoulder,-1
S1C21,32.86987654,-83.75830175,s,9/12/2018,2,Wednesday,10:12:06,incident_stopped,2018-09-12_10-12-06_incident_stopped_zone_nb-shoulder.jpg,nb,111492.1,-34.62822647,nb,shoulder,-1
S1C26,32.88776313,-83.77647583,s,9/12/2018,2,Wednesday,10:15:23,incident_stopped,2018-09-12_10-15-23_incident_stopped_zone_nb-shoulder.jpg,nb,111495.3833,-26.77497584,nb,shoulder,-1
N2C03,32.78071485,-83.71530658,n,9/12/2018,2,Wednesday,10:33:36,incident_stopped,2018-09-12_10-33-36_incident_stopped_zone_nb-shoulder.jpg,nb,111513.6,-67.78810628,nb,shoulder,-1
S3C03,32.78046082,-83.71590778,s,9/12/2018,2,Wednesday,10:33:45,incident_stopped,2018-09-12_10-33-45_incident_stopped_zone_nb-lanes.jpg,nb,111513.75,-67.79477411,nb,lanes,-1
BIBB-CAM-024,32.8332442,-83.73284142,n,9/12/2018,2,Wednesday,10:48:01,incident_stopped,2018-09-12_10-48-01_incident_stopped.jpg,nb,111528.0167,-49.27056404,,,-1
N1C03,32.78071485,-83.71530658,n,9/12/2018,2,Wednesday,10:59:51,incident_stopped,2018-09-12_10-59-51_incident_stopped_zone_nb-shoulder.jpg,nb,111539.85,-67.78810628,nb,shoulder,-1
S1C04,32.78488999,-83.71869237,s,9/12/2018,2,Wednesday,10:59:52,incident_stopped,2018-09-12_10-59-52_incident_stopped_zone_nb-shoulder.jpg,nb,111539.8667,-66.06682308,nb,shoulder,-1
N2C33,32.92077604,-83.79943309,n,9/12/2018,2,Wednesday,11:00:27,incident_stopped,2018-09-12_11-00-27_incident_stopped_zone_nb-shoulder.jpg,nb,111540.45,-13.74452878,nb,shoulder,-1
S1C15,32.84057153,-83.73697533,s,9/12/2018,2,Wednesday,11:16:31,incident_stopped,2018-09-12_11-16-31_incident_stopped_zone_nb-shoulder.jpg,nb,111556.5167,-46.47309774,nb,shoulder,-1
N2C15,32.84068577,-83.73653266,n,9/12/2018,2,Wednesday,11:18:52,incident_stopped,2018-09-12_11-18-52_incident_stopped_zone_nb-shoulder.jpg,nb,111558.8667,-46.49987236,nb,shoulder,-1
BIBB-CAM-024,32.8332442,-83.73284142,n,9/12/2018,2,Wednesday,11:29:15,incident_congestion,2018-09-12_11-29-15_incident_congestion_zone_nb-lanes.jpg,nb,111569.25,-49.27056404,nb,lanes,-1
N1C16,32.84577945,-83.73888874,n,9/12/2018,2,Wednesday,11:33:42,incident_stopped,2018-09-12_11-33-42_incident_stopped_zone_near-shoulder.jpg,nb,111573.7,-44.6283787,near,shoulder,-1
N2C01,32.76613511,-83.71030216,n,9/12/2018,2,Wednesday,11:34:52,incident_stopped,2018-09-12_11-34-52_incident_stopped_zone_nb-shoulder.jpg,nb,111574.8667,-72.97440738,nb,shoulder,-1
S1C21,32.86987654,-83.75830175,s,9/12/2018,2,Wednesday,11:47:04,incident_stopped,2018-09-12_11-47-04_incident_stopped_zone_nb-shoulder.jpg,nb,111587.0667,-34.62822647,nb,shoulder,-1
N1C36,32.93748827,-83.80825819,n,9/12/2018,2,Wednesday,12:25:11,incident_stopped,2018-09-12_12-25-11_incident_stopped_zone_nb-shoulder.jpg,nb,111625.1833,-7.509238214,nb,shoulder,-1
BIBB-CAM-034,32.90013203,-83.7863588,s,9/12/2018,2,Wednesday,12:27:05,incident_stopped,2018-09-12_12-27-05_incident_stopped_zone_nb-shoulder.jpg,nb,111627.0833,-21.73107036,nb,shoulder,-1
N1C29,32.89985331,-83.78559794,n,9/12/2018,2,Wednesday,12:27:44,incident_stopped,2018-09-12_12-27-44_incident_stopped_zone_nb-shoulder.jpg,nb,111627.7333,-21.901237,nb,shoulder,-1
BIBB-CAM-012,32.77593588,-83.71230837,n,9/12/2018,2,Wednesday,12:35:58,incident_stopped,2018-09-12_12-35-58_incident_stopped_zone_nb-shoulder.jpg,nb,111635.9667,-69.65221113,nb,shoulder,-1
BIBB-CAM-024,32.8332442,-83.73284142,n,9/12/2018,2,Wednesday,12:53:14,incident_stopped,2018-09-12_12-53-14_incident_stopped.jpg,nb,111653.2333,-49.27056404,,,-1
BIBB-CAM-024,32.8332442,-83.73284142,n,9/12/2018,2,Wednesday,13:00:43,incident_congestion,2018-09-12_13-00-43_incident_congestion_zone_nb-lanes.jpg,nb,111660.7167,-49.27056404,nb,lanes,-1
S2C17,32.84950348,-83.74113514,s,9/12/2018,2,Wednesday,13:16:49,incident_stopped,2018-09-12_13-16-49_incident_stopped_zone_nb-shoulder.jpg,nb,111676.8167,-43.18705025,nb,shoulder,-1
N2C03,32.78071485,-83.71530658,n,9/12/2018,2,Wednesday,13:33:12,incident_stopped,2018-09-12_13-33-12_incident_stopped_zone_nb-shoulder.jpg,nb,111693.2,-67.78810628,nb,shoulder,-1
N1C11,32.82699902,-83.73109564,n,9/12/2018,2,Wednesday,13:39:37,incident_stopped,2018-09-12_13-39-37_incident_stopped_zone_nb-shoulder.jpg,nb,111699.6167,-51.41367576,nb,shoulder,-1
S3C03,32.78046082,-83.71590778,s,9/12/2018,2,Wednesday,14:08:27,incident_stopped,2018-09-12_14-08-27_incident_stopped_zone_nb-shoulder.jpg,nb,111728.45,-67.79477411,nb,shoulder,-1
N1C07,32.80647151,-83.72379194,n,9/12/2018,2,Wednesday,14:09:55,incident_stopped,2018-09-12_14-09-55_incident_stopped_zone_ramp-shoulder.jpg,nb,111729.9167,-58.69634095,ramp,shoulder,-1
S1C21,32.86987654,-83.75830175,s,9/12/2018,2,Wednesday,14:30:45,incident_stopped,2018-09-12_14-30-45_incident_stopped_zone_nb-shoulder.jpg,nb,111750.75,-34.62822647,nb,shoulder,-1
BIBB-CAM-030,32.86987654,-83.75830175,s,9/12/2018,2,Wednesday,15:19:16,incident_stopped,2018-09-12_15-19-16_incident_stopped_zone_far-shoulder.jpg,nb,111799.2667,-34.62822647,far,shoulder,-1
N1C03,32.78071485,-83.71530658,n,9/12/2018,2,Wednesday,15:32:13,incident_stopped,2018-09-12_15-32-13_incident_stopped_zone_nb-shoulder.jpg,nb,111812.2167,-67.78810628,nb,shoulder,-1
BIBB-CAM-032,32.88240434,-83.7719413,s,9/12/2018,2,Wednesday,16:04:38,incident_stopped,2018-09-12_16-04-38_incident_stopped_zone_nb-lanes.jpg,nb,111844.6333,-29.00171497,nb,lanes,-1
N2C33,32.92077604,-83.79943309,n,9/12/2018,2,Wednesday,16:53:11,incident_stopped,2018-09-12_16-53-11_incident_stopped_zone_nb-shoulder.jpg,nb,111893.1833,-13.74452878,nb,shoulder,-1
N1C16,32.84577945,-83.73888874,n,9/12/2018,2,Wednesday,17:19:05,incident_stopped,2018-09-12_17-19-05_incident_stopped_zone_near-shoulder.jpg,nb,111919.0833,-44.6283787,near,shoulder,-1
N1C06,32.79465366,-83.72010538,n,9/12/2018,2,Wednesday,17:23:41,incident_stopped,2018-09-12_17-23-41_incident_stopped_zone_nb-shoulder.jpg,nb,111923.6833,-62.83684554,nb,shoulder,-1
N2C15,32.84068577,-83.73653266,n,9/12/2018,2,Wednesday,17:25:57,incident_stopped,2018-09-12_17-25-57_incident_stopped_zone_nb-shoulder.jpg,nb,111925.95,-46.49987236,nb,shoulder,-1
N2C26,32.88798194,-83.77607704,n,9/12/2018,2,Wednesday,17:29:36,incident_stopped,2018-09-12_17-29-36_incident_stopped_zone_nb-shoulder.jpg,nb,111929.6,-26.75233619,nb,shoulder,-1
S1C26,32.88776313,-83.77647583,s,9/12/2018,2,Wednesday,17:29:39,incident_stopped,2018-09-12_17-29-39_incident_stopped_zone_nb-lanes.jpg,nb,111929.65,-26.77497584,nb,lanes,-1
N2C03,32.78071485,-83.71530658,n,9/12/2018,2,Wednesday,18:21:12,incident_stopped,2018-09-12_18-21-12_incident_stopped_zone_nb-shoulder.jpg,nb,111981.2,-67.78810628,nb,shoulder,-1
N1C41,32.7558,-83.709193,n,9/12/2018,2,Wednesday,18:55:59,incident_stopped,2018-09-12_18-55-59_incident_stopped_zone_nb-shoulder.jpg,nb,112015.9833,-76.37247586,nb,shoulder,-1
N1C11,32.82699902,-83.73109564,n,9/12/2018,2,Wednesday,19:00:12,incident_stopped,2018-09-12_19-00-12_incident_stopped_zone_nb-shoulder.jpg,nb,112020.2,-51.41367576,nb,shoulder,-1
N2C33,32.92077604,-83.79943309,n,9/12/2018,2,Wednesday,19:03:06,incident_stopped,2018-09-12_19-03-06_incident_stopped_zone_nb-shoulder.jpg,nb,112023.1,-13.74452878,nb,shoulder,-1
BIBB-CAM-030,32.86987654,-83.75830175,s,9/12/2018,2,Wednesday,19:04:22,incident_stopped,2018-09-12_19-04-22_incident_stopped_zone_far-shoulder.jpg,nb,112024.3667,-34.62822647,far,shoulder,-1
N2C01,32.76613511,-83.71030216,n,9/12/2018,2,Wednesday,19:23:19,incident_stopped,2018-09-12_19-23-19_incident_stopped_zone_nb-shoulder.jpg,nb,112043.3167,-72.97440738,nb,shoulder,-1
N1C01,32.76613511,-83.71030216,n,9/12/2018,2,Wednesday,19:23:24,incident_stopped,2018-09-12_19-23-24_incident_stopped_zone_nb-shoulder.jpg,nb,112043.4,-72.97440738,nb,shoulder,-1
BIBB-CAM-024,32.8332442,-83.73284142,n,9/12/2018,2,Wednesday,20:01:51,incident_stopped,2018-09-12_20-01-51_incident_stopped.jpg,nb,112081.85,-49.27056404,,,-1
BIBB-CAM-018,32.79962746,-83.72080704,n,9/12/2018,2,Wednesday,20:04:00,incident_stopped,2018-09-12_20-04-00_incident_stopped.jpg,nb,112084,-61.20075294,,,-1
S1C30,32.91200591,-83.79524157,s,9/12/2018,2,Wednesday,23:42:13,incident_stopped,2018-09-12_23-42-13_incident_stopped_zone_nb-shoulder.jpg,nb,112302.2167,-17.00028257,nb,shoulder,-1
N1C07,32.80647151,-83.72379194,n,9/12/2018,2,Wednesday,23:43:53,incident_stopped,2018-09-12_23-43-53_incident_stopped_zone_ramp-shoulder.jpg,nb,112303.8833,-58.69634095,ramp,shoulder,-1
S1C21,32.86987654,-83.75830175,s,9/13/2018,3,Thursday,3:40:23,incident_stopped,2018-09-13_03-40-23_incident_stopped_zone_nb-shoulder.jpg,nb,112540.3833,-34.62822647,nb,shoulder,-1
N1C25,32.88361771,-83.77234944,n,9/13/2018,3,Thursday,4:10:28,incident_stopped,2018-09-13_04-10-28_incident_stopped_zone_ramp-shoulder.jpg,nb,112570.4667,-28.57124979,ramp,shoulder,-1
N2C01,32.76613511,-83.71030216,n,9/13/2018,3,Thursday,7:07:56,incident_stopped,2018-09-13_07-07-56_incident_stopped_zone_nb-shoulder.jpg,nb,112747.9333,-72.97440738,nb,shoulder,-1
S1C27,32.89654773,-83.78351592,s,9/13/2018,3,Thursday,8:15:49,incident_stopped,2018-09-13_08-15-49_incident_stopped_zone_nb-shoulder.jpg,nb,112815.8167,-23.1858178,nb,shoulder,-1
N1C01,32.76613511,-83.71030216,n,9/13/2018,3,Thursday,8:26:47,incident_stopped,2018-09-13_08-26-47_incident_stopped_zone_nb-shoulder.jpg,nb,112826.7833,-72.97440738,nb,shoulder,-1
BIBB-CAM-024,32.8332442,-83.73284142,n,9/13/2018,3,Thursday,8:54:47,incident_stopped,2018-09-13_08-54-47_incident_stopped.jpg,nb,112854.7833,-49.27056404,,,-1
N2C33,32.92077604,-83.79943309,n,9/13/2018,3,Thursday,9:47:15,incident_stopped,2018-09-13_09-47-15_incident_stopped_zone_nb-shoulder.jpg,nb,112907.25,-13.74452878,nb,shoulder,-1
S1C28,32.90013203,-83.7863588,s,9/13/2018,3,Thursday,9:55:08,incident_stopped,2018-09-13_09-55-08_incident_stopped_zone_nb-shoulder.jpg,nb,112915.1333,-21.73107036,nb,shoulder,-1
S1C21,32.86987654,-83.75830175,s,9/13/2018,3,Thursday,10:20:43,incident_stopped,2018-09-13_10-20-43_incident_stopped_zone_nb-shoulder.jpg,nb,112940.7167,-34.62822647,nb,shoulder,-1
N1C25,32.88361771,-83.77234944,n,9/13/2018,3,Thursday,10:40:34,incident_stopped,2018-09-13_10-40-34_incident_stopped_zone_ramp-shoulder.jpg,nb,112960.5667,-28.57124979,ramp,shoulder,-1
BIBB-CAM-024,32.8332442,-83.73284142,n,9/13/2018,3,Thursday,10:49:10,incident_stopped,2018-09-13_10-49-10_incident_stopped.jpg,nb,112969.1667,-49.27056404,,,-1
N2C03,32.78071485,-83.71530658,n,9/13/2018,3,Thursday,10:59:02,incident_stopped,2018-09-13_10-59-02_incident_stopped_zone_nb-shoulder.jpg,nb,112979.0333,-67.78810628,nb,shoulder,-1
BIBB-CAM-024,32.8332442,-83.73284142,n,9/13/2018,3,Thursday,12:19:21,incident_stopped,2018-09-13_12-19-21_incident_stopped.jpg,nb,113059.35,-49.27056404,,,-1
N2C26,32.88798194,-83.77607704,n,9/13/2018,3,Thursday,13:10:25,incident_stopped,2018-09-13_13-10-25_incident_stopped_zone_nb-shoulder.jpg,nb,113110.4167,-26.75233619,nb,shoulder,-1
S1C28,32.90013203,-83.7863588,s,9/13/2018,3,Thursday,13:28:59,incident_stopped,2018-09-13_13-28-59_incident_stopped_zone_nb-shoulder.jpg,nb,113128.9833,-21.73107036,nb,shoulder,-1
S1C27,32.89654773,-83.78351592,s,9/13/2018,3,Thursday,13:29:00,incident_stopped,2018-09-13_13-29-00_incident_stopped_zone_nb-shoulder.jpg,nb,113129,-23.1858178,nb,shoulder,-1
N2C33,32.92077604,-83.79943309,n,9/13/2018,3,Thursday,13:31:46,incident_stopped,2018-09-13_13-31-46_incident_stopped_zone_nb-shoulder.jpg,nb,113131.7667,-13.74452878,nb,shoulder,-1
BIBB-CAM-026,32.84958885,-83.74065988,n,9/13/2018,3,Thursday,13:43:26,incident_congestion,2018-09-13_13-43-26_incident_congestion_zone_nb-lanes.jpg,nb,113143.4333,-43.22840936,nb,lanes,-1
BIBB-CAM-024,32.8332442,-83.73284142,n,9/13/2018,3,Thursday,13:52:00,incident_stopped,2018-09-13_13-52-00_incident_stopped.jpg,nb,113152,-49.27056404,,,-1
N1C07,32.80647151,-83.72379194,n,9/13/2018,3,Thursday,13:56:11,incident_stopped,2018-09-13_13-56-11_incident_stopped_zone_ramp-shoulder.jpg,nb,113156.1833,-58.69634095,ramp,shoulder,-1
S1C21,32.86987654,-83.75830175,s,9/13/2018,3,Thursday,13:57:54,incident_stopped,2018-09-13_13-57-54_incident_stopped_zone_nb-shoulder.jpg,nb,113157.9,-34.62822647,nb,shoulder,-1
S2C08,32.80622138,-83.72432815,s,9/13/2018,3,Thursday,14:24:50,incident_stopped,2018-09-13_14-24-50_incident_stopped_zone_nb-shoulder.jpg,nb,113184.8333,-58.705165,nb,shoulder,-1
N1C23,32.87756847,-83.76599732,n,9/13/2018,3,Thursday,14:26:21,incident_stopped,2018-09-13_14-26-21_incident_stopped_zone_nb-shoulder.jpg,nb,113186.35,-31.24939169,nb,shoulder,-1
N2C26,32.88798194,-83.77607704,n,9/13/2018,3,Thursday,14:49:47,incident_stopped,2018-09-13_14-49-47_incident_stopped_zone_nb-shoulder.jpg,nb,113209.7833,-26.75233619,nb,shoulder,-1
S1C26,32.88776313,-83.77647583,s,9/13/2018,3,Thursday,14:49:49,incident_stopped,2018-09-13_14-49-49_incident_stopped_zone_nb-shoulder.jpg,nb,113209.8167,-26.77497584,nb,shoulder,-1
N2C09,32.81772219,-83.72879532,n,9/13/2018,3,Thursday,15:16:16,incident_stopped,2018-09-13_15-16-16_incident_stopped_zone_nb-shoulder.jpg,nb,113236.2667,-54.56967025,nb,shoulder,-1
BIBB-CAM-024,32.8332442,-83.73284142,n,9/13/2018,3,Thursday,15:56:57,incident_stopped,2018-09-13_15-56-57_incident_stopped.jpg,nb,113276.95,-49.27056404,,,-1
N2C33,32.92077604,-83.79943309,n,9/13/2018,3,Thursday,16:20:45,incident_stopped,2018-09-13_16-20-45_incident_stopped_zone_nb-shoulder.jpg,nb,113300.75,-13.74452878,nb,shoulder,-1
BIBB-CAM-024,32.8332442,-83.73284142,n,9/13/2018,3,Thursday,16:23:14,incident_congestion,2018-09-13_16-23-14_incident_congestion_zone_nb-lanes.jpg,nb,113303.2333,-49.27056404,nb,lanes,-1
N2C01,32.76613511,-83.71030216,n,9/13/2018,3,Thursday,16:37:04,incident_stopped,2018-09-13_16-37-04_incident_stopped_zone_nb-shoulder.jpg,nb,113317.0667,-72.97440738,nb,shoulder,-1
N2C17,32.84958885,-83.74065988,n,9/13/2018,3,Thursday,16:46:49,incident_stopped,2018-09-13_16-46-49_incident_stopped_zone_nb-shoulder.jpg,nb,113326.8167,-43.22840936,nb,shoulder,-1
S1C30,32.91200591,-83.79524157,s,9/13/2018,3,Thursday,16:55:07,incident_stopped,2018-09-13_16-55-07_incident_stopped_zone_nb-shoulder.jpg,nb,113335.1167,-17.00028257,nb,shoulder,-1
BIBB-CAM-024,32.8332442,-83.73284142,n,9/13/2018,3,Thursday,17:27:20,incident_stopped,2018-09-13_17-27-20_incident_stopped.jpg,nb,113367.3333,-49.27056404,,,-1
BIBB-CAM-018,32.79962746,-83.72080704,n,9/13/2018,3,Thursday,17:31:54,incident_stopped,2018-09-13_17-31-54_incident_stopped.jpg,nb,113371.9,-61.20075294,,,-1
N1C06,32.79465366,-83.72010538,n,9/13/2018,3,Thursday,18:47:43,incident_stopped,2018-09-13_18-47-43_incident_stopped_zone_nb-shoulder.jpg,nb,113447.7167,-62.83684554,nb,shoulder,-1
BIBB-CAM-024,32.8332442,-83.73284142,n,9/13/2018,3,Thursday,19:37:19,incident_stopped,2018-09-13_19-37-19_incident_stopped.jpg,nb,113497.3167,-49.27056404,,,-1
N1C33,32.92077604,-83.79943309,n,9/13/2018,3,Thursday,19:40:56,incident_congestion,2018-09-13_19-40-56_incident_congestion_zone_nb-lanes.jpg,nb,113500.9333,-13.74452878,nb,lanes,-1
N2C03,32.78071485,-83.71530658,n,9/13/2018,3,Thursday,20:19:59,incident_stopped,2018-09-13_20-19-59_incident_stopped_zone_nb-shoulder.jpg,nb,113539.9833,-67.78810628,nb,shoulder,-1
BIBB-CAM-024,32.8332442,-83.73284142,n,9/13/2018,3,Thursday,21:17:52,incident_stopped,2018-09-13_21-17-52_incident_stopped.jpg,nb,113597.8667,-49.27056404,,,-1
N2C11,32.82699902,-83.73109564,n,9/13/2018,3,Thursday,22:36:45,incident_stopped,2018-09-13_22-36-45_incident_stopped_zone_near-shoulder.jpg,nb,113676.75,-51.41367576,near,shoulder,-1
N1C01,32.76613511,-83.71030216,n,9/14/2018,4,Friday,1:08:16,incident_stopped,2018-09-14_01-08-16_incident_stopped_zone_nb-shoulder.jpg,nb,113828.2667,-72.97440738,nb,shoulder,-1
N2C01,32.76613511,-83.71030216,n,9/14/2018,4,Friday,1:08:24,incident_stopped,2018-09-14_01-08-24_incident_stopped_zone_nb-shoulder.jpg,nb,113828.4,-72.97440738,nb,shoulder,-1
N2C22,32.87317142,-83.76128066,n,9/14/2018,4,Friday,1:32:55,incident_stopped,2018-09-14_01-32-55_incident_stopped_zone_nb-shoulder.jpg,nb,113852.9167,-33.22037987,nb,shoulder,-1
N2C03,32.78071485,-83.71530658,n,9/14/2018,4,Friday,3:58:49,incident_stopped,2018-09-14_03-58-49_incident_stopped_zone_nb-shoulder.jpg,nb,113998.8167,-67.78810628,nb,shoulder,-1
N1C09,32.81772219,-83.72879532,n,9/14/2018,4,Friday,5:39:32,incident_slow,2018-09-14_05-39-32_incident_slow_zone_nb-lanes.jpg,nb,114099.5333,-54.56967025,nb,lanes,-1
N2C33,32.92077604,-83.79943309,n,9/14/2018,4,Friday,7:01:17,incident_stopped,2018-09-14_07-01-17_incident_stopped_zone_nb-shoulder.jpg,nb,114181.2833,-13.74452878,nb,shoulder,-1
N1C09,32.81772219,-83.72879532,n,9/14/2018,4,Friday,7:08:33,incident_slow,2018-09-14_07-08-33_incident_slow_zone_nb-lanes.jpg,nb,114188.55,-54.56967025,nb,lanes,-1
N2C17,32.84958885,-83.74065988,n,9/14/2018,4,Friday,7:31:58,incident_stopped,2018-09-14_07-31-58_incident_stopped_zone_nb-shoulder.jpg,nb,114211.9667,-43.22840936,nb,shoulder,-1
BIBB-CAM-024,32.8332442,-83.73284142,n,9/14/2018,4,Friday,7:42:56,incident_stopped,2018-09-14_07-42-56_incident_stopped.jpg,nb,114222.9333,-49.27056404,,,-1
N1C07,32.80647151,-83.72379194,n,9/14/2018,4,Friday,7:47:37,incident_stopped,2018-09-14_07-47-37_incident_stopped_zone_ramp-shoulder.jpg,nb,114227.6167,-58.69634095,ramp,shoulder,-1
N2C32,32.91549987,-83.79665373,n,9/14/2018,4,Friday,8:34:34,incident_stopped,2018-09-14_08-34-34_incident_stopped_zone_nb-shoulder.jpg,nb,114274.5667,-15.72572861,nb,shoulder,-1
S1C30,32.91200591,-83.79524157,s,9/14/2018,4,Friday,8:39:39,incident_stopped,2018-09-14_08-39-39_incident_stopped_zone_nb-shoulder.jpg,nb,114279.65,-17.00028257,nb,shoulder,-1
N1C09,32.81772219,-83.72879532,n,9/14/2018,4,Friday,8:43:32,incident_slow,2018-09-14_08-43-32_incident_slow_zone_nb-lanes.jpg,nb,114283.5333,-54.56967025,nb,lanes,-1
N1C11,32.82699902,-83.73109564,n,9/14/2018,4,Friday,8:59:34,incident_stopped,2018-09-14_08-59-34_incident_stopped_zone_nb-shoulder.jpg,nb,114299.5667,-51.41367576,nb,shoulder,-1
N2C33,32.92077604,-83.79943309,n,9/14/2018,4,Friday,9:07:32,incident_stopped,2018-09-14_09-07-32_incident_stopped_zone_nb-shoulder.jpg,nb,114307.5333,-13.74452878,nb,shoulder,-1
N2C02,32.76990531,-83.71029631,n,9/14/2018,4,Friday,9:21:36,incident_stopped,2018-09-14_09-21-36_incident_stopped_zone_nb-shoulder.jpg,nb,114321.6,-71.78891913,nb,shoulder,-1
BIBB-CAM-024,32.8332442,-83.73284142,n,9/14/2018,4,Friday,9:24:13,incident_stopped,2018-09-14_09-24-13_incident_stopped.jpg,nb,114324.2167,-49.27056404,,,-1
N2C01,32.76613511,-83.71030216,n,9/14/2018,4,Friday,9:35:17,incident_stopped,2018-09-14_09-35-17_incident_stopped_zone_nb-shoulder.jpg,nb,114335.2833,-72.97440738,nb,shoulder,-1
N1C09,32.81772219,-83.72879532,n,9/14/2018,4,Friday,9:54:33,incident_slow,2018-09-14_09-54-33_incident_slow_zone_nb-lanes.jpg,nb,114354.55,-54.56967025,nb,lanes,-1
S2C09,32.81017134,-83.72613824,s,9/14/2018,4,Friday,10:01:43,incident_stopped,2018-09-14_10-01-43_incident_stopped_zone_nb-shoulder.jpg,nb,114361.7167,-57.24864799,nb,shoulder,-1
N1C21,32.86981764,-83.75767111,n,9/14/2018,4,Friday,10:31:08,incident_stopped,2018-09-14_10-31-08_incident_stopped_zone_nb-shoulder.jpg,nb,114391.1333,-34.7310666,nb,shoulder,-1
N1C16,32.84577945,-83.73888874,n,9/14/2018,4,Friday,10:40:15,incident_stopped,2018-09-14_10-40-15_incident_stopped_zone_near-shoulder.jpg,nb,114400.25,-44.6283787,near,shoulder,-1
BIBB-CAM-024,32.8332442,-83.73284142,n,9/14/2018,4,Friday,11:01:02,incident_stopped,2018-09-14_11-01-02_incident_stopped.jpg,nb,114421.0333,-49.27056404,,,-1
BIBB-CAM-027,32.85953942,-83.7465392,n,9/14/2018,4,Friday,11:11:22,incident_stopped,2018-09-14_11-11-22_incident_stopped_zone_nb-shoulder.jpg,nb,114431.3667,-39.39570165,nb,shoulder,-1
S2C19,32.85919079,-83.74676747,s,9/14/2018,4,Friday,11:11:33,incident_stopped,2018-09-14_11-11-33_incident_stopped_zone_nb-shoulder.jpg,nb,114431.55,-39.46810985,nb,shoulder,-1
N1C03,32.78071485,-83.71530658,n,9/14/2018,4,Friday,11:33:42,incident_stopped,2018-09-14_11-33-42_incident_stopped_zone_nb-shoulder.jpg,nb,114453.7,-67.78810628,nb,shoulder,-1
BIBB-CAM-030,32.86987654,-83.75830175,s,9/14/2018,4,Friday,11:52:57,incident_stopped,2018-09-14_11-52-57_incident_stopped_zone_far-shoulder.jpg,nb,114472.95,-34.62822647,far,shoulder,-1
N2C03,32.78071485,-83.71530658,n,9/14/2018,4,Friday,11:59:24,incident_stopped,2018-09-14_11-59-24_incident_stopped_zone_nb-shoulder.jpg,nb,114479.4,-67.78810628,nb,shoulder,-1
N1C09,32.81772219,-83.72879532,n,9/14/2018,4,Friday,12:08:32,incident_slow,2018-09-14_12-08-32_incident_slow_zone_nb-lanes.jpg,nb,114488.5333,-54.56967025,nb,lanes,-1
N1C33,32.92077604,-83.79943309,n,9/14/2018,4,Friday,12:25:51,incident_congestion,2018-09-14_12-25-51_incident_congestion_zone_nb-lanes.jpg,nb,114505.85,-13.74452878,nb,lanes,-1
BIBB-CAM-038,32.93499248,-83.80738753,s,9/14/2018,4,Friday,12:58:59,incident_stopped,2018-09-14_12-58-59_incident_stopped_zone_far-lanes.jpg,nb,114538.9833,-8.404850441,far,lanes,-1
BIBB-CAM-009,32.76613511,-83.71030216,n,9/14/2018,4,Friday,14:27:01,incident_stopped,2018-09-14_14-27-01_incident_stopped.jpg,nb,114627.0167,-72.97440738,,,-1
N1C07,32.80647151,-83.72379194,n,9/14/2018,4,Friday,14:28:23,incident_stopped,2018-09-14_14-28-23_incident_stopped_zone_ramp-shoulder.jpg,nb,114628.3833,-58.69634095,ramp,shoulder,-1
N1C01,32.76613511,-83.71030216,n,9/14/2018,4,Friday,14:37:44,incident_stopped,2018-09-14_14-37-44_incident_stopped_zone_nb-shoulder.jpg,nb,114637.7333,-72.97440738,nb,shoulder,-1
N2C01,32.76613511,-83.71030216,n,9/14/2018,4,Friday,14:37:44,incident_stopped,2018-09-14_14-37-44_incident_stopped_zone_nb-shoulder.jpg,nb,114637.7333,-72.97440738,nb,shoulder,-1
S1C30,32.91200591,-83.79524157,s,9/14/2018,4,Friday,14:43:03,incident_stopped,2018-09-14_14-43-03_incident_stopped_zone_nb-shoulder.jpg,nb,114643.05,-17.00028257,nb,shoulder,-1
N2C15,32.84068577,-83.73653266,n,9/14/2018,4,Friday,15:04:29,incident_stopped,2018-09-14_15-04-29_incident_stopped_zone_nb-shoulder.jpg,nb,114664.4833,-46.49987236,nb,shoulder,-1
BIBB-CAM-025,32.84057153,-83.73697533,s,9/14/2018,4,Friday,15:04:33,incident_stopped,2018-09-14_15-04-33_incident_stopped_zone_nb-shoulder.jpg,nb,114664.55,-46.47309774,nb,shoulder,-1
N2C03,32.78071485,-83.71530658,n,9/14/2018,4,Friday,15:04:34,incident_stopped,2018-09-14_15-04-34_incident_stopped_zone_nb-shoulder.jpg,nb,114664.5667,-67.78810628,nb,shoulder,-1
BIBB-CAM-024,32.8332442,-83.73284142,n,9/14/2018,4,Friday,15:50:48,incident_stopped,2018-09-14_15-50-48_incident_stopped.jpg,nb,114710.8,-49.27056404,,,-1
N1C33,32.92077604,-83.79943309,n,9/14/2018,4,Friday,15:56:35,incident_congestion,2018-09-14_15-56-35_incident_congestion_zone_nb-lanes.jpg,nb,114716.5833,-13.74452878,nb,lanes,-1
BIBB-CAM-018,32.79962746,-83.72080704,n,9/14/2018,4,Friday,16:29:44,incident_stopped,2018-09-14_16-29-44_incident_stopped.jpg,nb,114749.7333,-61.20075294,,,-1
N1C42,32.759892,-83.709757,n,9/14/2018,4,Friday,17:14:08,incident_stopped,2018-09-14_17-14-08_incident_stopped_zone_nb-shoulder.jpg,nb,114794.1333,-75.01044884,nb,shoulder,-1
N2C03,32.78071485,-83.71530658,n,9/14/2018,4,Friday,17:18:11,incident_stopped,2018-09-14_17-18-11_incident_stopped_zone_nb-shoulder.jpg,nb,114798.1833,-67.78810628,nb,shoulder,-1
N2C22,32.87317142,-83.76128066,n,9/14/2018,4,Friday,17:46:54,incident_stopped,2018-09-14_17-46-54_incident_stopped_zone_nb-shoulder.jpg,nb,114826.9,-33.22037987,nb,shoulder,-1
BIBB-CAM-024,32.8332442,-83.73284142,n,9/14/2018,4,Friday,18:15:59,incident_congestion,2018-09-14_18-15-59_incident_congestion_zone_nb-lanes.jpg,nb,114855.9833,-49.27056404,nb,lanes,-1
N1C16,32.84577945,-83.73888874,n,9/14/2018,4,Friday,18:18:15,incident_stopped,2018-09-14_18-18-15_incident_stopped_zone_near-shoulder.jpg,nb,114858.25,-44.6283787,near,shoulder,-1
S1C16,32.84561646,-83.73933607,s,9/14/2018,4,Friday,18:18:22,incident_stopped,2018-09-14_18-18-22_incident_stopped_zone_nb-shoulder.jpg,nb,114858.3667,-44.61500342,nb,shoulder,-1
N2C14,32.83648848,-83.73452853,n,9/14/2018,4,Friday,21:49:31,incident_stopped,2018-09-14_21-49-31_incident_stopped_zone_nb-shoulder.jpg,nb,115069.5167,-48.05166032,nb,shoulder,-1
N1C20,32.86504559,-83.75232959,n,9/14/2018,4,Friday,22:10:16,incident_stopped,2018-09-14_22-10-16_incident_stopped_zone_nb-shoulder.jpg,nb,115090.2667,-36.91653912,nb,shoulder,-1
S2C09,32.81017134,-83.72613824,s,9/14/2018,4,Friday,22:45:27,incident_stopped,2018-09-14_22-45-27_incident_stopped_zone_nb-shoulder.jpg,nb,115125.45,-57.24864799,nb,shoulder,-1
N1C14,32.83648848,-83.73452853,n,9/15/2018,5,Saturday,3:21:41,incident_stopped,2018-09-15_03-21-41_incident_stopped_zone_ramp-shoulder.jpg,nb,115401.6833,-48.05166032,ramp,shoulder,-1
S2C17,32.84950348,-83.74113514,s,9/15/2018,5,Saturday,7:07:18,incident_stopped,2018-09-15_07-07-18_incident_stopped_zone_nb-shoulder.jpg,nb,115627.3,-43.18705025,nb,shoulder,-1
N1C21,32.86981764,-83.75767111,n,9/15/2018,5,Saturday,7:10:18,incident_stopped,2018-09-15_07-10-18_incident_stopped_zone_nb-shoulder.jpg,nb,115630.3,-34.7310666,nb,shoulder,-1
N1C09,32.81772219,-83.72879532,n,9/15/2018,5,Saturday,8:29:33,incident_slow,2018-09-15_08-29-33_incident_slow_zone_nb-lanes.jpg,nb,115709.55,-54.56967025,nb,lanes,-1
N1C20,32.86504559,-83.75232959,n,9/15/2018,5,Saturday,8:54:10,incident_stopped,2018-09-15_08-54-10_incident_stopped_zone_nb-shoulder.jpg,nb,115734.1667,-36.91653912,nb,shoulder,-1
BIBB-CAM-024,32.8332442,-83.73284142,n,9/15/2018,5,Saturday,9:04:38,incident_stopped,2018-09-15_09-04-38_incident_stopped.jpg,nb,115744.6333,-49.27056404,,,-1
N1C16,32.84577945,-83.73888874,n,9/15/2018,5,Saturday,9:18:12,incident_stopped,2018-09-15_09-18-12_incident_stopped_zone_near-shoulder.jpg,nb,115758.2,-44.6283787,near,shoulder,-1
S1C16,32.84561646,-83.73933607,s,9/15/2018,5,Saturday,9:18:14,incident_stopped,2018-09-15_09-18-14_incident_stopped_zone_nb-shoulder.jpg,nb,115758.2333,-44.61500342,nb,shoulder,-1
N2C17,32.84958885,-83.74065988,n,9/15/2018,5,Saturday,9:29:49,incident_stopped,2018-09-15_09-29-49_incident_stopped_zone_nb-shoulder.jpg,nb,115769.8167,-43.22840936,nb,shoulder,-1
N1C06,32.79465366,-83.72010538,n,9/15/2018,5,Saturday,11:20:40,incident_stopped,2018-09-15_11-20-40_incident_stopped_zone_nb-shoulder.jpg,nb,115880.6667,-62.83684554,nb,shoulder,-1
BIBB-CAM-021,32.81775622,-83.72926956,s,9/15/2018,5,Saturday,11:37:12,incident_stopped,2018-09-15_11-37-12_incident_stopped_zone_nb-shoulder.jpg,nb,115897.2,-54.4973914,nb,shoulder,-1
N2C17,32.84958885,-83.74065988,n,9/15/2018,5,Saturday,11:50:12,incident_stopped,2018-09-15_11-50-12_incident_stopped_zone_nb-shoulder.jpg,nb,115910.2,-43.22840936,nb,shoulder,-1
BIBB-CAM-009,32.76613511,-83.71030216,n,9/15/2018,5,Saturday,14:04:57,incident_stopped,2018-09-15_14-04-57_incident_stopped.jpg,nb,116044.95,-72.97440738,,,-1
S1C32,32.92026721,-83.79963273,s,9/15/2018,5,Saturday,14:28:24,incident_stopped,2018-09-15_14-28-24_incident_stopped_zone_nb-shoulder.jpg,nb,116068.4,-13.89579256,nb,shoulder,-1
S1C17,32.84950348,-83.74113514,s,9/15/2018,5,Saturday,14:45:18,incident_stopped,2018-09-15_14-45-18_incident_stopped_zone_nb-lanes.jpg,nb,116085.3,-43.18705025,nb,lanes,-1
S2C38,32.95157525,-83.81265346,s,9/15/2018,5,Saturday,14:58:48,incident_stopped,2018-09-15_14-58-48_incident_stopped_zone_north-shoulder.jpg,nb,116098.8,-2.501382112,north,shoulder,-1
N2C32,32.91549987,-83.79665373,n,9/15/2018,5,Saturday,15:47:39,incident_stopped,2018-09-15_15-47-39_incident_stopped_zone_nb-lanes.jpg,nb,116147.65,-15.72572861,nb,lanes,-1
N1C26,32.88798194,-83.77607704,n,9/15/2018,5,Saturday,15:55:09,incident_stopped,2018-09-15_15-55-09_incident_stopped_zone_nb-shoulder.jpg,nb,116155.15,-26.75233619,nb,shoulder,-1
S1C09,32.81017134,-83.72613824,s,9/15/2018,5,Saturday,15:59:41,incident_stopped,2018-09-15_15-59-41_incident_stopped_zone_nb-shoulder.jpg,nb,116159.6833,-57.24864799,nb,shoulder,-1
BIBB-CAM-030,32.86987654,-83.75830175,s,9/15/2018,5,Saturday,16:02:23,incident_stopped,2018-09-15_16-02-23_incident_stopped_zone_far-shoulder.jpg,nb,116162.3833,-34.62822647,far,shoulder,-1
N1C33,32.92077604,-83.79943309,n,9/15/2018,5,Saturday,17:43:12,incident_congestion,2018-09-15_17-43-12_incident_congestion_zone_nb-lanes.jpg,nb,116263.2,-13.74452878,nb,lanes,-1
N1C20,32.86504559,-83.75232959,n,9/15/2018,5,Saturday,18:22:53,incident_stopped,2018-09-15_18-22-53_incident_stopped_zone_nb-shoulder.jpg,nb,116302.8833,-36.91653912,nb,shoulder,-1
N1C16,32.84577945,-83.73888874,n,9/15/2018,5,Saturday,18:34:12,incident_stopped,2018-09-15_18-34-12_incident_stopped_zone_near-shoulder.jpg,nb,116314.2,-44.6283787,near,shoulder,-1
N1C07,32.80647151,-83.72379194,n,9/15/2018,5,Saturday,18:58:51,incident_stopped,2018-09-15_18-58-51_incident_stopped_zone_ramp-shoulder.jpg,nb,116338.85,-58.69634095,ramp,shoulder,-1
S2C17,32.84950348,-83.74113514,s,9/15/2018,5,Saturday,19:08:37,incident_stopped,2018-09-15_19-08-37_incident_stopped_zone_nb-shoulder.jpg,nb,116348.6167,-43.18705025,nb,shoulder,-1
N1C25,32.88361771,-83.77234944,n,9/15/2018,5,Saturday,19:21:32,incident_stopped,2018-09-15_19-21-32_incident_stopped_zone_ramp-shoulder.jpg,nb,116361.5333,-28.57124979,ramp,shoulder,-1
N2C25,32.88361771,-83.77234944,n,9/15/2018,5,Saturday,19:21:33,incident_stopped,2018-09-15_19-21-33_incident_stopped_zone_nb-shoulder.jpg,nb,116361.55,-28.57124979,nb,shoulder,-1
N2C33,32.92077604,-83.79943309,n,9/15/2018,5,Saturday,21:12:45,incident_stopped,2018-09-15_21-12-45_incident_stopped_zone_nb-shoulder.jpg,nb,116472.75,-13.74452878,nb,shoulder,-1
S2C23,32.8774369,-83.7665846,s,9/16/2018,6,Sunday,1:41:35,incident_stopped,2018-09-16_01-41-35_incident_stopped_zone_far-shoulder.jpg,nb,116741.5833,-31.21570867,far,shoulder,-1
N1C33,32.92077604,-83.79943309,n,9/16/2018,6,Sunday,7:36:53,incident_congestion,2018-09-16_07-36-53_incident_congestion_zone_nb-lanes.jpg,nb,117096.8833,-13.74452878,nb,lanes,-1
N2C33,32.92077604,-83.79943309,n,9/16/2018,6,Sunday,7:49:21,incident_stopped,2018-09-16_07-49-21_incident_stopped_zone_nb-shoulder.jpg,nb,117109.35,-13.74452878,nb,shoulder,-1
S1C27,32.89654773,-83.78351592,s,9/16/2018,6,Sunday,8:17:19,incident_stopped,2018-09-16_08-17-19_incident_stopped_zone_nb-shoulder.jpg,nb,117137.3167,-23.1858178,nb,shoulder,-1
S2C33,32.92513731,-83.80220611,s,9/16/2018,6,Sunday,8:49:10,incident_stopped,2018-09-16_08-49-10_incident_stopped_zone_nb-shoulder.jpg,nb,117169.1667,-12.07189332,nb,shoulder,-1
S1C33,32.92513731,-83.80220611,s,9/16/2018,6,Sunday,8:49:14,incident_stopped,2018-09-16_08-49-14_incident_stopped_zone_nb-shoulder.jpg,nb,117169.2333,-12.07189332,nb,shoulder,-1
S1C16,32.84561646,-83.73933607,s,9/16/2018,6,Sunday,11:05:23,incident_stopped,2018-09-16_11-05-23_incident_stopped_zone_nb-shoulder.jpg,nb,117305.3833,-44.61500342,nb,shoulder,-1
S1C15,32.84057153,-83.73697533,s,9/16/2018,6,Sunday,11:13:18,incident_stopped,2018-09-16_11-13-18_incident_stopped_zone_nb-shoulder.jpg,nb,117313.3,-46.47309774,nb,shoulder,-1
S2C08,32.80622138,-83.72432815,s,9/16/2018,6,Sunday,11:22:45,incident_stopped,2018-09-16_11-22-45_incident_stopped_zone_nb-shoulder.jpg,nb,117322.75,-58.705165,nb,shoulder,-1
N2C33,32.92077604,-83.79943309,n,9/16/2018,6,Sunday,11:55:01,incident_stopped,2018-09-16_11-55-01_incident_stopped_zone_nb-shoulder.jpg,nb,117355.0167,-13.74452878,nb,shoulder,-1
S2C11,32.82254015,-83.73046915,s,9/16/2018,6,Sunday,11:55:28,incident_stopped,2018-09-16_11-55-28_incident_stopped_zone_far-shoulder.jpg,nb,117355.4667,-52.86537408,far,shoulder,-1
S1C27,32.89654773,-83.78351592,s,9/16/2018,6,Sunday,13:15:51,incident_stopped,2018-09-16_13-15-51_incident_stopped_zone_nb-shoulder.jpg,nb,117435.85,-23.1858178,nb,shoulder,-1
N2C39,32.95177015,-83.81217745,n,9/16/2018,6,Sunday,13:32:39,incident_stopped,2018-09-16_13-32-39_incident_stopped_zone_near-shoulder.jpg,nb,117452.65,-2.4510298,near,shoulder,-1
S1C12,32.82694969,-83.73158785,s,9/16/2018,6,Sunday,14:11:28,incident_stopped,2018-09-16_14-11-28_incident_stopped_zone_nb-shoulder.jpg,nb,117491.4667,-51.36261191,nb,shoulder,-1
BIBB-CAM-016,32.78992515,-83.7196095,n,9/16/2018,6,Sunday,14:22:43,incident_stopped,2018-09-16_14-22-43_incident_stopped_zone_nb-shoulder.jpg,nb,117502.7167,-64.37580962,nb,shoulder,-1
N3C38,32.94876151,-83.81228301,n,9/16/2018,6,Sunday,14:37:30,incident_stopped,2018-09-16_14-37-30_incident_stopped_zone_nb-shoulder.jpg,nb,117517.5,-3.479229064,nb,shoulder,-1
S1C30,32.91200591,-83.79524157,s,9/16/2018,6,Sunday,15:00:06,incident_stopped,2018-09-16_15-00-06_incident_stopped_zone_nb-shoulder.jpg,nb,117540.1,-17.00028257,nb,shoulder,-1
N2C40,32.751099,-83.713281,n,9/16/2018,6,Sunday,16:07:40,incident_stopped,2018-09-16_16-07-40_incident_stopped_zone_near-shoulder.jpg,nb,117607.6667,-77.41345723,near,shoulder,-1
N1C38,32.94876151,-83.81228301,n,9/16/2018,6,Sunday,16:15:45,incident_stopped,2018-09-16_16-15-45_incident_stopped_zone_ramp-shoulder.jpg,nb,117615.75,-3.479229064,ramp,shoulder,-1
BIBB-CAM-026,32.84958885,-83.74065988,n,9/16/2018,6,Sunday,17:19:25,incident_stopped,2018-09-16_17-19-25_incident_stopped_zone_nb-shoulder.jpg,nb,117679.4167,-43.22840936,nb,shoulder,-1
N1C21,32.86981764,-83.75767111,n,9/16/2018,6,Sunday,18:00:01,incident_stopped,2018-09-16_18-00-01_incident_stopped_zone_nb-shoulder.jpg,nb,117720.0167,-34.7310666,nb,shoulder,-1
N1C21,32.86981764,-83.75767111,n,9/16/2018,6,Sunday,23:36:35,incident_stopped,2018-09-16_23-36-35_incident_stopped_zone_nb-shoulder.jpg,nb,118056.5833,-34.7310666,nb,shoulder,-1
S1C21,32.86987654,-83.75830175,s,9/16/2018,6,Sunday,23:36:42,incident_stopped,2018-09-16_23-36-42_incident_stopped_zone_nb-shoulder.jpg,nb,118056.7,-34.62822647,nb,shoulder,-1
N2C09,32.81772219,-83.72879532,n,9/17/2018,0,Monday,0:04:53,incident_stopped,2018-09-17_00-04-53_incident_stopped_zone_nb-shoulder.jpg,nb,118084.8833,-54.56967025,nb,shoulder,-1
N1C31,32.90737428,-83.79168212,n,9/17/2018,0,Monday,0:33:53,incident_stopped,2018-09-17_00-33-53_incident_stopped_zone_nb-lanes.jpg,nb,118113.8833,-18.84792303,nb,lanes,-1
BIBB-CAM-035,32.90737428,-83.79168212,s,9/17/2018,0,Monday,0:33:55,incident_stopped,2018-09-17_00-33-55_incident_stopped_zone_nb-shoulder.jpg,nb,118113.9167,-18.84792303,nb,shoulder,-1
N2C17,32.84958885,-83.74065988,n,9/17/2018,0,Monday,3:01:06,incident_stopped,2018-09-17_03-01-06_incident_stopped_zone_nb-shoulder.jpg,nb,118261.1,-43.22840936,nb,shoulder,-1
N1C21,32.86981764,-83.75767111,n,9/17/2018,0,Monday,3:14:42,incident_stopped,2018-09-17_03-14-42_incident_stopped_zone_nb-shoulder.jpg,nb,118274.7,-34.7310666,nb,shoulder,-1
N1C21,32.86981764,-83.75767111,n,9/17/2018,0,Monday,6:40:53,incident_stopped,2018-09-17_06-40-53_incident_stopped_zone_nb-shoulder.jpg,nb,118480.8833,-34.7310666,nb,shoulder,-1
N1C12,32.83181185,-83.73251121,n,9/17/2018,0,Monday,6:51:43,incident_stopped,2018-09-17_06-51-43_incident_stopped_zone_ramp-lanes.jpg,nb,118491.7167,-49.75191444,ramp,lanes,-1
BIBB-CAM-024,32.8332442,-83.73284142,n,9/17/2018,0,Monday,7:36:54,incident_congestion,2018-09-17_07-36-54_incident_congestion_zone_nb-lanes.jpg,nb,118536.9,-49.27056404,nb,lanes,-1
BIBB-CAM-024,32.8332442,-83.73284142,n,9/17/2018,0,Monday,8:00:10,incident_stopped,2018-09-17_08-00-10_incident_stopped.jpg,nb,118560.1667,-49.27056404,,,-1
S2C09,32.81017134,-83.72613824,s,9/17/2018,0,Monday,8:17:50,incident_stopped,2018-09-17_08-17-50_incident_stopped_zone_nb-shoulder.jpg,nb,118577.8333,-57.24864799,nb,shoulder,-1
BIBB-CAM-018,32.79962746,-83.72080704,n,9/17/2018,0,Monday,8:48:04,incident_stopped,2018-09-17_08-48-04_incident_stopped.jpg,nb,118608.0667,-61.20075294,,,-1
N1C16,32.84577945,-83.73888874,n,9/17/2018,0,Monday,9:00:57,incident_stopped,2018-09-17_09-00-57_incident_stopped_zone_near-shoulder.jpg,nb,118620.95,-44.6283787,near,shoulder,-1
N2C11,32.82699902,-83.73109564,n,9/17/2018,0,Monday,9:23:07,incident_stopped,2018-09-17_09-23-07_incident_stopped_zone_near-shoulder.jpg,nb,118643.1167,-51.41367576,near,shoulder,-1
S2C12,32.82694969,-83.73158785,s,9/17/2018,0,Monday,9:23:14,incident_stopped,2018-09-17_09-23-14_incident_stopped_zone_nb-shoulder.jpg,nb,118643.2333,-51.36261191,nb,shoulder,-1
S1C09,32.81017134,-83.72613824,s,9/17/2018,0,Monday,10:11:01,incident_stopped,2018-09-17_10-11-01_incident_stopped_zone_nb-shoulder.jpg,nb,118691.0167,-57.24864799,nb,shoulder,-1
BIBB-CAM-022,32.82254015,-83.73046915,s,9/17/2018,0,Monday,10:17:53,incident_stopped,2018-09-17_10-17-53_incident_stopped_zone_nb-shoulder.jpg,nb,118697.8833,-52.86537408,nb,shoulder,-1
N3C02,32.76990531,-83.71029631,n,9/17/2018,0,Monday,10:28:00,incident_stopped,2018-09-17_10-28-00_incident_stopped_zone_nb-lanes.jpg,nb,118708,-71.78891913,nb,lanes,-1
N2C11,32.82699902,-83.73109564,n,9/17/2018,0,Monday,11:37:15,incident_stopped,2018-09-17_11-37-15_incident_stopped_zone_near-shoulder.jpg,nb,118777.25,-51.41367576,near,shoulder,-1
S3C03,32.78046082,-83.71590778,s,9/17/2018,0,Monday,11:38:40,incident_stopped,2018-09-17_11-38-40_incident_stopped_zone_nb-shoulder.jpg,nb,118778.6667,-67.79477411,nb,shoulder,-1
N2C03,32.78071485,-83.71530658,n,9/17/2018,0,Monday,11:38:43,incident_stopped,2018-09-17_11-38-43_incident_stopped_zone_nb-shoulder.jpg,nb,118778.7167,-67.78810628,nb,shoulder,-1
S1C15,32.84057153,-83.73697533,s,9/17/2018,0,Monday,11:51:54,incident_stopped,2018-09-17_11-51-54_incident_stopped_zone_nb-shoulder.jpg,nb,118791.9,-46.47309774,nb,shoulder,-1
BIBB-CAM-030,32.86987654,-83.75830175,s,9/17/2018,0,Monday,12:11:03,incident_stopped,2018-09-17_12-11-03_incident_stopped_zone_far-shoulder.jpg,nb,118811.05,-34.62822647,far,shoulder,-1
S1C21,32.86987654,-83.75830175,s,9/17/2018,0,Monday,12:25:53,incident_stopped,2018-09-17_12-25-53_incident_stopped_zone_nb-shoulder.jpg,nb,118825.8833,-34.62822647,nb,shoulder,-1
N1C33,32.92077604,-83.79943309,n,9/17/2018,0,Monday,12:48:20,incident_congestion,2018-09-17_12-48-20_incident_congestion_zone_nb-lanes.jpg,nb,118848.3333,-13.74452878,nb,lanes,-1
N2C25,32.88361771,-83.77234944,n,9/17/2018,0,Monday,13:02:58,incident_stopped,2018-09-17_13-02-58_incident_stopped_zone_nb-shoulder.jpg,nb,118862.9667,-28.57124979,nb,shoulder,-1
N1C25,32.88361771,-83.77234944,n,9/17/2018,0,Monday,13:03:01,incident_stopped,2018-09-17_13-03-01_incident_stopped_zone_ramp-shoulder.jpg,nb,118863.0167,-28.57124979,ramp,shoulder,-1
N1C11,32.82699902,-83.73109564,n,9/17/2018,0,Monday,13:17:41,incident_stopped,2018-09-17_13-17-41_incident_stopped_zone_nb-shoulder.jpg,nb,118877.6833,-51.41367576,nb,shoulder,-1
N2C11,32.82699902,-83.73109564,n,9/17/2018,0,Monday,13:17:41,incident_stopped,2018-09-17_13-17-41_incident_stopped_zone_near-shoulder.jpg,nb,118877.6833,-51.41367576,near,shoulder,-1
S2C08,32.80622138,-83.72432815,s,9/17/2018,0,Monday,13:25:40,incident_stopped,2018-09-17_13-25-40_incident_stopped_zone_nb-lanes.jpg,nb,118885.6667,-58.705165,nb,lanes,-1
N2C03,32.78071485,-83.71530658,n,9/17/2018,0,Monday,13:45:55,incident_stopped,2018-09-17_13-45-55_incident_stopped_zone_nb-shoulder.jpg,nb,118905.9167,-67.78810628,nb,shoulder,-1
N1C16,32.84577945,-83.73888874,n,9/17/2018,0,Monday,13:49:08,incident_stopped,2018-09-17_13-49-08_incident_stopped_zone_near-shoulder.jpg,nb,118909.1333,-44.6283787,near,shoulder,-1
N2C01,32.76613511,-83.71030216,n,9/17/2018,0,Monday,14:17:34,incident_stopped,2018-09-17_14-17-34_incident_stopped_zone_nb-shoulder.jpg,nb,118937.5667,-72.97440738,nb,shoulder,-1
N1C01,32.76613511,-83.71030216,n,9/17/2018,0,Monday,14:17:39,incident_stopped,2018-09-17_14-17-39_incident_stopped_zone_nb-shoulder.jpg,nb,118937.65,-72.97440738,nb,shoulder,-1
N1C17,32.84958885,-83.74065988,n,9/17/2018,0,Monday,14:27:13,incident_stopped,2018-09-17_14-27-13_incident_stopped_zone_nb-shoulder.jpg,nb,118947.2167,-43.22840936,nb,shoulder,-1
N2C26,32.88798194,-83.77607704,n,9/17/2018,0,Monday,15:04:06,incident_stopped,2018-09-17_15-04-06_incident_stopped_zone_nb-shoulder.jpg,nb,118984.1,-26.75233619,nb,shoulder,-1
S1C26,32.88776313,-83.77647583,s,9/17/2018,0,Monday,15:04:07,incident_stopped,2018-09-17_15-04-07_incident_stopped_zone_nb-shoulder.jpg,nb,118984.1167,-26.77497584,nb,shoulder,-1
S1C17,32.84950348,-83.74113514,s,9/17/2018,0,Monday,16:12:37,incident_stopped,2018-09-17_16-12-37_incident_stopped_zone_nb-shoulder.jpg,nb,119052.6167,-43.18705025,nb,shoulder,-1
BIBB-CAM-027,32.85953942,-83.7465392,n,9/17/2018,0,Monday,16:13:42,incident_stopped,2018-09-17_16-13-42_incident_stopped_zone_nb-shoulder.jpg,nb,119053.7,-39.39570165,nb,shoulder,-1
N1C07,32.80647151,-83.72379194,n,9/17/2018,0,Monday,16:33:39,incident_stopped,2018-09-17_16-33-39_incident_stopped_zone_ramp-shoulder.jpg,nb,119073.65,-58.69634095,ramp,shoulder,-1
N2C26,32.88798194,-83.77607704,n,9/17/2018,0,Monday,17:03:53,incident_stopped,2018-09-17_17-03-53_incident_stopped_zone_nb-shoulder.jpg,nb,119103.8833,-26.75233619,nb,shoulder,-1
N1C33,32.92077604,-83.79943309,n,9/17/2018,0,Monday,17:30:54,incident_congestion,2018-09-17_17-30-54_incident_congestion_zone_nb-lanes.jpg,nb,119130.9,-13.74452878,nb,lanes,-1
N1C18,32.85482929,-83.74306675,n,9/17/2018,0,Monday,17:32:41,incident_stopped,2018-09-17_17-32-41_incident_stopped_zone_nb-shoulder.jpg,nb,119132.6833,-41.30822943,nb,shoulder,-1
N3C02,32.76990531,-83.71029631,n,9/17/2018,0,Monday,17:40:01,incident_stopped,2018-09-17_17-40-01_incident_stopped_zone_nb-shoulder.jpg,nb,119140.0167,-71.78891913,nb,shoulder,-1
BIBB-CAM-012,32.77593588,-83.71230837,n,9/17/2018,0,Monday,18:37:11,incident_stopped,2018-09-17_18-37-11_incident_stopped_zone_nb-shoulder.jpg,nb,119197.1833,-69.65221113,nb,shoulder,-1
S1C09,32.81017134,-83.72613824,s,9/17/2018,0,Monday,20:24:45,incident_stopped,2018-09-17_20-24-45_incident_stopped_zone_nb-shoulder.jpg,nb,119304.75,-57.24864799,nb,shoulder,-1
S2C09,32.81017134,-83.72613824,s,9/17/2018,0,Monday,21:34:47,incident_stopped,2018-09-17_21-34-47_incident_stopped_zone_nb-shoulder.jpg,nb,119374.7833,-57.24864799,nb,shoulder,-1
BIBB-CAM-023,32.82699902,-83.73109564,n,9/18/2018,1,Tuesday,3:00:46,incident_stopped,2018-09-18_03-00-46_incident_stopped_zone_nb-shoulder.jpg,nb,119700.7667,-51.41367576,nb,shoulder,-1
N1C01,32.76613511,-83.71030216,n,9/18/2018,1,Tuesday,4:04:22,incident_stopped,2018-09-18_04-04-22_incident_stopped_zone_nb-shoulder.jpg,nb,119764.3667,-72.97440738,nb,shoulder,-1
BIBB-CAM-030,32.86987654,-83.75830175,s,9/18/2018,1,Tuesday,7:33:41,incident_stopped,2018-09-18_07-33-41_incident_stopped_zone_far-shoulder.jpg,nb,119973.6833,-34.62822647,far,shoulder,-1
BIBB-CAM-024,32.8332442,-83.73284142,n,9/18/2018,1,Tuesday,7:43:53,incident_stopped,2018-09-18_07-43-53_incident_stopped.jpg,nb,119983.8833,-49.27056404,,,-1
N2C01,32.76613511,-83.71030216,n,9/18/2018,1,Tuesday,7:44:05,incident_stopped,2018-09-18_07-44-05_incident_stopped_zone_nb-shoulder.jpg,nb,119984.0833,-72.97440738,nb,shoulder,-1
BIBB-CAM-024,32.8332442,-83.73284142,n,9/18/2018,1,Tuesday,7:49:07,incident_congestion,2018-09-18_07-49-07_incident_congestion_zone_nb-lanes.jpg,nb,119989.1167,-49.27056404,nb,lanes,-1
N3C02,32.76990531,-83.71029631,n,9/18/2018,1,Tuesday,7:58:06,incident_stopped,2018-09-18_07-58-06_incident_stopped_zone_nb-shoulder.jpg,nb,119998.1,-71.78891913,nb,shoulder,-1
N1C03,32.78071485,-83.71530658,n,9/18/2018,1,Tuesday,8:21:42,incident_stopped,2018-09-18_08-21-42_incident_stopped_zone_nb-shoulder.jpg,nb,120021.7,-67.78810628,nb,shoulder,-1
N1C09,32.81772219,-83.72879532,n,9/18/2018,1,Tuesday,8:35:33,incident_slow,2018-09-18_08-35-33_incident_slow_zone_nb-lanes.jpg,nb,120035.55,-54.56967025,nb,lanes,-1
N2C02,32.76990531,-83.71029631,n,9/18/2018,1,Tuesday,9:36:37,incident_stopped,2018-09-18_09-36-37_incident_stopped_zone_nb-shoulder.jpg,nb,120096.6167,-71.78891913,nb,shoulder,-1
S1C09,32.81017134,-83.72613824,s,9/18/2018,1,Tuesday,9:48:15,incident_stopped,2018-09-18_09-48-15_incident_stopped_zone_nb-shoulder.jpg,nb,120108.25,-57.24864799,nb,shoulder,-1
N1C03,32.78071485,-83.71530658,n,9/18/2018,1,Tuesday,10:22:14,incident_stopped,2018-09-18_10-22-14_incident_stopped_zone_nb-shoulder.jpg,nb,120142.2333,-67.78810628,nb,shoulder,-1
BIBB-CAM-036,32.91536047,-83.79703412,s,9/18/2018,1,Tuesday,10:28:23,incident_stopped,2018-09-18_10-28-23_incident_stopped_zone_far-shoulder.jpg,nb,120148.3833,-15.73785658,far,shoulder,-1
S1C28,32.90013203,-83.7863588,s,9/18/2018,1,Tuesday,11:08:57,incident_stopped,2018-09-18_11-08-57_incident_stopped_zone_nb-shoulder.jpg,nb,120188.95,-21.73107036,nb,shoulder,-1
N2C03,32.78071485,-83.71530658,n,9/18/2018,1,Tuesday,11:10:35,incident_stopped,2018-09-18_11-10-35_incident_stopped_zone_nb-shoulder.jpg,nb,120190.5833,-67.78810628,nb,shoulder,-1
S3C03,32.78046082,-83.71590778,s,9/18/2018,1,Tuesday,11:10:45,incident_stopped,2018-09-18_11-10-45_incident_stopped_zone_nb-shoulder.jpg,nb,120190.75,-67.79477411,nb,shoulder,-1
N1C37,32.94227108,-83.81080305,n,9/18/2018,1,Tuesday,11:12:37,incident_stopped,2018-09-18_11-12-37_incident_stopped.jpg,nb,120192.6167,-5.756209786,,,-1
N3C39,32.95177015,-83.81217745,n,9/18/2018,1,Tuesday,11:17:09,incident_stopped,2018-09-18_11-17-09_incident_stopped_zone_nb-shoulder.jpg,nb,120197.15,-2.4510298,nb,shoulder,-1
BIBB-CAM-024,32.8332442,-83.73284142,n,9/18/2018,1,Tuesday,11:29:08,incident_congestion,2018-09-18_11-29-08_incident_congestion_zone_nb-lanes.jpg,nb,120209.1333,-49.27056404,nb,lanes,-1
BIBB-CAM-027,32.85953942,-83.7465392,n,9/18/2018,1,Tuesday,11:39:01,incident_stopped,2018-09-18_11-39-01_incident_stopped_zone_nb-shoulder.jpg,nb,120219.0167,-39.39570165,nb,shoulder,-1
S2C19,32.85919079,-83.74676747,s,9/18/2018,1,Tuesday,11:39:03,incident_stopped,2018-09-18_11-39-03_incident_stopped_zone_nb-shoulder.jpg,nb,120219.05,-39.46810985,nb,shoulder,-1
BIBB-CAM-024,32.8332442,-83.73284142,n,9/18/2018,1,Tuesday,12:29:12,incident_stopped,2018-09-18_12-29-12_incident_stopped.jpg,nb,120269.2,-49.27056404,,,-1
N2C40,32.751099,-83.713281,n,9/18/2018,1,Tuesday,12:34:07,incident_stopped,2018-09-18_12-34-07_incident_stopped_zone_near-shoulder.jpg,nb,120274.1167,-77.41345723,near,shoulder,-1
N1C12,32.83181185,-83.73251121,n,9/18/2018,1,Tuesday,12:34:39,incident_stopped,2018-09-18_12-34-39_incident_stopped_zone_ramp-shoulder.jpg,nb,120274.65,-49.75191444,ramp,shoulder,-1
S1C21,32.86987654,-83.75830175,s,9/18/2018,1,Tuesday,12:40:36,incident_stopped,2018-09-18_12-40-36_incident_stopped_zone_nb-shoulder.jpg,nb,120280.6,-34.62822647,nb,shoulder,-1
S1C16,32.84561646,-83.73933607,s,9/18/2018,1,Tuesday,12:43:04,incident_stopped,2018-09-18_12-43-04_incident_stopped_zone_nb-shoulder.jpg,nb,120283.0667,-44.61500342,nb,shoulder,-1
N1C17,32.84958885,-83.74065988,n,9/18/2018,1,Tuesday,12:45:14,incident_stopped,2018-09-18_12-45-14_incident_stopped_zone_nb-shoulder.jpg,nb,120285.2333,-43.22840936,nb,shoulder,-1
N2C33,32.92077604,-83.79943309,n,9/18/2018,1,Tuesday,13:14:57,incident_stopped,2018-09-18_13-14-57_incident_stopped_zone_nb-shoulder.jpg,nb,120314.95,-13.74452878,nb,shoulder,-1
N1C33,32.92077604,-83.79943309,n,9/18/2018,1,Tuesday,13:56:55,incident_congestion,2018-09-18_13-56-55_incident_congestion_zone_nb-lanes.jpg,nb,120356.9167,-13.74452878,nb,lanes,-1
N1C03,32.78071485,-83.71530658,n,9/18/2018,1,Tuesday,14:09:53,incident_stopped,2018-09-18_14-09-53_incident_stopped_zone_nb-shoulder.jpg,nb,120369.8833,-67.78810628,nb,shoulder,-1
N1C01,32.76613511,-83.71030216,n,9/18/2018,1,Tuesday,14:56:31,incident_stopped,2018-09-18_14-56-31_incident_stopped_zone_nb-shoulder.jpg,nb,120416.5167,-72.97440738,nb,shoulder,-1
N2C03,32.78071485,-83.71530658,n,9/18/2018,1,Tuesday,15:01:20,incident_stopped,2018-09-18_15-01-20_incident_stopped_zone_nb-shoulder.jpg,nb,120421.3333,-67.78810628,nb,shoulder,-1
BIBB-CAM-019,32.80622138,-83.72432815,s,9/18/2018,1,Tuesday,15:22:13,incident_stopped,2018-09-18_15-22-13_incident_stopped_zone_far-shoulder.jpg,nb,120442.2167,-58.705165,far,shoulder,-1
BIBB-CAM-024,32.8332442,-83.73284142,n,9/18/2018,1,Tuesday,15:23:31,incident_stopped,2018-09-18_15-23-31_incident_stopped.jpg,nb,120443.5167,-49.27056404,,,-1
N1C07,32.80647151,-83.72379194,n,9/18/2018,1,Tuesday,15:29:01,incident_stopped,2018-09-18_15-29-01_incident_stopped_zone_ramp-shoulder.jpg,nb,120449.0167,-58.69634095,ramp,shoulder,-1
N2C01,32.76613511,-83.71030216,n,9/18/2018,1,Tuesday,15:48:23,incident_stopped,2018-09-18_15-48-23_incident_stopped_zone_nb-shoulder.jpg,nb,120468.3833,-72.97440738,nb,shoulder,-1
N1C33,32.92077604,-83.79943309,n,9/18/2018,1,Tuesday,16:58:06,incident_congestion,2018-09-18_16-58-06_incident_congestion_zone_nb-lanes.jpg,nb,120538.1,-13.74452878,nb,lanes,-1
N2C03,32.78071485,-83.71530658,n,9/18/2018,1,Tuesday,17:10:09,incident_stopped,2018-09-18_17-10-09_incident_stopped_zone_nb-shoulder.jpg,nb,120550.15,-67.78810628,nb,shoulder,-1
BIBB-CAM-024,32.8332442,-83.73284142,n,9/18/2018,1,Tuesday,17:14:05,incident_stopped,2018-09-18_17-14-05_incident_stopped.jpg,nb,120554.0833,-49.27056404,,,-1
BIBB-CAM-024,32.8332442,-83.73284142,n,9/18/2018,1,Tuesday,17:26:55,incident_congestion,2018-09-18_17-26-55_incident_congestion_zone_nb-lanes.jpg,nb,120566.9167,-49.27056404,nb,lanes,-1
N1C16,32.84577945,-83.73888874,n,9/18/2018,1,Tuesday,17:46:14,incident_stopped,2018-09-18_17-46-14_incident_stopped_zone_near-shoulder.jpg,nb,120586.2333,-44.6283787,near,shoulder,-1
N1C09,32.81772219,-83.72879532,n,9/18/2018,1,Tuesday,18:12:33,incident_slow,2018-09-18_18-12-33_incident_slow_zone_nb-lanes.jpg,nb,120612.55,-54.56967025,nb,lanes,-1
N2C01,32.76613511,-83.71030216,n,9/18/2018,1,Tuesday,18:40:21,incident_stopped,2018-09-18_18-40-21_incident_stopped_zone_nb-shoulder.jpg,nb,120640.35,-72.97440738,nb,shoulder,-1
S1C28,32.90013203,-83.7863588,s,9/18/2018,1,Tuesday,18:54:49,incident_stopped,2018-09-18_18-54-49_incident_stopped_zone_nb-shoulder.jpg,nb,120654.8167,-21.73107036,nb,shoulder,-1
S1C27,32.89654773,-83.78351592,s,9/18/2018,1,Tuesday,18:54:53,incident_stopped,2018-09-18_18-54-53_incident_stopped_zone_nb-shoulder.jpg,nb,120654.8833,-23.1858178,nb,shoulder,-1
N1C01,32.76613511,-83.71030216,n,9/18/2018,1,Tuesday,19:20:09,incident_stopped,2018-09-18_19-20-09_incident_stopped_zone_nb-shoulder.jpg,nb,120680.15,-72.97440738,nb,shoulder,-1
S1C12,32.82694969,-83.73158785,s,9/18/2018,1,Tuesday,19:32:36,incident_stopped,2018-09-18_19-32-36_incident_stopped_zone_nb-shoulder.jpg,nb,120692.6,-51.36261191,nb,shoulder,-1
N1C16,32.84577945,-83.73888874,n,9/18/2018,1,Tuesday,21:10:19,incident_stopped,2018-09-18_21-10-19_incident_stopped_zone_near-shoulder.jpg,nb,120790.3167,-44.6283787,near,shoulder,-1
BIBB-CAM-030,32.86987654,-83.75830175,s,9/19/2018,2,Wednesday,1:40:57,incident_stopped,2018-09-19_01-40-57_incident_stopped_zone_far-shoulder.jpg,nb,121060.95,-34.62822647,far,shoulder,-1
N2C33,32.92077604,-83.79943309,n,9/19/2018,2,Wednesday,3:26:03,incident_stopped,2018-09-19_03-26-03_incident_stopped_zone_nb-shoulder.jpg,nb,121166.05,-13.74452878,nb,shoulder,-1
BIBB-CAM-024,32.8332442,-83.73284142,n,9/19/2018,2,Wednesday,5:15:34,incident_stopped,2018-09-19_05-15-34_incident_stopped.jpg,nb,121275.5667,-49.27056404,,,-1
S1C30,32.91200591,-83.79524157,s,9/19/2018,2,Wednesday,6:31:35,incident_stopped,2018-09-19_06-31-35_incident_stopped_zone_nb-shoulder.jpg,nb,121351.5833,-17.00028257,nb,shoulder,-1
BIBB-CAM-024,32.8332442,-83.73284142,n,9/19/2018,2,Wednesday,7:02:25,incident_congestion,2018-09-19_07-02-25_incident_congestion_zone_nb-lanes.jpg,nb,121382.4167,-49.27056404,nb,lanes,-1
S1C16,32.84561646,-83.73933607,s,9/19/2018,2,Wednesday,7:50:08,incident_stopped,2018-09-19_07-50-08_incident_stopped_zone_nb-shoulder.jpg,nb,121430.1333,-44.61500342,nb,shoulder,-1
N1C16,32.84577945,-83.73888874,n,9/19/2018,2,Wednesday,7:50:08,incident_stopped,2018-09-19_07-50-08_incident_stopped_zone_near-shoulder.jpg,nb,121430.1333,-44.6283787,near,shoulder,-1
N2C03,32.78071485,-83.71530658,n,9/19/2018,2,Wednesday,7:51:57,incident_stopped,2018-09-19_07-51-57_incident_stopped_zone_nb-shoulder.jpg,nb,121431.95,-67.78810628,nb,shoulder,-1
N1C31,32.90737428,-83.79168212,n,9/19/2018,2,Wednesday,8:23:20,incident_stopped,2018-09-19_08-23-20_incident_stopped_zone_nb-shoulder.jpg,nb,121463.3333,-18.84792303,nb,shoulder,-1
BIBB-CAM-024,32.8332442,-83.73284142,n,9/19/2018,2,Wednesday,8:23:58,incident_stopped,2018-09-19_08-23-58_incident_stopped.jpg,nb,121463.9667,-49.27056404,,,-1
BIBB-CAM-031,32.87958032,-83.76886573,s,9/19/2018,2,Wednesday,8:25:31,incident_stopped,2018-09-19_08-25-31_incident_stopped_zone_nb-shoulder.jpg,nb,121465.5167,-30.26227087,nb,shoulder,-1
N1C09,32.81772219,-83.72879532,n,9/19/2018,2,Wednesday,8:34:32,incident_slow,2018-09-19_08-34-32_incident_slow_zone_nb-lanes.jpg,nb,121474.5333,-54.56967025,nb,lanes,-1
S2C13,32.831725,-83.73297366,s,9/19/2018,2,Wednesday,8:36:58,incident_stopped,2018-09-19_08-36-58_incident_stopped_zone_nb-shoulder.jpg,nb,121476.9667,-49.71525632,nb,shoulder,-1
N1C07,32.80647151,-83.72379194,n,9/19/2018,2,Wednesday,9:46:59,incident_stopped,2018-09-19_09-46-59_incident_stopped_zone_ramp-shoulder.jpg,nb,121546.9833,-58.69634095,ramp,shoulder,-1
N1C14,32.83648848,-83.73452853,n,9/19/2018,2,Wednesday,10:22:28,incident_stopped,2018-09-19_10-22-28_incident_stopped_zone_ramp-shoulder.jpg,nb,121582.4667,-48.05166032,ramp,shoulder,-1
S2C18,32.85465632,-83.74348346,s,9/19/2018,2,Wednesday,10:51:34,incident_stopped,2018-09-19_10-51-34_incident_stopped_zone_nb-shoulder.jpg,nb,121611.5667,-41.30069476,nb,shoulder,-1
N2C18,32.85482929,-83.74306675,n,9/19/2018,2,Wednesday,10:51:39,incident_stopped,2018-09-19_10-51-39_incident_stopped_zone_nb-shoulder.jpg,nb,121611.65,-41.30822943,nb,shoulder,-1
N1C19,32.85953942,-83.7465392,n,9/19/2018,2,Wednesday,10:55:13,incident_stopped,2018-09-19_10-55-13_incident_stopped_zone_nb-shoulder.jpg,nb,121615.2167,-39.39570165,nb,shoulder,-1
S1C19,32.85919079,-83.74676747,s,9/19/2018,2,Wednesday,10:55:13,incident_stopped,2018-09-19_10-55-13_incident_stopped_zone_nb-shoulder.jpg,nb,121615.2167,-39.46810985,nb,shoulder,-1
S2C19,32.85919079,-83.74676747,s,9/19/2018,2,Wednesday,10:55:27,incident_stopped,2018-09-19_10-55-27_incident_stopped_zone_nb-shoulder.jpg,nb,121615.45,-39.46810985,nb,shoulder,-1
BIBB-CAM-027,32.85953942,-83.7465392,n,9/19/2018,2,Wednesday,10:55:28,incident_stopped,2018-09-19_10-55-28_incident_stopped_zone_nb-shoulder.jpg,nb,121615.4667,-39.39570165,nb,shoulder,-1
N2C01,32.76613511,-83.71030216,n,9/19/2018,2,Wednesday,11:11:49,incident_stopped,2018-09-19_11-11-49_incident_stopped_zone_nb-shoulder.jpg,nb,121631.8167,-72.97440738,nb,shoulder,-1
BIBB-CAM-028,32.86504559,-83.75232959,n,9/19/2018,2,Wednesday,11:12:40,incident_stopped,2018-09-19_11-12-40_incident_stopped.jpg,nb,121632.6667,-36.91653912,,,-1
S1C21,32.86987654,-83.75830175,s,9/19/2018,2,Wednesday,11:15:05,incident_stopped,2018-09-19_11-15-05_incident_stopped_zone_nb-shoulder.jpg,nb,121635.0833,-34.62822647,nb,shoulder,-1
N1C21,32.86981764,-83.75767111,n,9/19/2018,2,Wednesday,11:15:07,incident_stopped,2018-09-19_11-15-07_incident_stopped_zone_nb-shoulder.jpg,nb,121635.1167,-34.7310666,nb,shoulder,-1
N1C24,32.87982448,-83.7684812,n,9/19/2018,2,Wednesday,11:25:00,incident_stopped,2018-09-19_11-25-00_incident_stopped_zone_nb-shoulder.jpg,nb,121645,-30.23393141,nb,shoulder,-1
S1C24,32.87958032,-83.76886573,s,9/19/2018,2,Wednesday,11:25:01,incident_stopped,2018-09-19_11-25-01_incident_stopped_zone_far-shoulder.jpg,nb,121645.0167,-30.26227087,far,shoulder,-1
S1C26,32.88776313,-83.77647583,s,9/19/2018,2,Wednesday,11:30:14,incident_stopped,2018-09-19_11-30-14_incident_stopped_zone_nb-shoulder.jpg,nb,121650.2333,-26.77497584,nb,shoulder,-1
N2C26,32.88798194,-83.77607704,n,9/19/2018,2,Wednesday,11:30:16,incident_stopped,2018-09-19_11-30-16_incident_stopped_zone_nb-shoulder.jpg,nb,121650.2667,-26.75233619,nb,shoulder,-1
BIBB-CAM-036,32.91536047,-83.79703412,s,9/19/2018,2,Wednesday,11:43:09,incident_stopped,2018-09-19_11-43-09_incident_stopped_zone_far-lanes.jpg,nb,121663.15,-15.73785658,far,lanes,-1
N1C33,32.92077604,-83.79943309,n,9/19/2018,2,Wednesday,11:48:32,incident_stopped,2018-09-19_11-48-32_incident_stopped_zone_nb-shoulder.jpg,nb,121668.5333,-13.74452878,nb,shoulder,-1
BIBB-CAM-024,32.8332442,-83.73284142,n,9/19/2018,2,Wednesday,12:31:56,incident_stopped,2018-09-19_12-31-56_incident_stopped.jpg,nb,121711.9333,-49.27056404,,,-1
N1C03,32.78071485,-83.71530658,n,9/19/2018,2,Wednesday,13:45:48,incident_stopped,2018-09-19_13-45-48_incident_stopped_zone_nb-shoulder.jpg,nb,121785.8,-67.78810628,nb,shoulder,-1
N2C03,32.78071485,-83.71530658,n,9/19/2018,2,Wednesday,14:04:00,incident_stopped,2018-09-19_14-04-00_incident_stopped_zone_nb-shoulder.jpg,nb,121804,-67.78810628,nb,shoulder,-1
BIBB-CAM-024,32.8332442,-83.73284142,n,9/19/2018,2,Wednesday,14:24:32,incident_congestion,2018-09-19_14-24-32_incident_congestion_zone_nb-lanes.jpg,nb,121824.5333,-49.27056404,nb,lanes,-1
N2C01,32.76613511,-83.71030216,n,9/19/2018,2,Wednesday,14:41:44,incident_stopped,2018-09-19_14-41-44_incident_stopped_zone_nb-shoulder.jpg,nb,121841.7333,-72.97440738,nb,shoulder,-1
N1C01,32.76613511,-83.71030216,n,9/19/2018,2,Wednesday,14:52:03,incident_stopped,2018-09-19_14-52-03_incident_stopped_zone_nb-shoulder.jpg,nb,121852.05,-72.97440738,nb,shoulder,-1
BIBB-CAM-024,32.8332442,-83.73284142,n,9/19/2018,2,Wednesday,15:51:24,incident_congestion,2018-09-19_15-51-24_incident_congestion_zone_nb-lanes.jpg,nb,121911.4,-49.27056404,nb,lanes,-1
BIBB-CAM-035,32.90737428,-83.79168212,s,9/19/2018,2,Wednesday,15:51:44,incident_stopped,2018-09-19_15-51-44_incident_stopped_zone_nb-shoulder.jpg,nb,121911.7333,-18.84792303,nb,shoulder,-1
N1C17,32.84958885,-83.74065988,n,9/19/2018,2,Wednesday,16:01:25,incident_stopped,2018-09-19_16-01-25_incident_stopped_zone_nb-shoulder.jpg,nb,121921.4167,-43.22840936,nb,shoulder,-1
N2C17,32.84958885,-83.74065988,n,9/19/2018,2,Wednesday,16:23:54,incident_stopped,2018-09-19_16-23-54_incident_stopped_zone_nb-shoulder.jpg,nb,121943.9,-43.22840936,nb,shoulder,-1
BIBB-CAM-037,32.92513731,-83.80220611,s,9/19/2018,2,Wednesday,16:41:48,incident_stopped,2018-09-19_16-41-48_incident_stopped_zone_nb-shoulder.jpg,nb,121961.8,-12.07189332,nb,shoulder,-1
BIBB-CAM-030,32.86987654,-83.75830175,s,9/19/2018,2,Wednesday,16:42:58,incident_stopped,2018-09-19_16-42-58_incident_stopped_zone_far-shoulder.jpg,nb,121962.9667,-34.62822647,far,shoulder,-1
N1C33,32.92077604,-83.79943309,n,9/19/2018,2,Wednesday,17:38:11,incident_congestion,2018-09-19_17-38-11_incident_congestion_zone_nb-lanes.jpg,nb,122018.1833,-13.74452878,nb,lanes,-1
N2C03,32.78071485,-83.71530658,n,9/19/2018,2,Wednesday,17:53:48,incident_stopped,2018-09-19_17-53-48_incident_stopped_zone_nb-shoulder.jpg,nb,122033.8,-67.78810628,nb,shoulder,-1
BIBB-CAM-037,32.92513731,-83.80220611,s,9/19/2018,2,Wednesday,18:55:27,incident_stopped,2018-09-19_18-55-27_incident_stopped_zone_nb-shoulder.jpg,nb,122095.45,-12.07189332,nb,shoulder,-1
N1C07,32.80647151,-83.72379194,n,9/19/2018,2,Wednesday,21:49:32,incident_stopped,2018-09-19_21-49-32_incident_stopped_zone_ramp-shoulder.jpg,nb,122269.5333,-58.69634095,ramp,shoulder,-1
S1C30,32.91200591,-83.79524157,s,9/19/2018,2,Wednesday,21:53:42,incident_stopped,2018-09-19_21-53-42_incident_stopped_zone_nb-shoulder.jpg,nb,122273.7,-17.00028257,nb,shoulder,-1
N1C40,32.751099,-83.713281,n,9/20/2018,3,Thursday,1:57:25,incident_stopped,2018-09-20_01-57-25_incident_stopped_zone_nb-shoulder.jpg,nb,122517.4167,-77.41345723,nb,shoulder,-1
N2C40,32.751099,-83.713281,n,9/20/2018,3,Thursday,1:57:25,incident_stopped,2018-09-20_01-57-25_incident_stopped_zone_near-shoulder.jpg,nb,122517.4167,-77.41345723,near,shoulder,-1
S1C30,32.91200591,-83.79524157,s,9/20/2018,3,Thursday,4:26:29,incident_stopped,2018-09-20_04-26-29_incident_stopped_zone_nb-shoulder.jpg,nb,122666.4833,-17.00028257,nb,shoulder,-1
BIBB-CAM-024,32.8332442,-83.73284142,n,9/20/2018,3,Thursday,7:25:20,incident_congestion,2018-09-20_07-25-20_incident_congestion_zone_nb-lanes.jpg,nb,122845.3333,-49.27056404,nb,lanes,-1
N1C21,32.86981764,-83.75767111,n,9/20/2018,3,Thursday,8:24:13,incident_stopped,2018-09-20_08-24-13_incident_stopped_zone_nb-shoulder.jpg,nb,122904.2167,-34.7310666,nb,shoulder,-1
N1C09,32.81772219,-83.72879532,n,9/20/2018,3,Thursday,8:44:32,incident_slow,2018-09-20_08-44-32_incident_slow_zone_nb-lanes.jpg,nb,122924.5333,-54.56967025,nb,lanes,-1
S2C23,32.8774369,-83.7665846,s,9/20/2018,3,Thursday,8:52:48,incident_stopped,2018-09-20_08-52-48_incident_stopped_zone_far-shoulder.jpg,nb,122932.8,-31.21570867,far,shoulder,-1
N2C03,32.78071485,-83.71530658,n,9/20/2018,3,Thursday,8:55:50,incident_stopped,2018-09-20_08-55-50_incident_stopped_zone_nb-shoulder.jpg,nb,122935.8333,-67.78810628,nb,shoulder,-1
BIBB-CAM-024,32.8332442,-83.73284142,n,9/20/2018,3,Thursday,9:00:27,incident_stopped,2018-09-20_09-00-27_incident_stopped.jpg,nb,122940.45,-49.27056404,,,-1
N1C41,32.7558,-83.709193,n,9/20/2018,3,Thursday,9:25:18,incident_stopped,2018-09-20_09-25-18_incident_stopped_zone_nb-shoulder.jpg,nb,122965.3,-76.37247586,nb,shoulder,-1
N2C30,32.90369996,-83.788703,n,9/20/2018,3,Thursday,9:40:45,incident_stopped,2018-09-20_09-40-45_incident_stopped_zone_nb-lanes.jpg,nb,122980.75,-20.33695357,nb,lanes,-1
S1C07,32.79942752,-83.72133493,s,9/20/2018,3,Thursday,9:47:31,incident_stopped,2018-09-20_09-47-31_incident_stopped_zone_nb-shoulder.jpg,nb,122987.5167,-61.1957999,nb,shoulder,-1
N2C01,32.76613511,-83.71030216,n,9/20/2018,3,Thursday,10:09:28,incident_stopped,2018-09-20_10-09-28_incident_stopped_zone_nb-shoulder.jpg,nb,123009.4667,-72.97440738,nb,shoulder,-1
N1C01,32.76613511,-83.71030216,n,9/20/2018,3,Thursday,10:09:34,incident_stopped,2018-09-20_10-09-34_incident_stopped_zone_nb-shoulder.jpg,nb,123009.5667,-72.97440738,nb,shoulder,-1
S1C04,32.78488999,-83.71869237,s,9/20/2018,3,Thursday,10:09:54,incident_stopped,2018-09-20_10-09-54_incident_stopped_zone_nb-shoulder.jpg,nb,123009.9,-66.06682308,nb,shoulder,-1
N1C03,32.78071485,-83.71530658,n,9/20/2018,3,Thursday,10:09:54,incident_stopped,2018-09-20_10-09-54_incident_stopped_zone_nb-shoulder.jpg,nb,123009.9,-67.78810628,nb,shoulder,-1
N1C05,32.78992515,-83.7196095,n,9/20/2018,3,Thursday,10:13:45,incident_stopped,2018-09-20_10-13-45_incident_stopped_zone_nb-shoulder.jpg,nb,123013.75,-64.37580962,nb,shoulder,-1
N2C40,32.751099,-83.713281,n,9/20/2018,3,Thursday,10:14:59,incident_stopped,2018-09-20_10-14-59_incident_stopped_zone_near-shoulder.jpg,nb,123014.9833,-77.41345723,near,shoulder,-1
BIBB-CAM-013,32.77567367,-83.7128245,s,9/20/2018,3,Thursday,10:39:12,incident_stopped,2018-09-20_10-39-12_incident_stopped_zone_nb-shoulder.jpg,nb,123039.2,-69.6715058,nb,shoulder,-1
N1C06,32.79465366,-83.72010538,n,9/20/2018,3,Thursday,10:49:10,incident_stopped,2018-09-20_10-49-10_incident_stopped_zone_nb-shoulder.jpg,nb,123049.1667,-62.83684554,nb,shoulder,-1
S1C21,32.86987654,-83.75830175,s,9/20/2018,3,Thursday,10:54:56,incident_stopped,2018-09-20_10-54-56_incident_stopped_zone_nb-shoulder.jpg,nb,123054.9333,-34.62822647,nb,shoulder,-1
N2C42,32.759892,-83.709757,n,9/20/2018,3,Thursday,11:12:34,incident_stopped,2018-09-20_11-12-34_incident_stopped_zone_nb-lanes.jpg,nb,123072.5667,-75.01044884,nb,lanes,-1
BIBB-CAM-024,32.8332442,-83.73284142,n,9/20/2018,3,Thursday,11:17:12,incident_stopped,2018-09-20_11-17-12_incident_stopped.jpg,nb,123077.2,-49.27056404,,,-1
N2C03,32.78071485,-83.71530658,n,9/20/2018,3,Thursday,11:21:21,incident_stopped,2018-09-20_11-21-21_incident_stopped_zone_nb-shoulder.jpg,nb,123081.35,-67.78810628,nb,shoulder,-1
N3C41,32.7558,-83.709193,n,9/20/2018,3,Thursday,11:55:42,incident_stopped,2018-09-20_11-55-42_incident_stopped_zone_nb-shoulder.jpg,nb,123115.7,-76.37247586,nb,shoulder,-1
BIBB-CAM-035,32.90737428,-83.79168212,s,9/20/2018,3,Thursday,12:33:32,incident_stopped,2018-09-20_12-33-32_incident_stopped_zone_nb-shoulder.jpg,nb,123153.5333,-18.84792303,nb,shoulder,-1
S1C16,32.84561646,-83.73933607,s,9/20/2018,3,Thursday,13:16:51,incident_stopped,2018-09-20_13-16-51_incident_stopped_zone_nb-shoulder.jpg,nb,123196.85,-44.61500342,nb,shoulder,-1
BIBB-CAM-013,32.77567367,-83.7128245,s,9/20/2018,3,Thursday,13:51:49,incident_stopped,2018-09-20_13-51-49_incident_stopped_zone_nb-lanes.jpg,nb,123231.8167,-69.6715058,nb,lanes,-1
BIBB-CAM-014,32.7850913,-83.71806273,n,9/20/2018,3,Thursday,13:53:47,incident_stopped,2018-09-20_13-53-47_incident_stopped_zone_nb-shoulder.jpg,nb,123233.7833,-66.07987571,nb,shoulder,-1
N1C03,32.78071485,-83.71530658,n,9/20/2018,3,Thursday,14:21:51,incident_stopped,2018-09-20_14-21-51_incident_stopped_zone_nb-shoulder.jpg,nb,123261.85,-67.78810628,nb,shoulder,-1
N2C01,32.76613511,-83.71030216,n,9/20/2018,3,Thursday,14:33:00,incident_stopped,2018-09-20_14-33-00_incident_stopped_zone_nb-shoulder.jpg,nb,123273,-72.97440738,nb,shoulder,-1
BIBB-CAM-018,32.79962746,-83.72080704,n,9/20/2018,3,Thursday,14:45:22,incident_stopped,2018-09-20_14-45-22_incident_stopped.jpg,nb,123285.3667,-61.20075294,,,-1
N1C06,32.79465366,-83.72010538,n,9/20/2018,3,Thursday,15:12:05,incident_stopped,2018-09-20_15-12-05_incident_stopped_zone_nb-shoulder.jpg,nb,123312.0833,-62.83684554,nb,shoulder,-1
N2C02,32.76990531,-83.71029631,n,9/20/2018,3,Thursday,15:18:41,incident_stopped,2018-09-20_15-18-41_incident_stopped_zone_nb-shoulder.jpg,nb,123318.6833,-71.78891913,nb,shoulder,-1
N1C05,32.78992515,-83.7196095,n,9/20/2018,3,Thursday,15:26:16,incident_stopped,2018-09-20_15-26-16_incident_stopped_zone_nb-shoulder.jpg,nb,123326.2667,-64.37580962,nb,shoulder,-1
N1C05,32.78992515,-83.7196095,n,9/20/2018,3,Thursday,15:42:57,incident_congestion,2018-09-20_15-42-57_incident_congestion_zone_nb-lanes.jpg,nb,123342.95,-64.37580962,nb,lanes,-1
BIBB-CAM-016,32.78992515,-83.7196095,n,9/20/2018,3,Thursday,15:44:21,incident_congestion,2018-09-20_15-44-21_incident_congestion_zone_nb-lanes.jpg,nb,123344.35,-64.37580962,nb,lanes,-1
S2C09,32.81017134,-83.72613824,s,9/20/2018,3,Thursday,15:55:43,incident_congestion,2018-09-20_15-55-43_incident_congestion_zone_nb-lanes.jpg,nb,123355.7167,-57.24864799,nb,lanes,-1
N1C03,32.78071485,-83.71530658,n,9/20/2018,3,Thursday,15:58:31,incident_stopped,2018-09-20_15-58-31_incident_stopped_zone_nb-shoulder.jpg,nb,123358.5167,-67.78810628,nb,shoulder,-1
S1C09,32.81017134,-83.72613824,s,9/20/2018,3,Thursday,16:01:05,incident_stopped,2018-09-20_16-01-05_incident_stopped_zone_nb-shoulder.jpg,nb,123361.0833,-57.24864799,nb,shoulder,-1
S2C12,32.82694969,-83.73158785,s,9/20/2018,3,Thursday,16:10:37,incident_stopped,2018-09-20_16-10-37_incident_stopped_zone_nb-shoulder.jpg,nb,123370.6167,-51.36261191,nb,shoulder,-1
BIBB-CAM-032,32.88240434,-83.7719413,s,9/20/2018,3,Thursday,16:14:21,incident_stopped,2018-09-20_16-14-21_incident_stopped_zone_nb-shoulder.jpg,nb,123374.35,-29.00171497,nb,shoulder,-1
N2C01,32.76613511,-83.71030216,n,9/20/2018,3,Thursday,16:14:31,incident_stopped,2018-09-20_16-14-31_incident_stopped_zone_nb-shoulder.jpg,nb,123374.5167,-72.97440738,nb,shoulder,-1
N1C01,32.76613511,-83.71030216,n,9/20/2018,3,Thursday,16:14:43,incident_stopped,2018-09-20_16-14-43_incident_stopped_zone_nb-shoulder.jpg,nb,123374.7167,-72.97440738,nb,shoulder,-1
BIBB-CAM-023,32.82699902,-83.73109564,n,9/20/2018,3,Thursday,17:35:30,incident_stopped,2018-09-20_17-35-30_incident_stopped_zone_nb-shoulder.jpg,nb,123455.5,-51.41367576,nb,shoulder,-1
S1C12,32.82694969,-83.73158785,s,9/20/2018,3,Thursday,17:35:31,incident_stopped,2018-09-20_17-35-31_incident_stopped_zone_nb-shoulder.jpg,nb,123455.5167,-51.36261191,nb,shoulder,-1
BIBB-CAM-009,32.76613511,-83.71030216,n,9/20/2018,3,Thursday,17:56:42,incident_stopped,2018-09-20_17-56-42_incident_stopped.jpg,nb,123476.7,-72.97440738,,,-1
S2C23,32.8774369,-83.7665846,s,9/20/2018,3,Thursday,18:53:38,incident_stopped,2018-09-20_18-53-38_incident_stopped_zone_far-shoulder.jpg,nb,123533.6333,-31.21570867,far,shoulder,-1
N2C03,32.78071485,-83.71530658,n,9/20/2018,3,Thursday,19:22:14,incident_stopped,2018-09-20_19-22-14_incident_stopped_zone_nb-shoulder.jpg,nb,123562.2333,-67.78810628,nb,shoulder,-1
BIBB-CAM-024,32.8332442,-83.73284142,n,9/21/2018,4,Friday,2:02:51,incident_stopped,2018-09-21_02-02-51_incident_stopped.jpg,nb,123962.85,-49.27056404,,,-1
N2C30,32.90369996,-83.788703,n,9/21/2018,4,Friday,4:54:20,incident_stopped,2018-09-21_04-54-20_incident_stopped_zone_nb-shoulder.jpg,nb,124134.3333,-20.33695357,nb,shoulder,-1
N2C30,32.90369996,-83.788703,n,9/21/2018,4,Friday,6:59:18,incident_stopped,2018-09-21_06-59-18_incident_stopped_zone_nb-shoulder.jpg,nb,124259.3,-20.33695357,nb,shoulder,-1
BIBB-CAM-024,32.8332442,-83.73284142,n,9/21/2018,4,Friday,8:59:10,incident_congestion,2018-09-21_08-59-10_incident_congestion_zone_nb-lanes.jpg,nb,124379.1667,-49.27056404,nb,lanes,-1
BIBB-CAM-024,32.8332442,-83.73284142,n,9/21/2018,4,Friday,9:55:35,incident_stopped,2018-09-21_09-55-35_incident_stopped.jpg,nb,124435.5833,-49.27056404,,,-1
N2C01,32.76613511,-83.71030216,n,9/21/2018,4,Friday,10:07:25,incident_stopped,2018-09-21_10-07-25_incident_stopped_zone_nb-shoulder.jpg,nb,124447.4167,-72.97440738,nb,shoulder,-1
BIBB-CAM-024,32.8332442,-83.73284142,n,9/21/2018,4,Friday,10:20:07,incident_congestion,2018-09-21_10-20-07_incident_congestion_zone_nb-lanes.jpg,nb,124460.1167,-49.27056404,nb,lanes,-1
N1C03,32.78071485,-83.71530658,n,9/21/2018,4,Friday,10:25:32,incident_stopped,2018-09-21_10-25-32_incident_stopped_zone_nb-shoulder.jpg,nb,124465.5333,-67.78810628,nb,shoulder,-1
N2C08,32.81331958,-83.72706597,n,9/21/2018,4,Friday,10:47:57,incident_stopped,2018-09-21_10-47-57_incident_stopped_zone_nb-shoulder.jpg,nb,124487.95,-56.15448649,nb,shoulder,-1
N2C30,32.90369996,-83.788703,n,9/21/2018,4,Friday,11:30:30,incident_stopped,2018-09-21_11-30-30_incident_stopped_zone_nb-shoulder.jpg,nb,124530.5,-20.33695357,nb,shoulder,-1
S2C17,32.84950348,-83.74113514,s,9/21/2018,4,Friday,11:33:49,incident_stopped,2018-09-21_11-33-49_incident_stopped_zone_nb-shoulder.jpg,nb,124533.8167,-43.18705025,nb,shoulder,-1
N2C03,32.78071485,-83.71530658,n,9/21/2018,4,Friday,11:35:36,incident_stopped,2018-09-21_11-35-36_incident_stopped_zone_nb-shoulder.jpg,nb,124535.6,-67.78810628,nb,shoulder,-1
BIBB-CAM-025,32.84057153,-83.73697533,s,9/21/2018,4,Friday,11:39:04,incident_stopped,2018-09-21_11-39-04_incident_stopped_zone_nb-shoulder.jpg,nb,124539.0667,-46.47309774,nb,shoulder,-1
BIBB-CAM-022,32.82254015,-83.73046915,s,9/21/2018,4,Friday,11:47:57,incident_stopped,2018-09-21_11-47-57_incident_stopped_zone_nb-shoulder.jpg,nb,124547.95,-52.86537408,nb,shoulder,-1
S1C15,32.84057153,-83.73697533,s,9/21/2018,4,Friday,11:59:46,incident_stopped,2018-09-21_11-59-46_incident_stopped_zone_nb-shoulder.jpg,nb,124559.7667,-46.47309774,nb,shoulder,-1
S2C33,32.92513731,-83.80220611,s,9/21/2018,4,Friday,12:19:21,incident_stopped,2018-09-21_12-19-21_incident_stopped_zone_nb-shoulder.jpg,nb,124579.35,-12.07189332,nb,shoulder,-1
N2C17,32.84958885,-83.74065988,n,9/21/2018,4,Friday,12:31:45,incident_stopped,2018-09-21_12-31-45_incident_stopped_zone_nb-shoulder.jpg,nb,124591.75,-43.22840936,nb,shoulder,-1
S1C30,32.91200591,-83.79524157,s,9/21/2018,4,Friday,12:38:10,incident_stopped,2018-09-21_12-38-10_incident_stopped_zone_nb-shoulder.jpg,nb,124598.1667,-17.00028257,nb,shoulder,-1
BIBB-CAM-024,32.8332442,-83.73284142,n,9/21/2018,4,Friday,12:40:41,incident_stopped,2018-09-21_12-40-41_incident_stopped.jpg,nb,124600.6833,-49.27056404,,,-1
N2C32,32.91549987,-83.79665373,n,9/21/2018,4,Friday,13:13:13,incident_stopped,2018-09-21_13-13-13_incident_stopped_zone_nb-shoulder.jpg,nb,124633.2167,-15.72572861,nb,shoulder,-1
BIBB-CAM-025,32.84057153,-83.73697533,s,9/21/2018,4,Friday,13:43:54,incident_stopped,2018-09-21_13-43-54_incident_stopped_zone_nb-shoulder.jpg,nb,124663.9,-46.47309774,nb,shoulder,-1
N1C03,32.78071485,-83.71530658,n,9/21/2018,4,Friday,13:59:10,incident_stopped,2018-09-21_13-59-10_incident_stopped_zone_nb-shoulder.jpg,nb,124679.1667,-67.78810628,nb,shoulder,-1
BIBB-CAM-013,32.77567367,-83.7128245,s,9/21/2018,4,Friday,14:03:01,incident_stopped,2018-09-21_14-03-01_incident_stopped_zone_nb-lanes.jpg,nb,124683.0167,-69.6715058,nb,lanes,-1
N1C29,32.89985331,-83.78559794,n,9/21/2018,4,Friday,14:13:41,incident_congestion,2018-09-21_14-13-41_incident_congestion_zone_nb-lanes.jpg,nb,124693.6833,-21.901237,nb,lanes,-1
S1C28,32.90013203,-83.7863588,s,9/21/2018,4,Friday,14:13:42,incident_congestion,2018-09-21_14-13-42_incident_congestion_zone_nb-lanes.jpg,nb,124693.7,-21.73107036,nb,lanes,-1
S1C27,32.89654773,-83.78351592,s,9/21/2018,4,Friday,14:20:32,incident_congestion,2018-09-21_14-20-32_incident_congestion_zone_nb-lanes.jpg,nb,124700.5333,-23.1858178,nb,lanes,-1
BIBB-CAM-034,32.90013203,-83.7863588,s,9/21/2018,4,Friday,14:22:08,incident_congestion,2018-09-21_14-22-08_incident_congestion_zone_nb-lanes.jpg,nb,124702.1333,-21.73107036,nb,lanes,-1
S1C28,32.90013203,-83.7863588,s,9/21/2018,4,Friday,14:24:33,incident_slow,2018-09-21_14-24-33_incident_slow_zone_nb-lanes.jpg,nb,124704.55,-21.73107036,nb,lanes,1
S1C27,32.89654773,-83.78351592,s,9/21/2018,4,Friday,14:25:33,incident_slow,2018-09-21_14-25-33_incident_slow_zone_nb-lanes.jpg,nb,124705.55,-23.1858178,nb,lanes,1
S2C27,32.89654773,-83.78351592,s,9/21/2018,4,Friday,14:27:32,incident_congestion,2018-09-21_14-27-32_incident_congestion_zone_nb-lanes.jpg,nb,124707.5333,-23.1858178,nb,lanes,1
N1C28,32.89668342,-83.78307091,n,9/21/2018,4,Friday,14:27:47,incident_congestion,2018-09-21_14-27-47_incident_congestion_zone_nb-lanes.jpg,nb,124707.7833,-23.1910345,nb,lanes,1
S1C28,32.90013203,-83.7863588,s,9/21/2018,4,Friday,14:28:41,incident_stopped,2018-09-21_14-28-41_incident_stopped_zone_nb-shoulder.jpg,nb,124708.6833,-21.73107036,nb,shoulder,1
S1C27,32.89654773,-83.78351592,s,9/21/2018,4,Friday,14:28:45,incident_stopped,2018-09-21_14-28-45_incident_stopped_zone_nb-shoulder.jpg,nb,124708.75,-23.1858178,nb,shoulder,1
N1C28,32.89668342,-83.78307091,n,9/21/2018,4,Friday,14:30:33,incident_slow,2018-09-21_14-30-33_incident_slow_zone_nb-lanes.jpg,nb,124710.55,-23.1910345,nb,lanes,1
BIBB-CAM-033,32.89075559,-83.77887713,s,9/21/2018,4,Friday,14:31:18,incident_congestion,2018-09-21_14-31-18_incident_congestion_zone_nb-lanes.jpg,nb,124711.3,-25.54978527,nb,lanes,1
BIBB-CAM-034,32.90013203,-83.7863588,s,9/21/2018,4,Friday,14:34:34,incident_slow,2018-09-21_14-34-34_incident_slow_zone_nb-lanes.jpg,nb,124714.5667,-21.73107036,nb,lanes,-1
BIBB-CAM-024,32.8332442,-83.73284142,n,9/21/2018,4,Friday,14:50:34,incident_congestion,2018-09-21_14-50-34_incident_congestion_zone_nb-lanes.jpg,nb,124730.5667,-49.27056404,nb,lanes,-1
BIBB-CAM-024,32.8332442,-83.73284142,n,9/21/2018,4,Friday,15:04:09,incident_stopped,2018-09-21_15-04-09_incident_stopped.jpg,nb,124744.15,-49.27056404,,,-1
S2C04,32.78488999,-83.71869237,s,9/21/2018,4,Friday,15:17:55,incident_stopped,2018-09-21_15-17-55_incident_stopped_zone_nb-lanes.jpg,nb,124757.9167,-66.06682308,nb,lanes,-1
N2C26,32.88798194,-83.77607704,n,9/21/2018,4,Friday,15:37:25,incident_stopped,2018-09-21_15-37-25_incident_stopped_zone_nb-shoulder.jpg,nb,124777.4167,-26.75233619,nb,shoulder,-1
S1C30,32.91200591,-83.79524157,s,9/21/2018,4,Friday,15:38:19,incident_stopped,2018-09-21_15-38-19_incident_stopped_zone_nb-lanes.jpg,nb,124778.3167,-17.00028257,nb,lanes,-1
N2C03,32.78071485,-83.71530658,n,9/21/2018,4,Friday,15:44:22,incident_stopped,2018-09-21_15-44-22_incident_stopped_zone_nb-shoulder.jpg,nb,124784.3667,-67.78810628,nb,shoulder,-1
N2C06,32.79465366,-83.72010538,n,9/21/2018,4,Friday,15:51:18,incident_stopped,2018-09-21_15-51-18_incident_stopped_zone_nb-shoulder.jpg,nb,124791.3,-62.83684554,nb,shoulder,-1
S1C09,32.81017134,-83.72613824,s,9/21/2018,4,Friday,15:55:42,incident_stopped,2018-09-21_15-55-42_incident_stopped_zone_nb-shoulder.jpg,nb,124795.7,-57.24864799,nb,shoulder,-1
S2C10,32.81305818,-83.72759727,s,9/21/2018,4,Friday,15:55:49,incident_stopped,2018-09-21_15-55-49_incident_stopped_zone_far-shoulder.jpg,nb,124795.8167,-56.16682713,far,shoulder,-1
N2C39,32.95177015,-83.81217745,n,9/21/2018,4,Friday,15:58:28,incident_stopped,2018-09-21_15-58-28_incident_stopped_zone_near-shoulder.jpg,nb,124798.4667,-2.4510298,near,shoulder,-1
S3C23,32.8774369,-83.7665846,s,9/21/2018,4,Friday,16:04:18,incident_stopped,2018-09-21_16-04-18_incident_stopped_zone_nb-shoulder.jpg,nb,124804.3,-31.21570867,nb,shoulder,-1
N2C23,32.87756847,-83.76599732,n,9/21/2018,4,Friday,16:04:20,incident_stopped,2018-09-21_16-04-20_incident_stopped_zone_nb-shoulder.jpg,nb,124804.3333,-31.24939169,nb,shoulder,-1
N1C27,32.89097522,-83.77848725,n,9/21/2018,4,Friday,16:07:32,incident_stopped,2018-09-21_16-07-32_incident_stopped_zone_nb-shoulder.jpg,nb,124807.5333,-25.52467894,nb,shoulder,-1
BIBB-CAM-030,32.86987654,-83.75830175,s,9/21/2018,4,Friday,16:12:49,incident_stopped,2018-09-21_16-12-49_incident_stopped_zone_far-shoulder.jpg,nb,124812.8167,-34.62822647,far,shoulder,-1
BIBB-CAM-024,32.8332442,-83.73284142,n,9/21/2018,4,Friday,17:08:01,incident_stopped,2018-09-21_17-08-01_incident_stopped.jpg,nb,124868.0167,-49.27056404,,,-1
N2C01,32.76613511,-83.71030216,n,9/21/2018,4,Friday,17:22:09,incident_stopped,2018-09-21_17-22-09_incident_stopped_zone_nb-shoulder.jpg,nb,124882.15,-72.97440738,nb,shoulder,-1
BIBB-CAM-016,32.78992515,-83.7196095,n,9/21/2018,4,Friday,18:08:47,incident_stopped,2018-09-21_18-08-47_incident_stopped_zone_nb-shoulder.jpg,nb,124928.7833,-64.37580962,nb,shoulder,-1
N2C11,32.82699902,-83.73109564,n,9/21/2018,4,Friday,19:03:25,incident_stopped,2018-09-21_19-03-25_incident_stopped_zone_near-shoulder.jpg,nb,124983.4167,-51.41367576,near,shoulder,-1
BIBB-CAM-027,32.85953942,-83.7465392,n,9/21/2018,4,Friday,19:05:02,incident_stopped,2018-09-21_19-05-02_incident_stopped_zone_nb-shoulder.jpg,nb,124985.0333,-39.39570165,nb,shoulder,-1
N2C03,32.78071485,-83.71530658,n,9/21/2018,4,Friday,19:16:14,incident_stopped,2018-09-21_19-16-14_incident_stopped_zone_nb-shoulder.jpg,nb,124996.2333,-67.78810628,nb,shoulder,-1
S1C09,32.81017134,-83.72613824,s,9/21/2018,4,Friday,19:33:09,incident_stopped,2018-09-21_19-33-09_incident_stopped_zone_nb-shoulder.jpg,nb,125013.15,-57.24864799,nb,shoulder,-1
N1C07,32.80647151,-83.72379194,n,9/21/2018,4,Friday,21:31:05,incident_stopped,2018-09-21_21-31-05_incident_stopped_zone_ramp-shoulder.jpg,nb,125131.0833,-58.69634095,ramp,shoulder,-1
S2C08,32.80622138,-83.72432815,s,9/21/2018,4,Friday,21:44:59,incident_stopped,2018-09-21_21-44-59_incident_stopped_zone_nb-shoulder.jpg,nb,125144.9833,-58.705165,nb,shoulder,-1
N2C33,32.92077604,-83.79943309,n,9/22/2018,5,Saturday,1:27:03,incident_stopped,2018-09-22_01-27-03_incident_stopped_zone_nb-shoulder.jpg,nb,125367.05,-13.74452878,nb,shoulder,-1
N2C03,32.78071485,-83.71530658,n,9/22/2018,5,Saturday,1:35:18,incident_stopped,2018-09-22_01-35-18_incident_stopped_zone_nb-shoulder.jpg,nb,125375.3,-67.78810628,nb,shoulder,-1
N2C03,32.78071485,-83.71530658,n,9/22/2018,5,Saturday,4:40:41,incident_stopped,2018-09-22_04-40-41_incident_stopped_zone_nb-shoulder.jpg,nb,125560.6833,-67.78810628,nb,shoulder,-1
N3C02,32.76990531,-83.71029631,n,9/22/2018,5,Saturday,7:23:06,incident_stopped,2018-09-22_07-23-06_incident_stopped_zone_nb-shoulder.jpg,nb,125723.1,-71.78891913,nb,shoulder,-1
N2C01,32.76613511,-83.71030216,n,9/22/2018,5,Saturday,8:19:50,incident_stopped,2018-09-22_08-19-50_incident_stopped_zone_nb-shoulder.jpg,nb,125779.8333,-72.97440738,nb,shoulder,-1
S2C18,32.85465632,-83.74348346,s,9/22/2018,5,Saturday,8:41:27,incident_stopped,2018-09-22_08-41-27_incident_stopped_zone_nb-shoulder.jpg,nb,125801.45,-41.30069476,nb,shoulder,-1
BIBB-CAM-024,32.8332442,-83.73284142,n,9/22/2018,5,Saturday,9:37:20,incident_stopped,2018-09-22_09-37-20_incident_stopped.jpg,nb,125857.3333,-49.27056404,,,-1
BIBB-CAM-022,32.82254015,-83.73046915,s,9/22/2018,5,Saturday,11:17:21,incident_stopped,2018-09-22_11-17-21_incident_stopped_zone_nb-shoulder.jpg,nb,125957.35,-52.86537408,nb,shoulder,-1
N2C03,32.78071485,-83.71530658,n,9/22/2018,5,Saturday,11:55:25,incident_stopped,2018-09-22_11-55-25_incident_stopped_zone_nb-shoulder.jpg,nb,125995.4167,-67.78810628,nb,shoulder,-1
S3C03,32.78046082,-83.71590778,s,9/22/2018,5,Saturday,11:55:31,incident_stopped,2018-09-22_11-55-31_incident_stopped_zone_nb-shoulder.jpg,nb,125995.5167,-67.79477411,nb,shoulder,-1
BIBB-CAM-023,32.82699902,-83.73109564,n,9/22/2018,5,Saturday,12:22:39,incident_stopped,2018-09-22_12-22-39_incident_stopped_zone_nb-shoulder.jpg,nb,126022.65,-51.41367576,nb,shoulder,-1
N1C07,32.80647151,-83.72379194,n,9/22/2018,5,Saturday,12:22:56,incident_stopped,2018-09-22_12-22-56_incident_stopped_zone_ramp-shoulder.jpg,nb,126022.9333,-58.69634095,ramp,shoulder,-1
S1C12,32.82694969,-83.73158785,s,9/22/2018,5,Saturday,12:26:02,incident_stopped,2018-09-22_12-26-02_incident_stopped_zone_nb-shoulder.jpg,nb,126026.0333,-51.36261191,nb,shoulder,-1
BIBB-CAM-027,32.85953942,-83.7465392,n,9/22/2018,5,Saturday,13:25:25,incident_stopped,2018-09-22_13-25-25_incident_stopped_zone_nb-shoulder.jpg,nb,126085.4167,-39.39570165,nb,shoulder,-1
S2C18,32.85465632,-83.74348346,s,9/22/2018,5,Saturday,13:53:01,incident_stopped,2018-09-22_13-53-01_incident_stopped_zone_nb-shoulder.jpg,nb,126113.0167,-41.30069476,nb,shoulder,-1
N1C16,32.84577945,-83.73888874,n,9/22/2018,5,Saturday,13:58:58,incident_stopped,2018-09-22_13-58-58_incident_stopped_zone_near-shoulder.jpg,nb,126118.9667,-44.6283787,near,shoulder,-1
N2C01,32.76613511,-83.71030216,n,9/22/2018,5,Saturday,14:12:16,incident_stopped,2018-09-22_14-12-16_incident_stopped_zone_nb-shoulder.jpg,nb,126132.2667,-72.97440738,nb,shoulder,-1
N2C41,32.7558,-83.709193,n,9/22/2018,5,Saturday,14:14:50,incident_stopped,2018-09-22_14-14-50_incident_stopped_zone_near-shoulder.jpg,nb,126134.8333,-76.37247586,near,shoulder,-1
N1C01,32.76613511,-83.71030216,n,9/22/2018,5,Saturday,14:41:59,incident_stopped,2018-09-22_14-41-59_incident_stopped_zone_nb-shoulder.jpg,nb,126161.9833,-72.97440738,nb,shoulder,-1
N1C13,32.8332442,-83.73284142,n,9/22/2018,5,Saturday,15:07:41,incident_stopped,2018-09-22_15-07-41_incident_stopped_zone_nb-shoulder.jpg,nb,126187.6833,-49.27056404,nb,shoulder,-1
N2C03,32.78071485,-83.71530658,n,9/22/2018,5,Saturday,15:32:29,incident_stopped,2018-09-22_15-32-29_incident_stopped_zone_nb-shoulder.jpg,nb,126212.4833,-67.78810628,nb,shoulder,-1
BIBB-CAM-014,32.7850913,-83.71806273,n,9/22/2018,5,Saturday,16:21:15,incident_stopped,2018-09-22_16-21-15_incident_stopped_zone_nb-shoulder.jpg,nb,126261.25,-66.07987571,nb,shoulder,-1
S1C32,32.92026721,-83.79963273,s,9/22/2018,5,Saturday,17:10:03,incident_stopped,2018-09-22_17-10-03_incident_stopped_zone_nb-shoulder.jpg,nb,126310.05,-13.89579256,nb,shoulder,-1
N2C03,32.78071485,-83.71530658,n,9/22/2018,5,Saturday,17:36:34,incident_stopped,2018-09-22_17-36-34_incident_stopped_zone_nb-shoulder.jpg,nb,126336.5667,-67.78810628,nb,shoulder,-1
N2C01,32.76613511,-83.71030216,n,9/22/2018,5,Saturday,17:40:19,incident_stopped,2018-09-22_17-40-19_incident_stopped_zone_nb-shoulder.jpg,nb,126340.3167,-72.97440738,nb,shoulder,-1
N1C03,32.78071485,-83.71530658,n,9/22/2018,5,Saturday,19:11:08,incident_stopped,2018-09-22_19-11-08_incident_stopped_zone_nb-shoulder.jpg,nb,126431.1333,-67.78810628,nb,shoulder,-1
N1C01,32.76613511,-83.71030216,n,9/22/2018,5,Saturday,19:22:40,incident_stopped,2018-09-22_19-22-40_incident_stopped_zone_nb-shoulder.jpg,nb,126442.6667,-72.97440738,nb,shoulder,-1
N2C17,32.84958885,-83.74065988,n,9/22/2018,5,Saturday,22:55:03,incident_stopped,2018-09-22_22-55-03_incident_stopped_zone_nb-shoulder.jpg,nb,126655.05,-43.22840936,nb,shoulder,-1
N2C33,32.92077604,-83.79943309,n,9/23/2018,6,Sunday,3:39:49,incident_stopped,2018-09-23_03-39-49_incident_stopped_zone_nb-shoulder.jpg,nb,126939.8167,-13.74452878,nb,shoulder,-1
N1C12,32.83181185,-83.73251121,n,9/23/2018,6,Sunday,6:15:57,incident_stopped,2018-09-23_06-15-57_incident_stopped_zone_ramp-lanes.jpg,nb,127095.95,-49.75191444,ramp,lanes,-1
N2C39,32.95177015,-83.81217745,n,9/23/2018,6,Sunday,6:19:57,incident_stopped,2018-09-23_06-19-57_incident_stopped_zone_near-shoulder.jpg,nb,127099.95,-2.4510298,near,shoulder,-1
S2C38,32.95157525,-83.81265346,s,9/23/2018,6,Sunday,6:20:00,incident_stopped,2018-09-23_06-20-00_incident_stopped_zone_north-shoulder.jpg,nb,127100,-2.501382112,north,shoulder,-1
N1C01,32.76613511,-83.71030216,n,9/23/2018,6,Sunday,8:26:03,incident_stopped,2018-09-23_08-26-03_incident_stopped_zone_nb-shoulder.jpg,nb,127226.05,-72.97440738,nb,shoulder,-1
N2C03,32.78071485,-83.71530658,n,9/23/2018,6,Sunday,8:42:01,incident_stopped,2018-09-23_08-42-01_incident_stopped_zone_nb-shoulder.jpg,nb,127242.0167,-67.78810628,nb,shoulder,-1
N2C01,32.76613511,-83.71030216,n,9/23/2018,6,Sunday,9:14:19,incident_stopped,2018-09-23_09-14-19_incident_stopped_zone_nb-shoulder.jpg,nb,127274.3167,-72.97440738,nb,shoulder,-1
S2C09,32.81017134,-83.72613824,s,9/23/2018,6,Sunday,9:19:47,incident_stopped,2018-09-23_09-19-47_incident_stopped_zone_nb-shoulder.jpg,nb,127279.7833,-57.24864799,nb,shoulder,-1
N2C26,32.88798194,-83.77607704,n,9/23/2018,6,Sunday,9:29:23,incident_stopped,2018-09-23_09-29-23_incident_stopped_zone_nb-shoulder.jpg,nb,127289.3833,-26.75233619,nb,shoulder,-1
N2C03,32.78071485,-83.71530658,n,9/23/2018,6,Sunday,10:22:08,incident_stopped,2018-09-23_10-22-08_incident_stopped_zone_nb-shoulder.jpg,nb,127342.1333,-67.78810628,nb,shoulder,-1
S1C16,32.84561646,-83.73933607,s,9/23/2018,6,Sunday,10:58:49,incident_stopped,2018-09-23_10-58-49_incident_stopped_zone_nb-shoulder.jpg,nb,127378.8167,-44.61500342,nb,shoulder,-1
N2C01,32.76613511,-83.71030216,n,9/23/2018,6,Sunday,11:57:33,incident_stopped,2018-09-23_11-57-33_incident_stopped_zone_nb-shoulder.jpg,nb,127437.55,-72.97440738,nb,shoulder,-1
N1C01,32.76613511,-83.71030216,n,9/23/2018,6,Sunday,11:57:37,incident_stopped,2018-09-23_11-57-37_incident_stopped_zone_nb-shoulder.jpg,nb,127437.6167,-72.97440738,nb,shoulder,-1
N1C36,32.93748827,-83.80825819,n,9/23/2018,6,Sunday,12:25:12,incident_stopped,2018-09-23_12-25-12_incident_stopped_zone_nb-shoulder.jpg,nb,127465.2,-7.509238214,nb,shoulder,-1
S3C03,32.78046082,-83.71590778,s,9/23/2018,6,Sunday,12:37:51,incident_stopped,2018-09-23_12-37-51_incident_stopped_zone_nb-shoulder.jpg,nb,127477.85,-67.79477411,nb,shoulder,-1
N2C03,32.78071485,-83.71530658,n,9/23/2018,6,Sunday,12:37:53,incident_stopped,2018-09-23_12-37-53_incident_stopped_zone_nb-shoulder.jpg,nb,127477.8833,-67.78810628,nb,shoulder,-1
BIBB-CAM-009,32.76613511,-83.71030216,n,9/23/2018,6,Sunday,12:57:55,incident_stopped,2018-09-23_12-57-55_incident_stopped.jpg,nb,127497.9167,-72.97440738,,,-1
BIBB-CAM-030,32.86987654,-83.75830175,s,9/23/2018,6,Sunday,13:40:04,incident_stopped,2018-09-23_13-40-04_incident_stopped_zone_far-shoulder.jpg,nb,127540.0667,-34.62822647,far,shoulder,-1
S1C28,32.90013203,-83.7863588,s,9/23/2018,6,Sunday,13:44:30,incident_stopped,2018-09-23_13-44-30_incident_stopped_zone_nb-shoulder.jpg,nb,127544.5,-21.73107036,nb,shoulder,-1
N1C17,32.84958885,-83.74065988,n,9/23/2018,6,Sunday,14:35:59,incident_stopped,2018-09-23_14-35-59_incident_stopped_zone_nb-shoulder.jpg,nb,127595.9833,-43.22840936,nb,shoulder,-1
N2C01,32.76613511,-83.71030216,n,9/23/2018,6,Sunday,15:12:12,incident_stopped,2018-09-23_15-12-12_incident_stopped_zone_nb-shoulder.jpg,nb,127632.2,-72.97440738,nb,shoulder,-1
N2C03,32.78071485,-83.71530658,n,9/23/2018,6,Sunday,15:22:06,incident_stopped,2018-09-23_15-22-06_incident_stopped_zone_nb-shoulder.jpg,nb,127642.1,-67.78810628,nb,shoulder,-1
S3C03,32.78046082,-83.71590778,s,9/23/2018,6,Sunday,15:22:08,incident_stopped,2018-09-23_15-22-08_incident_stopped_zone_nb-shoulder.jpg,nb,127642.1333,-67.79477411,nb,shoulder,-1
N1C17,32.84958885,-83.74065988,n,9/23/2018,6,Sunday,16:12:59,incident_stopped,2018-09-23_16-12-59_incident_stopped_zone_nb-shoulder.jpg,nb,127692.9833,-43.22840936,nb,shoulder,-1
N1C21,32.86981764,-83.75767111,n,9/23/2018,6,Sunday,16:49:17,incident_stopped,2018-09-23_16-49-17_incident_stopped_zone_nb-shoulder.jpg,nb,127729.2833,-34.7310666,nb,shoulder,-1
BIBB-CAM-032,32.88240434,-83.7719413,s,9/23/2018,6,Sunday,18:24:52,incident_stopped,2018-09-23_18-24-52_incident_stopped_zone_nb-shoulder.jpg,nb,127824.8667,-29.00171497,nb,shoulder,-1
S2C09,32.81017134,-83.72613824,s,9/23/2018,6,Sunday,21:42:21,incident_stopped,2018-09-23_21-42-21_incident_stopped_zone_nb-shoulder.jpg,nb,128022.35,-57.24864799,nb,shoulder,-1
N2C01,32.76613511,-83.71030216,n,9/23/2018,6,Sunday,23:26:15,incident_stopped,2018-09-23_23-26-15_incident_stopped_zone_nb-shoulder.jpg,nb,128126.25,-72.97440738,nb,shoulder,-1
S1C20,32.86504559,-83.75232959,s,9/24/2018,0,Monday,2:07:22,incident_stopped,2018-09-24_02-07-22_incident_stopped_zone_far-shoulder.jpg,nb,128287.3667,-36.91653912,far,shoulder,-1
N3C02,32.76990531,-83.71029631,n,9/24/2018,0,Monday,2:42:30,incident_stopped,2018-09-24_02-42-30_incident_stopped_zone_nb-shoulder.jpg,nb,128322.5,-71.78891913,nb,shoulder,-1
N1C01,32.76613511,-83.71030216,n,9/24/2018,0,Monday,7:04:38,incident_stopped,2018-09-24_07-04-38_incident_stopped_zone_nb-shoulder.jpg,nb,128584.6333,-72.97440738,nb,shoulder,-1
BIBB-CAM-024,32.8332442,-83.73284142,n,9/24/2018,0,Monday,7:41:55,incident_stopped,2018-09-24_07-41-55_incident_stopped.jpg,nb,128621.9167,-49.27056404,,,-1
BIBB-CAM-024,32.8332442,-83.73284142,n,9/24/2018,0,Monday,7:53:13,incident_congestion,2018-09-24_07-53-13_incident_congestion_zone_nb-lanes.jpg,nb,128633.2167,-49.27056404,nb,lanes,-1
N1C07,32.80647151,-83.72379194,n,9/24/2018,0,Monday,8:43:59,incident_stopped,2018-09-24_08-43-59_incident_stopped_zone_ramp-shoulder.jpg,nb,128683.9833,-58.69634095,ramp,shoulder,-1
N1C20,32.86504559,-83.75232959,n,9/24/2018,0,Monday,8:47:07,incident_stopped,2018-09-24_08-47-07_incident_stopped_zone_nb-shoulder.jpg,nb,128687.1167,-36.91653912,nb,shoulder,-1
N2C03,32.78071485,-83.71530658,n,9/24/2018,0,Monday,8:58:10,incident_stopped,2018-09-24_08-58-10_incident_stopped_zone_nb-shoulder.jpg,nb,128698.1667,-67.78810628,nb,shoulder,-1
S3C03,32.78046082,-83.71590778,s,9/24/2018,0,Monday,8:58:12,incident_stopped,2018-09-24_08-58-12_incident_stopped_zone_nb-shoulder.jpg,nb,128698.2,-67.79477411,nb,shoulder,-1
N2C01,32.76613511,-83.71030216,n,9/24/2018,0,Monday,9:16:39,incident_stopped,2018-09-24_09-16-39_incident_stopped_zone_nb-shoulder.jpg,nb,128716.65,-72.97440738,nb,shoulder,-1
N1C01,32.76613511,-83.71030216,n,9/24/2018,0,Monday,9:16:40,incident_stopped,2018-09-24_09-16-40_incident_stopped_zone_nb-shoulder.jpg,nb,128716.6667,-72.97440738,nb,shoulder,-1
S1C30,32.91200591,-83.79524157,s,9/24/2018,0,Monday,10:59:31,incident_stopped,2018-09-24_10-59-31_incident_stopped_zone_nb-shoulder.jpg,nb,128819.5167,-17.00028257,nb,shoulder,-1
N1C03,32.78071485,-83.71530658,n,9/24/2018,0,Monday,11:23:16,incident_stopped,2018-09-24_11-23-16_incident_stopped_ns-z1.jpg,nb,128843.2667,-67.78810628,ns,z1,-1
BIBB-CAM-018,32.79962746,-83.72080704,n,9/24/2018,0,Monday,11:52:07,incident_stopped,2018-09-24_11-52-07_incident_stopped.jpg,nb,128872.1167,-61.20075294,,,-1
N1C16,32.84577945,-83.73888874,n,9/24/2018,0,Monday,12:02:14,incident_stopped,2018-09-24_12-02-14_incident_stopped_ns-z1.jpg,nb,128882.2333,-44.6283787,ns,z1,-1
BIBB-CAM-030,32.86987654,-83.75830175,s,9/24/2018,0,Monday,12:13:09,incident_stopped,2018-09-24_12-13-09_incident_stopped_zone_far-shoulder.jpg,nb,128893.15,-34.62822647,far,shoulder,-1
N2C17,32.84958885,-83.74065988,n,9/24/2018,0,Monday,12:16:16,incident_stopped,2018-09-24_12-16-16_incident_stopped_ns-z1.jpg,nb,128896.2667,-43.22840936,ns,z1,-1
N2C03,32.78071485,-83.71530658,n,9/24/2018,0,Monday,12:33:55,incident_stopped,2018-09-24_12-33-55_incident_stopped_ns-z1.jpg,nb,128913.9167,-67.78810628,ns,z1,-1
N1C29,32.89985331,-83.78559794,n,9/24/2018,0,Monday,13:02:18,incident_stopped,2018-09-24_13-02-18_incident_stopped_ns-z2.jpg,nb,128942.3,-21.901237,ns,z2,-1
N2C01,32.76613511,-83.71030216,n,9/24/2018,0,Monday,13:26:54,incident_stopped,2018-09-24_13-26-54_incident_stopped_ns-z1.jpg,nb,128966.9,-72.97440738,ns,z1,-1
BIBB-CAM-019,32.80622138,-83.72432815,s,9/24/2018,0,Monday,14:05:53,incident_stopped,2018-09-24_14-05-53_incident_stopped_fs-z3.jpg,nb,129005.8833,-58.705165,fs,z3,-1
S1C28,32.90013203,-83.7863588,s,9/24/2018,0,Monday,14:55:29,incident_stopped,2018-09-24_14-55-29_incident_stopped_fs-z3.jpg,nb,129055.4833,-21.73107036,fs,z3,-1
S1C27,32.89654773,-83.78351592,s,9/24/2018,0,Monday,14:55:34,incident_stopped,2018-09-24_14-55-34_incident_stopped_fs-z3.jpg,nb,129055.5667,-23.1858178,fs,z3,-1
N1C25,32.88361771,-83.77234944,n,9/24/2018,0,Monday,14:58:24,incident_stopped,2018-09-24_14-58-24_incident_stopped_ns-z3.jpg,nb,129058.4,-28.57124979,ns,z3,-1
BIBB-CAM-024,32.8332442,-83.73284142,n,9/24/2018,0,Monday,15:00:37,incident_stopped,2018-09-24_15-00-37_incident_stopped.jpg,nb,129060.6167,-49.27056404,,,-1
N1C06,32.79465366,-83.72010538,n,9/24/2018,0,Monday,15:14:52,incident_stopped,2018-09-24_15-14-52_incident_stopped_ns-z1.jpg,nb,129074.8667,-62.83684554,ns,z1,-1
N3C38,32.94876151,-83.81228301,n,9/24/2018,0,Monday,15:16:12,incident_stopped,2018-09-24_15-16-12_incident_stopped_ns-z1.jpg,nb,129076.2,-3.479229064,ns,z1,-1
N2C01,32.76613511,-83.71030216,n,9/24/2018,0,Monday,16:13:44,incident_stopped,2018-09-24_16-13-44_incident_stopped_ns-z1.jpg,nb,129133.7333,-72.97440738,ns,z1,-1
N2C03,32.78071485,-83.71530658,n,9/24/2018,0,Monday,16:31:17,incident_stopped,2018-09-24_16-31-17_incident_stopped_ns-z1.jpg,nb,129151.2833,-67.78810628,ns,z1,-1
N1C40,32.751099,-83.713281,n,9/24/2018,0,Monday,16:49:26,incident_stopped,2018-09-24_16-49-26_incident_stopped_ns-z1.jpg,nb,129169.4333,-77.41345723,ns,z1,-1
N1C31,32.90737428,-83.79168212,n,9/24/2018,0,Monday,16:51:49,incident_stopped,2018-09-24_16-51-49_incident_stopped_ns-z1.jpg,nb,129171.8167,-18.84792303,ns,z1,-1
BIBB-CAM-028,32.86504559,-83.75232959,n,9/24/2018,0,Monday,16:59:23,incident_stopped,2018-09-24_16-59-23_incident_stopped_ns-z1.jpg,nb,129179.3833,-36.91653912,ns,z1,-1
S2C22,32.87291783,-83.76154621,s,9/24/2018,0,Monday,17:00:56,incident_stopped,2018-09-24_17-00-56_incident_stopped_fs-z3.jpg,nb,129180.9333,-33.26350279,fs,z3,-1
N2C40,32.751099,-83.713281,n,9/24/2018,0,Monday,17:05:33,incident_stopped,2018-09-24_17-05-33_incident_stopped_ns-z1.jpg,nb,129185.55,-77.41345723,ns,z1,-1
BIBB-CAM-024,32.8332442,-83.73284142,n,9/24/2018,0,Monday,17:06:04,incident_stopped,2018-09-24_17-06-04_incident_stopped.jpg,nb,129186.0667,-49.27056404,,,-1
N1C06,32.79465366,-83.72010538,n,9/24/2018,0,Monday,17:18:11,incident_stopped,2018-09-24_17-18-11_incident_stopped_ns-z3.jpg,nb,129198.1833,-62.83684554,ns,z3,-1
N1C05,32.78992515,-83.7196095,n,9/24/2018,0,Monday,17:18:12,incident_stopped,2018-09-24_17-18-12_incident_stopped_ns-z3.jpg,nb,129198.2,-64.37580962,ns,z3,-1
BIBB-CAM-026,32.84958885,-83.74065988,n,9/24/2018,0,Monday,17:28:42,incident_stopped,2018-09-24_17-28-42_incident_stopped_ns-z3.jpg,nb,129208.7,-43.22840936,ns,z3,-1
S2C17,32.84950348,-83.74113514,s,9/24/2018,0,Monday,17:30:38,incident_stopped,2018-09-24_17-30-38_incident_stopped_fs-z1.jpg,nb,129210.6333,-43.18705025,fs,z1,-1
N2C17,32.84958885,-83.74065988,n,9/24/2018,0,Monday,17:30:38,incident_stopped,2018-09-24_17-30-38_incident_stopped_ns-z3.jpg,nb,129210.6333,-43.22840936,ns,z3,-1
N2C32,32.91549987,-83.79665373,n,9/24/2018,0,Monday,17:31:06,incident_stopped,2018-09-24_17-31-06_incident_stopped_ns-z2.jpg,nb,129211.1,-15.72572861,ns,z2,-1
N2C18,32.85482929,-83.74306675,n,9/24/2018,0,Monday,17:31:52,incident_stopped,2018-09-24_17-31-52_incident_stopped_ns-z3.jpg,nb,129211.8667,-41.30822943,ns,z3,-1
S2C18,32.85465632,-83.74348346,s,9/24/2018,0,Monday,17:31:55,incident_stopped,2018-09-24_17-31-55_incident_stopped_fs-z2.jpg,nb,129211.9167,-41.30069476,fs,z2,-1
S3C23,32.8774369,-83.7665846,s,9/24/2018,0,Monday,17:38:09,incident_stopped,2018-09-24_17-38-09_incident_stopped_fs-z2.jpg,nb,129218.15,-31.21570867,fs,z2,-1
N2C03,32.78071485,-83.71530658,n,9/24/2018,0,Monday,18:07:19,incident_stopped,2018-09-24_18-07-19_incident_stopped_ns-z1.jpg,nb,129247.3167,-67.78810628,ns,z1,-1
S2C10,32.81305818,-83.72759727,s,9/24/2018,0,Monday,18:19:47,incident_wrong-way,2018-09-24_18-19-47_incident_wrong-way_fs-z2.jpg,nb,129259.7833,-56.16682713,fs,z2,-1
S2C13,32.831725,-83.73297366,s,9/24/2018,0,Monday,18:20:26,incident_wrong-way,2018-09-24_18-20-26_incident_wrong-way_fs-z2.jpg,nb,129260.4333,-49.71525632,fs,z2,-1
S2C09,32.81017134,-83.72613824,s,9/24/2018,0,Monday,18:29:31,incident_wrong-way,2018-09-24_18-29-31_incident_wrong-way_fs-z2.jpg,nb,129269.5167,-57.24864799,fs,z2,-1
N1C18,32.85482929,-83.74306675,n,9/24/2018,0,Monday,18:36:22,incident_stopped,2018-09-24_18-36-22_incident_stopped_ns-z2.jpg,nb,129276.3667,-41.30822943,ns,z2,-1
N1C21,32.86981764,-83.75767111,n,9/24/2018,0,Monday,19:59:50,incident_stopped,2018-09-24_19-59-50_incident_stopped_ns-z1.jpg,nb,129359.8333,-34.7310666,ns,z1,-1
N1C02,32.76990531,-83.71029631,n,9/24/2018,0,Monday,20:14:21,incident_wrong-way,2018-09-24_20-14-21_incident_wrong-way_ns-z2.jpg,nb,129374.35,-71.78891913,ns,z2,-1
N1C02,32.76990531,-83.71029631,n,9/24/2018,0,Monday,22:03:12,incident_wrong-way,2018-09-24_22-03-12_incident_wrong-way_ns-z2.jpg,nb,129483.2,-71.78891913,ns,z2,-1
N1C02,32.76990531,-83.71029631,n,9/24/2018,0,Monday,23:33:27,incident_wrong-way,2018-09-24_23-33-27_incident_wrong-way_ns-z2.jpg,nb,129573.45,-71.78891913,ns,z2,-1
N2C22,32.87317142,-83.76128066,n,9/25/2018,1,Tuesday,1:09:43,incident_stopped,2018-09-25_01-09-43_incident_stopped_ns-z1.jpg,nb,129669.7167,-33.22037987,ns,z1,-1
N1C02,32.76990531,-83.71029631,n,9/25/2018,1,Tuesday,1:14:48,incident_wrong-way,2018-09-25_01-14-48_incident_wrong-way_ns-z2.jpg,nb,129674.8,-71.78891913,ns,z2,-1
BIBB-CAM-024,32.8332442,-83.73284142,n,9/25/2018,1,Tuesday,1:55:27,incident_stopped,2018-09-25_01-55-27_incident_stopped.jpg,nb,129715.45,-49.27056404,,,-1
N1C02,32.76990531,-83.71029631,n,9/25/2018,1,Tuesday,2:54:45,incident_wrong-way,2018-09-25_02-54-45_incident_wrong-way_ns-z2.jpg,nb,129774.75,-71.78891913,ns,z2,-1
N1C21,32.86981764,-83.75767111,n,9/25/2018,1,Tuesday,3:17:29,incident_stopped,2018-09-25_03-17-29_incident_stopped_ns-z1.jpg,nb,129797.4833,-34.7310666,ns,z1,-1
S1C21,32.86987654,-83.75830175,s,9/25/2018,1,Tuesday,3:17:30,incident_stopped,2018-09-25_03-17-30_incident_stopped_fs-z3.jpg,nb,129797.5,-34.62822647,fs,z3,-1
N1C02,32.76990531,-83.71029631,n,9/25/2018,1,Tuesday,4:34:50,incident_wrong-way,2018-09-25_04-34-50_incident_wrong-way_ns-z2.jpg,nb,129874.8333,-71.78891913,ns,z2,-1
N2C26,32.88798194,-83.77607704,n,9/25/2018,1,Tuesday,5:57:18,incident_stopped,2018-09-25_05-57-18_incident_stopped_ns-z1.jpg,nb,129957.3,-26.75233619,ns,z1,-1
S2C09,32.81017134,-83.72613824,s,9/25/2018,1,Tuesday,6:03:09,incident_stopped,2018-09-25_06-03-09_incident_stopped_fs-z3.jpg,nb,129963.15,-57.24864799,fs,z3,-1
N1C02,32.76990531,-83.71029631,n,9/25/2018,1,Tuesday,6:14:51,incident_wrong-way,2018-09-25_06-14-51_incident_wrong-way_ns-z2.jpg,nb,129974.85,-71.78891913,ns,z2,-1
BIBB-CAM-024,32.8332442,-83.73284142,n,9/25/2018,1,Tuesday,7:41:13,incident_congestion,2018-09-25_07-41-13_incident_congestion_ns-z2.jpg,nb,130061.2167,-49.27056404,ns,z2,-1
N1C32,32.91549987,-83.79665373,n,9/25/2018,1,Tuesday,7:42:44,incident_stopped,2018-09-25_07-42-44_incident_stopped_ns-z3.jpg,nb,130062.7333,-15.72572861,ns,z3,-1
N1C01,32.76613511,-83.71030216,n,9/25/2018,1,Tuesday,8:03:31,incident_stopped,2018-09-25_08-03-31_incident_stopped_ns-z1.jpg,nb,130083.5167,-72.97440738,ns,z1,-1
N1C03,32.78071485,-83.71530658,n,9/25/2018,1,Tuesday,8:13:41,incident_stopped,2018-09-25_08-13-41_incident_stopped_ns-z1.jpg,nb,130093.6833,-67.78810628,ns,z1,-1
N2C01,32.76613511,-83.71030216,n,9/25/2018,1,Tuesday,8:28:35,incident_stopped,2018-09-25_08-28-35_incident_stopped_ns-z1.jpg,nb,130108.5833,-72.97440738,ns,z1,-1
N2C11,32.82699902,-83.73109564,n,9/25/2018,1,Tuesday,8:35:49,incident_stopped,2018-09-25_08-35-49_incident_stopped_ns-z1.jpg,nb,130115.8167,-51.41367576,ns,z1,-1
S2C12,32.82694969,-83.73158785,s,9/25/2018,1,Tuesday,8:35:52,incident_stopped,2018-09-25_08-35-52_incident_stopped_fs-z3.jpg,nb,130115.8667,-51.36261191,fs,z3,-1
BIBB-CAM-024,32.8332442,-83.73284142,n,9/25/2018,1,Tuesday,8:37:06,incident_stopped,2018-09-25_08-37-06_incident_stopped.jpg,nb,130117.1,-49.27056404,,,-1
N1C28,32.89668342,-83.78307091,n,9/25/2018,1,Tuesday,8:58:12,incident_stopped,2018-09-25_08-58-12_incident_stopped_ns-z3.jpg,nb,130138.2,-23.1910345,ns,z3,-1
